-159.563 -47.7188 
-157.435 -47.0825 
-155.307 -46.4462 
-152.116 -45.4919 
-148.925 -44.5375 
-147.861 -44.2194 
-146.797 -43.9013 
-145.734 -43.5831 
-144.67 -43.265 
-144.244 -43.1377 
-143.606 -42.9469 
-143.181 -42.8196 
-142.542 -42.6287 
-142.117 -42.5015 
-141.691 -42.3742 
-141.053 -42.1834 
-140.415 -41.9925 
-141.053 -42.1834 
-141.479 -42.3106 
-142.117 -42.5015 
-142.542 -42.6287 
-144.67 -43.265 
-146.797 -43.9013 
-148.925 -44.5375 
-151.052 -45.1737 
-153.18 -45.81 
-155.307 -46.4462 
-157.435 -47.0825 
-159.563 -47.7188 
-163.818 -48.9913 
-168.072 -50.2638 
-176.583 -52.8088 
-182.965 -54.7175 
-187.22 -55.99 
-191.475 -57.2625 
-197.858 -59.1713 
-204.24 -61.08 
-206.367 -61.7162 
-208.495 -62.3525 
-210.623 -62.9888 
-212.75 -63.625 
-212.112 -63.4341 
-211.686 -63.3069 
-211.261 -63.1796 
-210.623 -62.9888 
-208.495 -62.3525 
-206.367 -61.7162 
-204.24 -61.08 
-202.112 -60.4438 
-203.176 -60.7619 
-204.24 -61.08 
-205.304 -61.3981 
-206.367 -61.7162 
-206.58 -61.7799 
-206.793 -61.8435 
-206.58 -61.7799 
-206.367 -61.7162 
-205.516 -61.4618 
-204.027 -61.0164 
-203.176 -60.7619 
-202.112 -60.4438 
-203.389 -60.8255 
-203.602 -60.8891 
-203.602 -60.8891 
-204.24 -61.08 
-205.091 -61.3345 
-206.367 -61.7162 
-207.006 -61.9071 
-208.495 -62.3525 
-207.218 -61.9708 
-205.304 -61.3981 
-204.665 -61.2072 
-204.24 -61.08 
-204.453 -61.1436 
-204.665 -61.2072 
-204.453 -61.1436 
-204.24 -61.08 
-204.027 -61.0164 
-203.389 -60.8255 
-202.538 -60.571 
-202.112 -60.4438 
-199.985 -59.8075 
-198.708 -59.4258 
-194.028 -58.026 
-191.475 -57.2625 
-189.348 -56.6262 
-186.156 -55.6719 
-179.987 -53.8268 
-178.71 -53.445 
-174.455 -52.1725 
-170.2 -50.9 
-166.796 -49.882 
-161.69 -48.355 
-161.265 -48.2278 
-160.414 -47.9733 
-159.775 -47.7824 


-124.219 -37.5938 
-122.563 -37.0925 
-120.906 -36.5913 
-118.422 -35.8394 
-115.938 -35.0875 
-115.109 -34.8369 
-114.281 -34.5863 
-113.453 -34.3356 
-112.625 -34.085 
-112.294 -33.9848 
-111.797 -33.8344 
-111.466 -33.7341 
-110.969 -33.5838 
-110.637 -33.4835 
-110.306 -33.3833 
-109.809 -33.2329 
-109.313 -33.0825 
-109.809 -33.2329 
-110.141 -33.3331 
-110.637 -33.4835 
-110.969 -33.5838 
-112.625 -34.085 
-114.281 -34.5863 
-115.938 -35.0875 
-117.594 -35.5887 
-119.25 -36.09 
-120.906 -36.5913 
-122.563 -37.0925 
-124.219 -37.5938 
-127.531 -38.5963 
-130.844 -39.5988 
-137.469 -41.6038 
-142.438 -43.1075 
-145.75 -44.11 
-149.063 -45.1125 
-154.031 -46.6163 
-159 -48.12 
-160.656 -48.6212 
-162.313 -49.1225 
-163.969 -49.6238 
-165.625 -50.125 
-165.128 -49.9746 
-164.797 -49.8744 
-164.466 -49.7741 
-163.969 -49.6238 
-162.313 -49.1225 
-160.656 -48.6212 
-159 -48.12 
-157.344 -47.6187 
-158.172 -47.8694 
-159 -48.12 
-159.828 -48.3706 
-160.656 -48.6212 
-160.822 -48.6714 
-160.988 -48.7215 
-160.822 -48.6714 
-160.656 -48.6212 
-159.994 -48.4208 
-158.834 -48.0699 
-158.172 -47.8694 
-157.344 -47.6187 
-158.338 -47.9195 
-158.503 -47.9696 
-158.503 -47.9696 
-159 -48.12 
-159.663 -48.3205 
-160.656 -48.6212 
-161.153 -48.7716 
-162.313 -49.1225 
-161.319 -48.8218 
-159.828 -48.3706 
-159.331 -48.2203 
-159 -48.12 
-159.166 -48.1701 
-159.331 -48.2203 
-159.166 -48.1701 
-159 -48.12 
-158.834 -48.0699 
-158.338 -47.9195 
-157.675 -47.719 
-157.344 -47.6187 
-155.688 -47.1175 
-154.694 -46.8167 
-151.05 -45.714 
-149.063 -45.1125 
-147.406 -44.6113 
-144.922 -43.8594 
-140.119 -42.4058 
-139.125 -42.105 
-135.813 -41.1025 
-132.5 -40.1 
-129.85 -39.298 
-125.875 -38.095 
-125.544 -37.9948 
-124.881 -37.7942 
-124.384 -37.6439 


0.95625 0.271875 
0.9435 0.26825 
0.93075 0.264625 
0.911625 0.259188 
0.8925 0.25375 
0.886125 0.251937 
0.87975 0.250125 
0.873375 0.248312 
0.867 0.2465 
0.86445 0.245775 
0.860625 0.244687 
0.858075 0.243963 
0.85425 0.242875 
0.8517 0.24215 
0.84915 0.241425 
0.845325 0.240337 
0.8415 0.23925 
0.845325 0.240337 
0.847875 0.241062 
0.8517 0.24215 
0.85425 0.242875 
0.867 0.2465 
0.87975 0.250125 
0.8925 0.25375 
0.90525 0.257375 
0.918 0.261 
0.93075 0.264625 
0.9435 0.26825 
0.95625 0.271875 
0.98175 0.279125 
1.00725 0.286375 
1.05825 0.300875 
1.0965 0.31175 
1.122 0.319 
1.1475 0.32625 
1.18575 0.337125 
1.224 0.348 
1.23675 0.351625 
1.2495 0.35525 
1.26225 0.358875 
1.275 0.3625 
1.27118 0.361413 
1.26862 0.360687 
1.26608 0.359962 
1.26225 0.358875 
1.2495 0.35525 
1.23675 0.351625 
1.224 0.348 
1.21125 0.344375 
1.21763 0.346187 
1.224 0.348 
1.23038 0.349812 
1.23675 0.351625 
1.23803 0.351988 
1.2393 0.35235 
1.23803 0.351988 
1.23675 0.351625 
1.23165 0.350175 
1.22273 0.347637 
1.21763 0.346187 
1.21125 0.344375 
1.2189 0.34655 
1.22018 0.346913 
1.22018 0.346913 
1.224 0.348 
1.2291 0.34945 
1.23675 0.351625 
1.24058 0.352712 
1.2495 0.35525 
1.24185 0.353075 
1.23038 0.349812 
1.22655 0.348725 
1.224 0.348 
1.22527 0.348362 
1.22655 0.348725 
1.22527 0.348362 
1.224 0.348 
1.22273 0.347637 
1.2189 0.34655 
1.2138 0.3451 
1.21125 0.344375 
1.1985 0.34075 
1.19085 0.338575 
1.1628 0.3306 
1.1475 0.32625 
1.13475 0.322625 
1.11563 0.317187 
1.07865 0.306675 
1.071 0.3045 
1.0455 0.29725 
1.02 0.29 
0.9996 0.2842 
0.969 0.2755 
0.96645 0.274775 
0.96135 0.273325 
0.957525 0.272237 


2.25 1.125 
2.22 1.11 
2.19 1.095 
2.145 1.0725 
2.1 1.05 
2.085 1.0425 
2.07 1.035 
2.055 1.0275 
2.04 1.02 
2.034 1.017 
2.025 1.0125 
2.019 1.0095 
2.01 1.005 
2.004 1.002 
1.998 0.999 
1.989 0.9945 
1.98 0.99 
1.989 0.9945 
1.995 0.9975 
2.004 1.002 
2.01 1.005 
2.04 1.02 
2.07 1.035 
2.1 1.05 
2.13 1.065 
2.16 1.08 
2.19 1.095 
2.22 1.11 
2.25 1.125 
2.31 1.155 
2.37 1.185 
2.49 1.245 
2.58 1.29 
2.64 1.32 
2.7 1.35 
2.79 1.395 
2.88 1.44 
2.91 1.455 
2.94 1.47 
2.97 1.485 
3 1.5 
2.991 1.4955 
2.985 1.4925 
2.979 1.4895 
2.97 1.485 
2.94 1.47 
2.91 1.455 
2.88 1.44 
2.85 1.425 
2.865 1.4325 
2.88 1.44 
2.895 1.4475 
2.91 1.455 
2.913 1.4565 
2.916 1.458 
2.913 1.4565 
2.91 1.455 
2.898 1.449 
2.877 1.4385 
2.865 1.4325 
2.85 1.425 
2.868 1.434 
2.871 1.4355 
2.871 1.4355 
2.88 1.44 
2.892 1.446 
2.91 1.455 
2.919 1.4595 
2.94 1.47 
2.922 1.461 
2.895 1.4475 
2.886 1.443 
2.88 1.44 
2.883 1.4415 
2.886 1.443 
2.883 1.4415 
2.88 1.44 
2.877 1.4385 
2.868 1.434 
2.856 1.428 
2.85 1.425 
2.82 1.41 
2.802 1.401 
2.736 1.368 
2.7 1.35 
2.67 1.335 
2.625 1.3125 
2.538 1.269 
2.52 1.26 
2.46 1.23 
2.4 1.2 
2.352 1.176 
2.28 1.14 
2.274 1.137 
2.262 1.131 
2.253 1.1265 


2.64375 0.45 
2.6085 0.444 
2.57325 0.438 
2.52038 0.429 
2.4675 0.42 
2.44988 0.417 
2.43225 0.414 
2.41462 0.411 
2.397 0.408 
2.38995 0.4068 
2.37938 0.405 
2.37233 0.4038 
2.36175 0.402 
2.3547 0.4008 
2.34765 0.3996 
2.33708 0.3978 
2.3265 0.396 
2.33708 0.3978 
2.34413 0.399 
2.3547 0.4008 
2.36175 0.402 
2.397 0.408 
2.43225 0.414 
2.4675 0.42 
2.50275 0.426 
2.538 0.432 
2.57325 0.438 
2.6085 0.444 
2.64375 0.45 
2.71425 0.462 
2.78475 0.474 
2.92575 0.498 
3.0315 0.516 
3.102 0.528 
3.1725 0.54 
3.27825 0.558 
3.384 0.576 
3.41925 0.582 
3.4545 0.588 
3.48975 0.594 
3.525 0.6 
3.51443 0.5982 
3.50737 0.597 
3.50032 0.5958 
3.48975 0.594 
3.4545 0.588 
3.41925 0.582 
3.384 0.576 
3.34875 0.57 
3.36638 0.573 
3.384 0.576 
3.40163 0.579 
3.41925 0.582 
3.42278 0.5826 
3.4263 0.5832 
3.42278 0.5826 
3.41925 0.582 
3.40515 0.5796 
3.38047 0.5754 
3.36638 0.573 
3.34875 0.57 
3.3699 0.5736 
3.37343 0.5742 
3.37343 0.5742 
3.384 0.576 
3.3981 0.5784 
3.41925 0.582 
3.42983 0.5838 
3.4545 0.588 
3.43335 0.5844 
3.40163 0.579 
3.39105 0.5772 
3.384 0.576 
3.38752 0.5766 
3.39105 0.5772 
3.38752 0.5766 
3.384 0.576 
3.38047 0.5754 
3.3699 0.5736 
3.3558 0.5712 
3.34875 0.57 
3.3135 0.564 
3.29235 0.5604 
3.2148 0.5472 
3.1725 0.54 
3.13725 0.534 
3.08437 0.525 
2.98215 0.5076 
2.961 0.504 
2.8905 0.492 
2.82 0.48 
2.7636 0.4704 
2.679 0.456 
2.67195 0.4548 
2.65785 0.4524 
2.64727 0.4506 


2.03437 0.140625 
2.00725 0.13875 
1.98012 0.136875 
1.93944 0.134063 
1.89875 0.13125 
1.88519 0.130313 
1.87163 0.129375 
1.85806 0.128437 
1.8445 0.1275 
1.83908 0.127125 
1.83094 0.126562 
1.82551 0.126188 
1.81738 0.125625 
1.81195 0.12525 
1.80652 0.124875 
1.79839 0.124312 
1.79025 0.12375 
1.79839 0.124312 
1.80381 0.124688 
1.81195 0.12525 
1.81738 0.125625 
1.8445 0.1275 
1.87163 0.129375 
1.89875 0.13125 
1.92587 0.133125 
1.953 0.135 
1.98012 0.136875 
2.00725 0.13875 
2.03437 0.140625 
2.08863 0.144375 
2.14288 0.148125 
2.25137 0.155625 
2.33275 0.16125 
2.387 0.165 
2.44125 0.16875 
2.52263 0.174375 
2.604 0.18 
2.63112 0.181875 
2.65825 0.18375 
2.68538 0.185625 
2.7125 0.1875 
2.70436 0.186938 
2.69894 0.186562 
2.69351 0.186187 
2.68538 0.185625 
2.65825 0.18375 
2.63112 0.181875 
2.604 0.18 
2.57687 0.178125 
2.59044 0.179063 
2.604 0.18 
2.61756 0.180938 
2.63112 0.181875 
2.63384 0.182063 
2.63655 0.18225 
2.63384 0.182063 
2.63112 0.181875 
2.62027 0.181125 
2.60129 0.179812 
2.59044 0.179063 
2.57687 0.178125 
2.59315 0.17925 
2.59586 0.179438 
2.59586 0.179438 
2.604 0.18 
2.61485 0.18075 
2.63112 0.181875 
2.63926 0.182438 
2.65825 0.18375 
2.64198 0.182625 
2.61756 0.180938 
2.60942 0.180375 
2.604 0.18 
2.60671 0.180187 
2.60942 0.180375 
2.60671 0.180187 
2.604 0.18 
2.60129 0.179812 
2.59315 0.17925 
2.5823 0.1785 
2.57687 0.178125 
2.54975 0.17625 
2.53347 0.175125 
2.4738 0.171 
2.44125 0.16875 
2.41412 0.166875 
2.37344 0.164063 
2.29478 0.158625 
2.2785 0.1575 
2.22425 0.15375 
2.17 0.15 
2.1266 0.147 
2.0615 0.1425 
2.05607 0.142125 
2.04522 0.141375 
2.03709 0.140812 


6.225 0.35625 
6.142 0.3515 
6.059 0.34675 
5.9345 0.339625 
5.81 0.3325 
5.7685 0.330125 
5.727 0.32775 
5.6855 0.325375 
5.644 0.323 
5.6274 0.32205 
5.6025 0.320625 
5.5859 0.319675 
5.561 0.31825 
5.5444 0.3173 
5.5278 0.31635 
5.5029 0.314925 
5.478 0.3135 
5.5029 0.314925 
5.5195 0.315875 
5.5444 0.3173 
5.561 0.31825 
5.644 0.323 
5.727 0.32775 
5.81 0.3325 
5.893 0.33725 
5.976 0.342 
6.059 0.34675 
6.142 0.3515 
6.225 0.35625 
6.391 0.36575 
6.557 0.37525 
6.889 0.39425 
7.138 0.4085 
7.304 0.418 
7.47 0.4275 
7.719 0.44175 
7.968 0.456 
8.051 0.46075 
8.134 0.4655 
8.217 0.47025 
8.3 0.475 
8.2751 0.473575 
8.2585 0.472625 
8.2419 0.471675 
8.217 0.47025 
8.134 0.4655 
8.051 0.46075 
7.968 0.456 
7.885 0.45125 
7.9265 0.453625 
7.968 0.456 
8.0095 0.458375 
8.051 0.46075 
8.0593 0.461225 
8.0676 0.4617 
8.0593 0.461225 
8.051 0.46075 
8.0178 0.45885 
7.9597 0.455525 
7.9265 0.453625 
7.885 0.45125 
7.9348 0.4541 
7.9431 0.454575 
7.9431 0.454575 
7.968 0.456 
8.0012 0.4579 
8.051 0.46075 
8.0759 0.462175 
8.134 0.4655 
8.0842 0.46265 
8.0095 0.458375 
7.9846 0.45695 
7.968 0.456 
7.9763 0.456475 
7.9846 0.45695 
7.9763 0.456475 
7.968 0.456 
7.9597 0.455525 
7.9348 0.4541 
7.9016 0.4522 
7.885 0.45125 
7.802 0.4465 
7.7522 0.44365 
7.5696 0.4332 
7.47 0.4275 
7.387 0.42275 
7.2625 0.415625 
7.0218 0.40185 
6.972 0.399 
6.806 0.3895 
6.64 0.38 
6.5072 0.3724 
6.308 0.361 
6.2914 0.36005 
6.2582 0.35815 
6.2333 0.356725 


1.275 0.25125 
1.258 0.2479 
1.241 0.24455 
1.2155 0.239525 
1.19 0.2345 
1.1815 0.232825 
1.173 0.23115 
1.1645 0.229475 
1.156 0.2278 
1.1526 0.22713 
1.1475 0.226125 
1.1441 0.225455 
1.139 0.22445 
1.1356 0.22378 
1.1322 0.22311 
1.1271 0.222105 
1.122 0.2211 
1.1271 0.222105 
1.1305 0.222775 
1.1356 0.22378 
1.139 0.22445 
1.156 0.2278 
1.173 0.23115 
1.19 0.2345 
1.207 0.23785 
1.224 0.2412 
1.241 0.24455 
1.258 0.2479 
1.275 0.25125 
1.309 0.25795 
1.343 0.26465 
1.411 0.27805 
1.462 0.2881 
1.496 0.2948 
1.53 0.3015 
1.581 0.31155 
1.632 0.3216 
1.649 0.32495 
1.666 0.3283 
1.683 0.33165 
1.7 0.335 
1.6949 0.333995 
1.6915 0.333325 
1.6881 0.332655 
1.683 0.33165 
1.666 0.3283 
1.649 0.32495 
1.632 0.3216 
1.615 0.31825 
1.6235 0.319925 
1.632 0.3216 
1.6405 0.323275 
1.649 0.32495 
1.6507 0.325285 
1.6524 0.32562 
1.6507 0.325285 
1.649 0.32495 
1.6422 0.32361 
1.6303 0.321265 
1.6235 0.319925 
1.615 0.31825 
1.6252 0.32026 
1.6269 0.320595 
1.6269 0.320595 
1.632 0.3216 
1.6388 0.32294 
1.649 0.32495 
1.6541 0.325955 
1.666 0.3283 
1.6558 0.32629 
1.6405 0.323275 
1.6354 0.32227 
1.632 0.3216 
1.6337 0.321935 
1.6354 0.32227 
1.6337 0.321935 
1.632 0.3216 
1.6303 0.321265 
1.6252 0.32026 
1.6184 0.31892 
1.615 0.31825 
1.598 0.3149 
1.5878 0.31289 
1.5504 0.30552 
1.53 0.3015 
1.513 0.29815 
1.4875 0.293125 
1.4382 0.28341 
1.428 0.2814 
1.394 0.2747 
1.36 0.268 
1.3328 0.26264 
1.292 0.2546 
1.2886 0.25393 
1.2818 0.25259 
1.2767 0.251585 


1.73438 0.35625 
1.71125 0.3515 
1.68813 0.34675 
1.65344 0.339625 
1.61875 0.3325 
1.60719 0.330125 
1.59563 0.32775 
1.58406 0.325375 
1.5725 0.323 
1.56788 0.32205 
1.56094 0.320625 
1.55631 0.319675 
1.54938 0.31825 
1.54475 0.3173 
1.54013 0.31635 
1.53319 0.314925 
1.52625 0.3135 
1.53319 0.314925 
1.53781 0.315875 
1.54475 0.3173 
1.54938 0.31825 
1.5725 0.323 
1.59563 0.32775 
1.61875 0.3325 
1.64188 0.33725 
1.665 0.342 
1.68813 0.34675 
1.71125 0.3515 
1.73438 0.35625 
1.78063 0.36575 
1.82688 0.37525 
1.91938 0.39425 
1.98875 0.4085 
2.035 0.418 
2.08125 0.4275 
2.15063 0.44175 
2.22 0.456 
2.24313 0.46075 
2.26625 0.4655 
2.28938 0.47025 
2.3125 0.475 
2.30556 0.473575 
2.30094 0.472625 
2.29631 0.471675 
2.28938 0.47025 
2.26625 0.4655 
2.24313 0.46075 
2.22 0.456 
2.19687 0.45125 
2.20844 0.453625 
2.22 0.456 
2.23156 0.458375 
2.24313 0.46075 
2.24544 0.461225 
2.24775 0.4617 
2.24544 0.461225 
2.24313 0.46075 
2.23388 0.45885 
2.21769 0.455525 
2.20844 0.453625 
2.19687 0.45125 
2.21075 0.4541 
2.21306 0.454575 
2.21306 0.454575 
2.22 0.456 
2.22925 0.4579 
2.24313 0.46075 
2.25006 0.462175 
2.26625 0.4655 
2.25238 0.46265 
2.23156 0.458375 
2.22463 0.45695 
2.22 0.456 
2.22231 0.456475 
2.22463 0.45695 
2.22231 0.456475 
2.22 0.456 
2.21769 0.455525 
2.21075 0.4541 
2.2015 0.4522 
2.19687 0.45125 
2.17375 0.4465 
2.15988 0.44365 
2.109 0.4332 
2.08125 0.4275 
2.05813 0.42275 
2.02344 0.415625 
1.95638 0.40185 
1.9425 0.399 
1.89625 0.3895 
1.85 0.38 
1.813 0.3724 
1.7575 0.361 
1.75288 0.36005 
1.74363 0.35815 
1.73669 0.356725 


5.55937 1.43438 
5.48525 1.41525 
5.41112 1.39613 
5.29994 1.36744 
5.18875 1.33875 
5.15169 1.32919 
5.11463 1.31963 
5.07756 1.31006 
5.0405 1.3005 
5.02567 1.29668 
5.00344 1.29094 
4.98861 1.28711 
4.96638 1.28138 
4.95155 1.27755 
4.93673 1.27373 
4.91449 1.26799 
4.89225 1.26225 
4.91449 1.26799 
4.92931 1.27181 
4.95155 1.27755 
4.96638 1.28138 
5.0405 1.3005 
5.11463 1.31963 
5.18875 1.33875 
5.26287 1.35787 
5.337 1.377 
5.41112 1.39613 
5.48525 1.41525 
5.55937 1.43438 
5.70763 1.47263 
5.85588 1.51088 
6.15238 1.58738 
6.37475 1.64475 
6.523 1.683 
6.67125 1.72125 
6.89363 1.77863 
7.116 1.836 
7.19012 1.85512 
7.26425 1.87425 
7.33838 1.89338 
7.4125 1.9125 
7.39026 1.90676 
7.37544 1.90294 
7.36061 1.89911 
7.33838 1.89338 
7.26425 1.87425 
7.19012 1.85512 
7.116 1.836 
7.04187 1.81688 
7.07894 1.82644 
7.116 1.836 
7.15306 1.84556 
7.19012 1.85512 
7.19754 1.85704 
7.20495 1.85895 
7.19754 1.85704 
7.19012 1.85512 
7.16047 1.84748 
7.10859 1.83409 
7.07894 1.82644 
7.04187 1.81688 
7.08635 1.82835 
7.09376 1.83026 
7.09376 1.83026 
7.116 1.836 
7.14565 1.84365 
7.19012 1.85512 
7.21236 1.86086 
7.26425 1.87425 
7.21977 1.86278 
7.15306 1.84556 
7.13082 1.83982 
7.116 1.836 
7.12341 1.83791 
7.13082 1.83982 
7.12341 1.83791 
7.116 1.836 
7.10859 1.83409 
7.08635 1.82835 
7.0567 1.8207 
7.04187 1.81688 
6.96775 1.79775 
6.92327 1.78628 
6.7602 1.7442 
6.67125 1.72125 
6.59713 1.70213 
6.48594 1.67344 
6.27098 1.61798 
6.2265 1.6065 
6.07825 1.56825 
5.93 1.53 
5.8114 1.4994 
5.6335 1.4535 
5.61867 1.44968 
5.58902 1.44203 
5.56679 1.43629 


2.475 0.609375 
2.442 0.60125 
2.409 0.593125 
2.3595 0.580938 
2.31 0.56875 
2.2935 0.564688 
2.277 0.560625 
2.2605 0.556562 
2.244 0.5525 
2.2374 0.550875 
2.2275 0.548438 
2.2209 0.546813 
2.211 0.544375 
2.2044 0.54275 
2.1978 0.541125 
2.1879 0.538687 
2.178 0.53625 
2.1879 0.538687 
2.1945 0.540313 
2.2044 0.54275 
2.211 0.544375 
2.244 0.5525 
2.277 0.560625 
2.31 0.56875 
2.343 0.576875 
2.376 0.585 
2.409 0.593125 
2.442 0.60125 
2.475 0.609375 
2.541 0.625625 
2.607 0.641875 
2.739 0.674375 
2.838 0.69875 
2.904 0.715 
2.97 0.73125 
3.069 0.755625 
3.168 0.78 
3.201 0.788125 
3.234 0.79625 
3.267 0.804375 
3.3 0.8125 
3.2901 0.810063 
3.2835 0.808437 
3.2769 0.806813 
3.267 0.804375 
3.234 0.79625 
3.201 0.788125 
3.168 0.78 
3.135 0.771875 
3.1515 0.775938 
3.168 0.78 
3.1845 0.784063 
3.201 0.788125 
3.2043 0.788938 
3.2076 0.78975 
3.2043 0.788938 
3.201 0.788125 
3.1878 0.784875 
3.1647 0.779188 
3.1515 0.775938 
3.135 0.771875 
3.1548 0.77675 
3.1581 0.777563 
3.1581 0.777563 
3.168 0.78 
3.1812 0.78325 
3.201 0.788125 
3.2109 0.790563 
3.234 0.79625 
3.2142 0.791375 
3.1845 0.784063 
3.1746 0.781625 
3.168 0.78 
3.1713 0.780813 
3.1746 0.781625 
3.1713 0.780813 
3.168 0.78 
3.1647 0.779188 
3.1548 0.77675 
3.1416 0.7735 
3.135 0.771875 
3.102 0.76375 
3.0822 0.758875 
3.0096 0.741 
2.97 0.73125 
2.937 0.723125 
2.8875 0.710938 
2.7918 0.687375 
2.772 0.6825 
2.706 0.66625 
2.64 0.65 
2.5872 0.637 
2.508 0.6175 
2.5014 0.615875 
2.4882 0.612625 
2.4783 0.610187 


4.51875 -0.0375 
4.4585 -0.037 
4.39825 -0.0365 
4.30788 -0.03575 
4.2175 -0.035 
4.18738 -0.03475 
4.15725 -0.0345 
4.12713 -0.03425 
4.097 -0.034 
4.08495 -0.0339 
4.06688 -0.03375 
4.05483 -0.03365 
4.03675 -0.0335 
4.0247 -0.0334 
4.01265 -0.0333 
3.99458 -0.03315 
3.9765 -0.033 
3.99458 -0.03315 
4.00663 -0.03325 
4.0247 -0.0334 
4.03675 -0.0335 
4.097 -0.034 
4.15725 -0.0345 
4.2175 -0.035 
4.27775 -0.0355 
4.338 -0.036 
4.39825 -0.0365 
4.4585 -0.037 
4.51875 -0.0375 
4.63925 -0.0385 
4.75975 -0.0395 
5.00075 -0.0415 
5.1815 -0.043 
5.302 -0.044 
5.4225 -0.045 
5.60325 -0.0465 
5.784 -0.048 
5.84425 -0.0485 
5.9045 -0.049 
5.96475 -0.0495 
6.025 -0.05 
6.00693 -0.04985 
5.99487 -0.04975 
5.98283 -0.04965 
5.96475 -0.0495 
5.9045 -0.049 
5.84425 -0.0485 
5.784 -0.048 
5.72375 -0.0475 
5.75388 -0.04775 
5.784 -0.048 
5.81413 -0.04825 
5.84425 -0.0485 
5.85028 -0.04855 
5.8563 -0.0486 
5.85028 -0.04855 
5.84425 -0.0485 
5.82015 -0.0483 
5.77798 -0.04795 
5.75388 -0.04775 
5.72375 -0.0475 
5.7599 -0.0478 
5.76593 -0.04785 
5.76593 -0.04785 
5.784 -0.048 
5.8081 -0.0482 
5.84425 -0.0485 
5.86233 -0.04865 
5.9045 -0.049 
5.86835 -0.0487 
5.81413 -0.04825 
5.79605 -0.0481 
5.784 -0.048 
5.79003 -0.04805 
5.79605 -0.0481 
5.79003 -0.04805 
5.784 -0.048 
5.77798 -0.04795 
5.7599 -0.0478 
5.7358 -0.0476 
5.72375 -0.0475 
5.6635 -0.047 
5.62735 -0.0467 
5.4948 -0.0456 
5.4225 -0.045 
5.36225 -0.0445 
5.27188 -0.04375 
5.09715 -0.0423 
5.061 -0.042 
4.9405 -0.041 
4.82 -0.04 
4.7236 -0.0392 
4.579 -0.038 
4.56695 -0.0379 
4.54285 -0.0377 
4.52478 -0.03755 


21.4688 2.01563 
21.1825 1.98875 
20.8962 1.96187 
20.4669 1.92156 
20.0375 1.88125 
19.8944 1.86781 
19.7512 1.85438 
19.6081 1.84094 
19.465 1.8275 
19.4078 1.82213 
19.3219 1.81406 
19.2646 1.80869 
19.1788 1.80062 
19.1215 1.79525 
19.0642 1.78987 
18.9784 1.78181 
18.8925 1.77375 
18.9784 1.78181 
19.0356 1.78719 
19.1215 1.79525 
19.1788 1.80062 
19.465 1.8275 
19.7512 1.85438 
20.0375 1.88125 
20.3237 1.90812 
20.61 1.935 
20.8962 1.96187 
21.1825 1.98875 
21.4688 2.01563 
22.0412 2.06938 
22.6138 2.12312 
23.7587 2.23063 
24.6175 2.31125 
25.19 2.365 
25.7625 2.41875 
26.6213 2.49938 
27.48 2.58 
27.7662 2.60687 
28.0525 2.63375 
28.3388 2.66063 
28.625 2.6875 
28.5391 2.67944 
28.4819 2.67406 
28.4246 2.66869 
28.3388 2.66063 
28.0525 2.63375 
27.7662 2.60687 
27.48 2.58 
27.1937 2.55313 
27.3369 2.56656 
27.48 2.58 
27.6231 2.59344 
27.7662 2.60687 
27.7949 2.60956 
27.8235 2.61225 
27.7949 2.60956 
27.7662 2.60687 
27.6518 2.59612 
27.4514 2.57731 
27.3369 2.56656 
27.1937 2.55313 
27.3655 2.56925 
27.3941 2.57194 
27.3941 2.57194 
27.48 2.58 
27.5945 2.59075 
27.7662 2.60687 
27.8521 2.61494 
28.0525 2.63375 
27.8807 2.61762 
27.6231 2.59344 
27.5372 2.58537 
27.48 2.58 
27.5086 2.58269 
27.5372 2.58537 
27.5086 2.58269 
27.48 2.58 
27.4514 2.57731 
27.3655 2.56925 
27.251 2.5585 
27.1937 2.55313 
26.9075 2.52625 
26.7357 2.51012 
26.106 2.451 
25.7625 2.41875 
25.4763 2.39188 
25.0469 2.35156 
24.2168 2.27363 
24.045 2.2575 
23.4725 2.20375 
22.9 2.15 
22.442 2.107 
21.755 2.0425 
21.6977 2.03713 
21.5833 2.02637 
21.4974 2.01831 


27.7969 7.03125 
27.4263 6.9375 
27.0556 6.84375 
26.4997 6.70313 
25.9437 6.5625 
25.7584 6.51563 
25.5731 6.46875 
25.3878 6.42188 
25.2025 6.375 
25.1284 6.35625 
25.0172 6.32813 
24.9431 6.30938 
24.8319 6.28125 
24.7577 6.2625 
24.6836 6.24375 
24.5724 6.21563 
24.4612 6.1875 
24.5724 6.21563 
24.6466 6.23438 
24.7577 6.2625 
24.8319 6.28125 
25.2025 6.375 
25.5731 6.46875 
25.9437 6.5625 
26.3144 6.65625 
26.685 6.75 
27.0556 6.84375 
27.4263 6.9375 
27.7969 7.03125 
28.5381 7.21875 
29.2794 7.40625 
30.7619 7.78125 
31.8737 8.0625 
32.615 8.25 
33.3562 8.4375 
34.4681 8.71875 
35.58 9 
35.9506 9.09375 
36.3212 9.1875 
36.6919 9.28125 
37.0625 9.375 
36.9513 9.34688 
36.8772 9.32813 
36.8031 9.30937 
36.6919 9.28125 
36.3212 9.1875 
35.9506 9.09375 
35.58 9 
35.2094 8.90625 
35.3947 8.95313 
35.58 9 
35.7653 9.04688 
35.9506 9.09375 
35.9877 9.10313 
36.0247 9.1125 
35.9877 9.10313 
35.9506 9.09375 
35.8024 9.05625 
35.5429 8.99062 
35.3947 8.95313 
35.2094 8.90625 
35.4318 8.9625 
35.4688 8.97188 
35.4688 8.97188 
35.58 9 
35.7283 9.0375 
35.9506 9.09375 
36.0618 9.12188 
36.3212 9.1875 
36.0989 9.13125 
35.7653 9.04688 
35.6541 9.01875 
35.58 9 
35.6171 9.00937 
35.6541 9.01875 
35.6171 9.00937 
35.58 9 
35.5429 8.99062 
35.4318 8.9625 
35.2835 8.925 
35.2094 8.90625 
34.8387 8.8125 
34.6164 8.75625 
33.801 8.55 
33.3562 8.4375 
32.9856 8.34375 
32.4297 8.20313 
31.3549 7.93125 
31.1325 7.875 
30.3912 7.6875 
29.65 7.5 
29.057 7.35 
28.1675 7.125 
28.0934 7.10625 
27.9451 7.06875 
27.8339 7.04062 


0.9375 0.9375 
0.925 0.925 
0.9125 0.9125 
0.89375 0.89375 
0.875 0.875 
0.86875 0.86875 
0.8625 0.8625 
0.85625 0.85625 
0.85 0.85 
0.8475 0.8475 
0.84375 0.84375 
0.84125 0.84125 
0.8375 0.8375 
0.835 0.835 
0.8325 0.8325 
0.82875 0.82875 
0.825 0.825 
0.82875 0.82875 
0.83125 0.83125 
0.835 0.835 
0.8375 0.8375 
0.85 0.85 
0.8625 0.8625 
0.875 0.875 
0.8875 0.8875 
0.9 0.9 
0.9125 0.9125 
0.925 0.925 
0.9375 0.9375 
0.9625 0.9625 
0.9875 0.9875 
1.0375 1.0375 
1.075 1.075 
1.1 1.1 
1.125 1.125 
1.1625 1.1625 
1.2 1.2 
1.2125 1.2125 
1.225 1.225 
1.2375 1.2375 
1.25 1.25 
1.24625 1.24625 
1.24375 1.24375 
1.24125 1.24125 
1.2375 1.2375 
1.225 1.225 
1.2125 1.2125 
1.2 1.2 
1.1875 1.1875 
1.19375 1.19375 
1.2 1.2 
1.20625 1.20625 
1.2125 1.2125 
1.21375 1.21375 
1.215 1.215 
1.21375 1.21375 
1.2125 1.2125 
1.2075 1.2075 
1.19875 1.19875 
1.19375 1.19375 
1.1875 1.1875 
1.195 1.195 
1.19625 1.19625 
1.19625 1.19625 
1.2 1.2 
1.205 1.205 
1.2125 1.2125 
1.21625 1.21625 
1.225 1.225 
1.2175 1.2175 
1.20625 1.20625 
1.2025 1.2025 
1.2 1.2 
1.20125 1.20125 
1.2025 1.2025 
1.20125 1.20125 
1.2 1.2 
1.19875 1.19875 
1.195 1.195 
1.19 1.19 
1.1875 1.1875 
1.175 1.175 
1.1675 1.1675 
1.14 1.14 
1.125 1.125 
1.1125 1.1125 
1.09375 1.09375 
1.0575 1.0575 
1.05 1.05 
1.025 1.025 
1 1 
0.98 0.98 
0.95 0.95 
0.9475 0.9475 
0.9425 0.9425 
0.93875 0.93875 


8.63438 1.47188 
8.51925 1.45225 
8.40413 1.43263 
8.23144 1.40319 
8.05875 1.37375 
8.00119 1.36394 
7.94363 1.35413 
7.88606 1.34431 
7.8285 1.3345 
7.80548 1.33058 
7.77094 1.32469 
7.74791 1.32076 
7.71338 1.31488 
7.69035 1.31095 
7.66733 1.30703 
7.63279 1.30114 
7.59825 1.29525 
7.63279 1.30114 
7.65581 1.30506 
7.69035 1.31095 
7.71338 1.31488 
7.8285 1.3345 
7.94363 1.35413 
8.05875 1.37375 
8.17388 1.39338 
8.289 1.413 
8.40413 1.43263 
8.51925 1.45225 
8.63438 1.47188 
8.86463 1.51113 
9.09488 1.55038 
9.55538 1.62888 
9.90075 1.68775 
10.131 1.727 
10.3613 1.76625 
10.7066 1.82513 
11.052 1.884 
11.1671 1.90362 
11.2823 1.92325 
11.3974 1.94288 
11.5125 1.9625 
11.478 1.95661 
11.4549 1.95269 
11.4319 1.94876 
11.3974 1.94288 
11.2823 1.92325 
11.1671 1.90362 
11.052 1.884 
10.9369 1.86438 
10.9944 1.87419 
11.052 1.884 
11.1096 1.89381 
11.1671 1.90362 
11.1786 1.90559 
11.1902 1.90755 
11.1786 1.90559 
11.1671 1.90362 
11.1211 1.89578 
11.0405 1.88204 
10.9944 1.87419 
10.9369 1.86438 
11.006 1.87615 
11.0175 1.87811 
11.0175 1.87811 
11.052 1.884 
11.0981 1.89185 
11.1671 1.90362 
11.2017 1.90951 
11.2823 1.92325 
11.2132 1.91148 
11.1096 1.89381 
11.075 1.88792 
11.052 1.884 
11.0635 1.88596 
11.075 1.88792 
11.0635 1.88596 
11.052 1.884 
11.0405 1.88204 
11.006 1.87615 
10.9599 1.8683 
10.9369 1.86438 
10.8218 1.84475 
10.7527 1.83298 
10.4994 1.7898 
10.3613 1.76625 
10.2461 1.74663 
10.0734 1.71719 
9.73958 1.66028 
9.6705 1.6485 
9.44025 1.60925 
9.21 1.57 
9.0258 1.5386 
8.7495 1.4915 
8.72648 1.48758 
8.68043 1.47973 
8.64589 1.47384 


0.9375 0.9375 
0.925 0.925 
0.9125 0.9125 
0.89375 0.89375 
0.875 0.875 
0.86875 0.86875 
0.8625 0.8625 
0.85625 0.85625 
0.85 0.85 
0.8475 0.8475 
0.84375 0.84375 
0.84125 0.84125 
0.8375 0.8375 
0.835 0.835 
0.8325 0.8325 
0.82875 0.82875 
0.825 0.825 
0.82875 0.82875 
0.83125 0.83125 
0.835 0.835 
0.8375 0.8375 
0.85 0.85 
0.8625 0.8625 
0.875 0.875 
0.8875 0.8875 
0.9 0.9 
0.9125 0.9125 
0.925 0.925 
0.9375 0.9375 
0.9625 0.9625 
0.9875 0.9875 
1.0375 1.0375 
1.075 1.075 
1.1 1.1 
1.125 1.125 
1.1625 1.1625 
1.2 1.2 
1.2125 1.2125 
1.225 1.225 
1.2375 1.2375 
1.25 1.25 
1.24625 1.24625 
1.24375 1.24375 
1.24125 1.24125 
1.2375 1.2375 
1.225 1.225 
1.2125 1.2125 
1.2 1.2 
1.1875 1.1875 
1.19375 1.19375 
1.2 1.2 
1.20625 1.20625 
1.2125 1.2125 
1.21375 1.21375 
1.215 1.215 
1.21375 1.21375 
1.2125 1.2125 
1.2075 1.2075 
1.19875 1.19875 
1.19375 1.19375 
1.1875 1.1875 
1.195 1.195 
1.19625 1.19625 
1.19625 1.19625 
1.2 1.2 
1.205 1.205 
1.2125 1.2125 
1.21625 1.21625 
1.225 1.225 
1.2175 1.2175 
1.20625 1.20625 
1.2025 1.2025 
1.2 1.2 
1.20125 1.20125 
1.2025 1.2025 
1.20125 1.20125 
1.2 1.2 
1.19875 1.19875 
1.195 1.195 
1.19 1.19 
1.1875 1.1875 
1.175 1.175 
1.1675 1.1675 
1.14 1.14 
1.125 1.125 
1.1125 1.1125 
1.09375 1.09375 
1.0575 1.0575 
1.05 1.05 
1.025 1.025 
1 1 
0.98 0.98 
0.95 0.95 
0.9475 0.9475 
0.9425 0.9425 
0.93875 0.93875 


21.4688 2.01563 
21.1825 1.98875 
20.8962 1.96187 
20.4669 1.92156 
20.0375 1.88125 
19.8944 1.86781 
19.7512 1.85438 
19.6081 1.84094 
19.465 1.8275 
19.4078 1.82213 
19.3219 1.81406 
19.2646 1.80869 
19.1788 1.80062 
19.1215 1.79525 
19.0642 1.78987 
18.9784 1.78181 
18.8925 1.77375 
18.9784 1.78181 
19.0356 1.78719 
19.1215 1.79525 
19.1788 1.80062 
19.465 1.8275 
19.7512 1.85438 
20.0375 1.88125 
20.3237 1.90812 
20.61 1.935 
20.8962 1.96187 
21.1825 1.98875 
21.4688 2.01563 
22.0412 2.06938 
22.6138 2.12312 
23.7587 2.23063 
24.6175 2.31125 
25.19 2.365 
25.7625 2.41875 
26.6213 2.49938 
27.48 2.58 
27.7662 2.60687 
28.0525 2.63375 
28.3388 2.66063 
28.625 2.6875 
28.5391 2.67944 
28.4819 2.67406 
28.4246 2.66869 
28.3388 2.66063 
28.0525 2.63375 
27.7662 2.60687 
27.48 2.58 
27.1937 2.55313 
27.3369 2.56656 
27.48 2.58 
27.6231 2.59344 
27.7662 2.60687 
27.7949 2.60956 
27.8235 2.61225 
27.7949 2.60956 
27.7662 2.60687 
27.6518 2.59612 
27.4514 2.57731 
27.3369 2.56656 
27.1937 2.55313 
27.3655 2.56925 
27.3941 2.57194 
27.3941 2.57194 
27.48 2.58 
27.5945 2.59075 
27.7662 2.60687 
27.8521 2.61494 
28.0525 2.63375 
27.8807 2.61762 
27.6231 2.59344 
27.5372 2.58537 
27.48 2.58 
27.5086 2.58269 
27.5372 2.58537 
27.5086 2.58269 
27.48 2.58 
27.4514 2.57731 
27.3655 2.56925 
27.251 2.5585 
27.1937 2.55313 
26.9075 2.52625 
26.7357 2.51012 
26.106 2.451 
25.7625 2.41875 
25.4763 2.39188 
25.0469 2.35156 
24.2168 2.27363 
24.045 2.2575 
23.4725 2.20375 
22.9 2.15 
22.442 2.107 
21.755 2.0425 
21.6977 2.03713 
21.5833 2.02637 
21.4974 2.01831 


10.1719 2.10938 
10.0363 2.08125 
9.90062 2.05313 
9.69719 2.01094 
9.49375 1.96875 
9.42594 1.95469 
9.35812 1.94063 
9.29031 1.92656 
9.2225 1.9125 
9.19538 1.90688 
9.15469 1.89844 
9.12756 1.89281 
9.08687 1.88438 
9.05975 1.87875 
9.03262 1.87312 
8.99194 1.86469 
8.95125 1.85625 
8.99194 1.86469 
9.01906 1.87031 
9.05975 1.87875 
9.08687 1.88438 
9.2225 1.9125 
9.35812 1.94063 
9.49375 1.96875 
9.62937 1.99688 
9.765 2.025 
9.90062 2.05313 
10.0363 2.08125 
10.1719 2.10938 
10.4431 2.16562 
10.7144 2.22188 
11.2569 2.33438 
11.6637 2.41875 
11.935 2.475 
12.2062 2.53125 
12.6131 2.61563 
13.02 2.7 
13.1556 2.72812 
13.2913 2.75625 
13.4269 2.78438 
13.5625 2.8125 
13.5218 2.80406 
13.4947 2.79844 
13.4676 2.79281 
13.4269 2.78438 
13.2913 2.75625 
13.1556 2.72812 
13.02 2.7 
12.8844 2.67188 
12.9522 2.68594 
13.02 2.7 
13.0878 2.71406 
13.1556 2.72812 
13.1692 2.73094 
13.1828 2.73375 
13.1692 2.73094 
13.1556 2.72812 
13.1014 2.71687 
13.0064 2.69719 
12.9522 2.68594 
12.8844 2.67188 
12.9658 2.68875 
12.9793 2.69156 
12.9793 2.69156 
13.02 2.7 
13.0743 2.71125 
13.1556 2.72812 
13.1963 2.73656 
13.2913 2.75625 
13.2099 2.73937 
13.0878 2.71406 
13.0471 2.70562 
13.02 2.7 
13.0336 2.70281 
13.0471 2.70562 
13.0336 2.70281 
13.02 2.7 
13.0064 2.69719 
12.9658 2.68875 
12.9115 2.6775 
12.8844 2.67188 
12.7487 2.64375 
12.6674 2.62688 
12.369 2.565 
12.2062 2.53125 
12.0706 2.50313 
11.8672 2.46094 
11.4739 2.37938 
11.3925 2.3625 
11.1212 2.30625 
10.85 2.25 
10.633 2.205 
10.3075 2.1375 
10.2804 2.13188 
10.2261 2.12063 
10.1854 2.11219 


10.1719 2.10938 
10.0363 2.08125 
9.90062 2.05313 
9.69719 2.01094 
9.49375 1.96875 
9.42594 1.95469 
9.35812 1.94063 
9.29031 1.92656 
9.2225 1.9125 
9.19538 1.90688 
9.15469 1.89844 
9.12756 1.89281 
9.08687 1.88438 
9.05975 1.87875 
9.03262 1.87312 
8.99194 1.86469 
8.95125 1.85625 
8.99194 1.86469 
9.01906 1.87031 
9.05975 1.87875 
9.08687 1.88438 
9.2225 1.9125 
9.35812 1.94063 
9.49375 1.96875 
9.62937 1.99688 
9.765 2.025 
9.90062 2.05313 
10.0363 2.08125 
10.1719 2.10938 
10.4431 2.16562 
10.7144 2.22188 
11.2569 2.33438 
11.6637 2.41875 
11.935 2.475 
12.2062 2.53125 
12.6131 2.61563 
13.02 2.7 
13.1556 2.72812 
13.2913 2.75625 
13.4269 2.78438 
13.5625 2.8125 
13.5218 2.80406 
13.4947 2.79844 
13.4676 2.79281 
13.4269 2.78438 
13.2913 2.75625 
13.1556 2.72812 
13.02 2.7 
12.8844 2.67188 
12.9522 2.68594 
13.02 2.7 
13.0878 2.71406 
13.1556 2.72812 
13.1692 2.73094 
13.1828 2.73375 
13.1692 2.73094 
13.1556 2.72812 
13.1014 2.71687 
13.0064 2.69719 
12.9522 2.68594 
12.8844 2.67188 
12.9658 2.68875 
12.9793 2.69156 
12.9793 2.69156 
13.02 2.7 
13.0743 2.71125 
13.1556 2.72812 
13.1963 2.73656 
13.2913 2.75625 
13.2099 2.73937 
13.0878 2.71406 
13.0471 2.70562 
13.02 2.7 
13.0336 2.70281 
13.0471 2.70562 
13.0336 2.70281 
13.02 2.7 
13.0064 2.69719 
12.9658 2.68875 
12.9115 2.6775 
12.8844 2.67188 
12.7487 2.64375 
12.6674 2.62688 
12.369 2.565 
12.2062 2.53125 
12.0706 2.50313 
11.8672 2.46094 
11.4739 2.37938 
11.3925 2.3625 
11.1212 2.30625 
10.85 2.25 
10.633 2.205 
10.3075 2.1375 
10.2804 2.13188 
10.2261 2.12063 
10.1854 2.11219 


22.5 11.25 
22.2 11.1 
21.9 10.95 
21.45 10.725 
21 10.5 
20.85 10.425 
20.7 10.35 
20.55 10.275 
20.4 10.2 
20.34 10.17 
20.25 10.125 
20.19 10.095 
20.1 10.05 
20.04 10.02 
19.98 9.99 
19.89 9.945 
19.8 9.9 
19.89 9.945 
19.95 9.975 
20.04 10.02 
20.1 10.05 
20.4 10.2 
20.7 10.35 
21 10.5 
21.3 10.65 
21.6 10.8 
21.9 10.95 
22.2 11.1 
22.5 11.25 
23.1 11.55 
23.7 11.85 
24.9 12.45 
25.8 12.9 
26.4 13.2 
27 13.5 
27.9 13.95 
28.8 14.4 
29.1 14.55 
29.4 14.7 
29.7 14.85 
30 15 
29.91 14.955 
29.85 14.925 
29.79 14.895 
29.7 14.85 
29.4 14.7 
29.1 14.55 
28.8 14.4 
28.5 14.25 
28.65 14.325 
28.8 14.4 
28.95 14.475 
29.1 14.55 
29.13 14.565 
29.16 14.58 
29.13 14.565 
29.1 14.55 
28.98 14.49 
28.77 14.385 
28.65 14.325 
28.5 14.25 
28.68 14.34 
28.71 14.355 
28.71 14.355 
28.8 14.4 
28.92 14.46 
29.1 14.55 
29.19 14.595 
29.4 14.7 
29.22 14.61 
28.95 14.475 
28.86 14.43 
28.8 14.4 
28.83 14.415 
28.86 14.43 
28.83 14.415 
28.8 14.4 
28.77 14.385 
28.68 14.34 
28.56 14.28 
28.5 14.25 
28.2 14.1 
28.02 14.01 
27.36 13.68 
27 13.5 
26.7 13.35 
26.25 13.125 
25.38 12.69 
25.2 12.6 
24.6 12.3 
24 12 
23.52 11.76 
22.8 11.4 
22.74 11.37 
22.62 11.31 
22.53 11.265 


27.7969 7.03125 
27.4263 6.9375 
27.0556 6.84375 
26.4997 6.70313 
25.9437 6.5625 
25.7584 6.51563 
25.5731 6.46875 
25.3878 6.42188 
25.2025 6.375 
25.1284 6.35625 
25.0172 6.32813 
24.9431 6.30938 
24.8319 6.28125 
24.7577 6.2625 
24.6836 6.24375 
24.5724 6.21563 
24.4612 6.1875 
24.5724 6.21563 
24.6466 6.23438 
24.7577 6.2625 
24.8319 6.28125 
25.2025 6.375 
25.5731 6.46875 
25.9437 6.5625 
26.3144 6.65625 
26.685 6.75 
27.0556 6.84375 
27.4263 6.9375 
27.7969 7.03125 
28.5381 7.21875 
29.2794 7.40625 
30.7619 7.78125 
31.8737 8.0625 
32.615 8.25 
33.3562 8.4375 
34.4681 8.71875 
35.58 9 
35.9506 9.09375 
36.3212 9.1875 
36.6919 9.28125 
37.0625 9.375 
36.9513 9.34688 
36.8772 9.32813 
36.8031 9.30937 
36.6919 9.28125 
36.3212 9.1875 
35.9506 9.09375 
35.58 9 
35.2094 8.90625 
35.3947 8.95313 
35.58 9 
35.7653 9.04688 
35.9506 9.09375 
35.9877 9.10313 
36.0247 9.1125 
35.9877 9.10313 
35.9506 9.09375 
35.8024 9.05625 
35.5429 8.99062 
35.3947 8.95313 
35.2094 8.90625 
35.4318 8.9625 
35.4688 8.97188 
35.4688 8.97188 
35.58 9 
35.7283 9.0375 
35.9506 9.09375 
36.0618 9.12188 
36.3212 9.1875 
36.0989 9.13125 
35.7653 9.04688 
35.6541 9.01875 
35.58 9 
35.6171 9.00937 
35.6541 9.01875 
35.6171 9.00937 
35.58 9 
35.5429 8.99062 
35.4318 8.9625 
35.2835 8.925 
35.2094 8.90625 
34.8387 8.8125 
34.6164 8.75625 
33.801 8.55 
33.3562 8.4375 
32.9856 8.34375 
32.4297 8.20313 
31.3549 7.93125 
31.1325 7.875 
30.3912 7.6875 
29.65 7.5 
29.057 7.35 
28.1675 7.125 
28.0934 7.10625 
27.9451 7.06875 
27.8339 7.04062 


0.9375 0.9375 
0.925 0.925 
0.9125 0.9125 
0.89375 0.89375 
0.875 0.875 
0.86875 0.86875 
0.8625 0.8625 
0.85625 0.85625 
0.85 0.85 
0.8475 0.8475 
0.84375 0.84375 
0.84125 0.84125 
0.8375 0.8375 
0.835 0.835 
0.8325 0.8325 
0.82875 0.82875 
0.825 0.825 
0.82875 0.82875 
0.83125 0.83125 
0.835 0.835 
0.8375 0.8375 
0.85 0.85 
0.8625 0.8625 
0.875 0.875 
0.8875 0.8875 
0.9 0.9 
0.9125 0.9125 
0.925 0.925 
0.9375 0.9375 
0.9625 0.9625 
0.9875 0.9875 
1.0375 1.0375 
1.075 1.075 
1.1 1.1 
1.125 1.125 
1.1625 1.1625 
1.2 1.2 
1.2125 1.2125 
1.225 1.225 
1.2375 1.2375 
1.25 1.25 
1.24625 1.24625 
1.24375 1.24375 
1.24125 1.24125 
1.2375 1.2375 
1.225 1.225 
1.2125 1.2125 
1.2 1.2 
1.1875 1.1875 
1.19375 1.19375 
1.2 1.2 
1.20625 1.20625 
1.2125 1.2125 
1.21375 1.21375 
1.215 1.215 
1.21375 1.21375 
1.2125 1.2125 
1.2075 1.2075 
1.19875 1.19875 
1.19375 1.19375 
1.1875 1.1875 
1.195 1.195 
1.19625 1.19625 
1.19625 1.19625 
1.2 1.2 
1.205 1.205 
1.2125 1.2125 
1.21625 1.21625 
1.225 1.225 
1.2175 1.2175 
1.20625 1.20625 
1.2025 1.2025 
1.2 1.2 
1.20125 1.20125 
1.2025 1.2025 
1.20125 1.20125 
1.2 1.2 
1.19875 1.19875 
1.195 1.195 
1.19 1.19 
1.1875 1.1875 
1.175 1.175 
1.1675 1.1675 
1.14 1.14 
1.125 1.125 
1.1125 1.1125 
1.09375 1.09375 
1.0575 1.0575 
1.05 1.05 
1.025 1.025 
1 1 
0.98 0.98 
0.95 0.95 
0.9475 0.9475 
0.9425 0.9425 
0.93875 0.93875 


14.6906 2.07187 
14.4948 2.04425 
14.2989 2.01662 
14.0051 1.97519 
13.7113 1.93375 
13.6133 1.91994 
13.5154 1.90613 
13.4174 1.89231 
13.3195 1.8785 
13.2803 1.87298 
13.2216 1.86469 
13.1824 1.85916 
13.1236 1.85088 
13.0844 1.84535 
13.0453 1.83983 
12.9865 1.83154 
12.9278 1.82325 
12.9865 1.83154 
13.0257 1.83706 
13.0844 1.84535 
13.1236 1.85088 
13.3195 1.8785 
13.5154 1.90613 
13.7113 1.93375 
13.9071 1.96137 
14.103 1.989 
14.2989 2.01662 
14.4948 2.04425 
14.6906 2.07187 
15.0824 2.12712 
15.4741 2.18238 
16.2576 2.29288 
16.8453 2.37575 
17.237 2.431 
17.6288 2.48625 
18.2164 2.56913 
18.804 2.652 
18.9999 2.67962 
19.1958 2.70725 
19.3916 2.73488 
19.5875 2.7625 
19.5287 2.75421 
19.4896 2.74869 
19.4504 2.74316 
19.3916 2.73488 
19.1958 2.70725 
18.9999 2.67962 
18.804 2.652 
18.6081 2.62438 
18.7061 2.63819 
18.804 2.652 
18.9019 2.66581 
18.9999 2.67962 
19.0195 2.68239 
19.0391 2.68515 
19.0195 2.68239 
18.9999 2.67962 
18.9215 2.66858 
18.7844 2.64924 
18.7061 2.63819 
18.6081 2.62438 
18.7257 2.64095 
18.7452 2.64371 
18.7452 2.64371 
18.804 2.652 
18.8824 2.66305 
18.9999 2.67962 
19.0586 2.68791 
19.1958 2.70725 
19.0782 2.69068 
18.9019 2.66581 
18.8432 2.65752 
18.804 2.652 
18.8236 2.65476 
18.8432 2.65752 
18.8236 2.65476 
18.804 2.652 
18.7844 2.64924 
18.7257 2.64095 
18.6473 2.6299 
18.6081 2.62438 
18.4123 2.59675 
18.2947 2.58018 
17.8638 2.5194 
17.6288 2.48625 
17.4329 2.45863 
17.1391 2.41719 
16.571 2.33708 
16.4535 2.3205 
16.0618 2.26525 
15.67 2.21 
15.3566 2.1658 
14.8865 2.0995 
14.8473 2.09397 
14.769 2.08292 
14.7102 2.07464 


0.9375 0.9375 
0.925 0.925 
0.9125 0.9125 
0.89375 0.89375 
0.875 0.875 
0.86875 0.86875 
0.8625 0.8625 
0.85625 0.85625 
0.85 0.85 
0.8475 0.8475 
0.84375 0.84375 
0.84125 0.84125 
0.8375 0.8375 
0.835 0.835 
0.8325 0.8325 
0.82875 0.82875 
0.825 0.825 
0.82875 0.82875 
0.83125 0.83125 
0.835 0.835 
0.8375 0.8375 
0.85 0.85 
0.8625 0.8625 
0.875 0.875 
0.8875 0.8875 
0.9 0.9 
0.9125 0.9125 
0.925 0.925 
0.9375 0.9375 
0.9625 0.9625 
0.9875 0.9875 
1.0375 1.0375 
1.075 1.075 
1.1 1.1 
1.125 1.125 
1.1625 1.1625 
1.2 1.2 
1.2125 1.2125 
1.225 1.225 
1.2375 1.2375 
1.25 1.25 
1.24625 1.24625 
1.24375 1.24375 
1.24125 1.24125 
1.2375 1.2375 
1.225 1.225 
1.2125 1.2125 
1.2 1.2 
1.1875 1.1875 
1.19375 1.19375 
1.2 1.2 
1.20625 1.20625 
1.2125 1.2125 
1.21375 1.21375 
1.215 1.215 
1.21375 1.21375 
1.2125 1.2125 
1.2075 1.2075 
1.19875 1.19875 
1.19375 1.19375 
1.1875 1.1875 
1.195 1.195 
1.19625 1.19625 
1.19625 1.19625 
1.2 1.2 
1.205 1.205 
1.2125 1.2125 
1.21625 1.21625 
1.225 1.225 
1.2175 1.2175 
1.20625 1.20625 
1.2025 1.2025 
1.2 1.2 
1.20125 1.20125 
1.2025 1.2025 
1.20125 1.20125 
1.2 1.2 
1.19875 1.19875 
1.195 1.195 
1.19 1.19 
1.1875 1.1875 
1.175 1.175 
1.1675 1.1675 
1.14 1.14 
1.125 1.125 
1.1125 1.1125 
1.09375 1.09375 
1.0575 1.0575 
1.05 1.05 
1.025 1.025 
1 1 
0.98 0.98 
0.95 0.95 
0.9475 0.9475 
0.9425 0.9425 
0.93875 0.93875 


14.4844 0.65625 
14.2913 0.6475 
14.0981 0.63875 
13.8084 0.625625 
13.5187 0.6125 
13.4222 0.608125 
13.3256 0.60375 
13.2291 0.599375 
13.1325 0.595 
13.0939 0.59325 
13.0359 0.590625 
12.9973 0.588875 
12.9394 0.58625 
12.9007 0.5845 
12.8621 0.58275 
12.8042 0.580125 
12.7462 0.5775 
12.8042 0.580125 
12.8428 0.581875 
12.9007 0.5845 
12.9394 0.58625 
13.1325 0.595 
13.3256 0.60375 
13.5187 0.6125 
13.7119 0.62125 
13.905 0.63 
14.0981 0.63875 
14.2913 0.6475 
14.4844 0.65625 
14.8706 0.67375 
15.2569 0.69125 
16.0294 0.72625 
16.6087 0.7525 
16.995 0.77 
17.3812 0.7875 
17.9606 0.81375 
18.54 0.84 
18.7331 0.84875 
18.9263 0.8575 
19.1194 0.86625 
19.3125 0.875 
19.2546 0.872375 
19.2159 0.870625 
19.1773 0.868875 
19.1194 0.86625 
18.9263 0.8575 
18.7331 0.84875 
18.54 0.84 
18.3469 0.83125 
18.4434 0.835625 
18.54 0.84 
18.6366 0.844375 
18.7331 0.84875 
18.7524 0.849625 
18.7718 0.8505 
18.7524 0.849625 
18.7331 0.84875 
18.6559 0.84525 
18.5207 0.839125 
18.4434 0.835625 
18.3469 0.83125 
18.4628 0.8365 
18.4821 0.837375 
18.4821 0.837375 
18.54 0.84 
18.6172 0.8435 
18.7331 0.84875 
18.7911 0.851375 
18.9263 0.8575 
18.8104 0.85225 
18.6366 0.844375 
18.5786 0.84175 
18.54 0.84 
18.5593 0.840875 
18.5786 0.84175 
18.5593 0.840875 
18.54 0.84 
18.5207 0.839125 
18.4628 0.8365 
18.3855 0.833 
18.3469 0.83125 
18.1537 0.8225 
18.0379 0.81725 
17.613 0.798 
17.3812 0.7875 
17.1881 0.77875 
16.8984 0.765625 
16.3384 0.74025 
16.2225 0.735 
15.8362 0.7175 
15.45 0.7 
15.141 0.686 
14.6775 0.665 
14.6389 0.66325 
14.5616 0.65975 
14.5037 0.657125 


8.63438 1.47188 
8.51925 1.45225 
8.40413 1.43263 
8.23144 1.40319 
8.05875 1.37375 
8.00119 1.36394 
7.94363 1.35413 
7.88606 1.34431 
7.8285 1.3345 
7.80548 1.33058 
7.77094 1.32469 
7.74791 1.32076 
7.71338 1.31488 
7.69035 1.31095 
7.66733 1.30703 
7.63279 1.30114 
7.59825 1.29525 
7.63279 1.30114 
7.65581 1.30506 
7.69035 1.31095 
7.71338 1.31488 
7.8285 1.3345 
7.94363 1.35413 
8.05875 1.37375 
8.17388 1.39338 
8.289 1.413 
8.40413 1.43263 
8.51925 1.45225 
8.63438 1.47188 
8.86463 1.51113 
9.09488 1.55038 
9.55538 1.62888 
9.90075 1.68775 
10.131 1.727 
10.3613 1.76625 
10.7066 1.82513 
11.052 1.884 
11.1671 1.90362 
11.2823 1.92325 
11.3974 1.94288 
11.5125 1.9625 
11.478 1.95661 
11.4549 1.95269 
11.4319 1.94876 
11.3974 1.94288 
11.2823 1.92325 
11.1671 1.90362 
11.052 1.884 
10.9369 1.86438 
10.9944 1.87419 
11.052 1.884 
11.1096 1.89381 
11.1671 1.90362 
11.1786 1.90559 
11.1902 1.90755 
11.1786 1.90559 
11.1671 1.90362 
11.1211 1.89578 
11.0405 1.88204 
10.9944 1.87419 
10.9369 1.86438 
11.006 1.87615 
11.0175 1.87811 
11.0175 1.87811 
11.052 1.884 
11.0981 1.89185 
11.1671 1.90362 
11.2017 1.90951 
11.2823 1.92325 
11.2132 1.91148 
11.1096 1.89381 
11.075 1.88792 
11.052 1.884 
11.0635 1.88596 
11.075 1.88792 
11.0635 1.88596 
11.052 1.884 
11.0405 1.88204 
11.006 1.87615 
10.9599 1.8683 
10.9369 1.86438 
10.8218 1.84475 
10.7527 1.83298 
10.4994 1.7898 
10.3613 1.76625 
10.2461 1.74663 
10.0734 1.71719 
9.73958 1.66028 
9.6705 1.6485 
9.44025 1.60925 
9.21 1.57 
9.0258 1.5386 
8.7495 1.4915 
8.72648 1.48758 
8.68043 1.47973 
8.64589 1.47384 


8.63438 1.47188 
8.51925 1.45225 
8.40413 1.43263 
8.23144 1.40319 
8.05875 1.37375 
8.00119 1.36394 
7.94363 1.35413 
7.88606 1.34431 
7.8285 1.3345 
7.80548 1.33058 
7.77094 1.32469 
7.74791 1.32076 
7.71338 1.31488 
7.69035 1.31095 
7.66733 1.30703 
7.63279 1.30114 
7.59825 1.29525 
7.63279 1.30114 
7.65581 1.30506 
7.69035 1.31095 
7.71338 1.31488 
7.8285 1.3345 
7.94363 1.35413 
8.05875 1.37375 
8.17388 1.39338 
8.289 1.413 
8.40413 1.43263 
8.51925 1.45225 
8.63438 1.47188 
8.86463 1.51113 
9.09488 1.55038 
9.55538 1.62888 
9.90075 1.68775 
10.131 1.727 
10.3613 1.76625 
10.7066 1.82513 
11.052 1.884 
11.1671 1.90362 
11.2823 1.92325 
11.3974 1.94288 
11.5125 1.9625 
11.478 1.95661 
11.4549 1.95269 
11.4319 1.94876 
11.3974 1.94288 
11.2823 1.92325 
11.1671 1.90362 
11.052 1.884 
10.9369 1.86438 
10.9944 1.87419 
11.052 1.884 
11.1096 1.89381 
11.1671 1.90362 
11.1786 1.90559 
11.1902 1.90755 
11.1786 1.90559 
11.1671 1.90362 
11.1211 1.89578 
11.0405 1.88204 
10.9944 1.87419 
10.9369 1.86438 
11.006 1.87615 
11.0175 1.87811 
11.0175 1.87811 
11.052 1.884 
11.0981 1.89185 
11.1671 1.90362 
11.2017 1.90951 
11.2823 1.92325 
11.2132 1.91148 
11.1096 1.89381 
11.075 1.88792 
11.052 1.884 
11.0635 1.88596 
11.075 1.88792 
11.0635 1.88596 
11.052 1.884 
11.0405 1.88204 
11.006 1.87615 
10.9599 1.8683 
10.9369 1.86438 
10.8218 1.84475 
10.7527 1.83298 
10.4994 1.7898 
10.3613 1.76625 
10.2461 1.74663 
10.0734 1.71719 
9.73958 1.66028 
9.6705 1.6485 
9.44025 1.60925 
9.21 1.57 
9.0258 1.5386 
8.7495 1.4915 
8.72648 1.48758 
8.68043 1.47973 
8.64589 1.47384 


14.6906 2.07187 
14.4948 2.04425 
14.2989 2.01662 
14.0051 1.97519 
13.7113 1.93375 
13.6133 1.91994 
13.5154 1.90613 
13.4174 1.89231 
13.3195 1.8785 
13.2803 1.87298 
13.2216 1.86469 
13.1824 1.85916 
13.1236 1.85088 
13.0844 1.84535 
13.0453 1.83983 
12.9865 1.83154 
12.9278 1.82325 
12.9865 1.83154 
13.0257 1.83706 
13.0844 1.84535 
13.1236 1.85088 
13.3195 1.8785 
13.5154 1.90613 
13.7113 1.93375 
13.9071 1.96137 
14.103 1.989 
14.2989 2.01662 
14.4948 2.04425 
14.6906 2.07187 
15.0824 2.12712 
15.4741 2.18238 
16.2576 2.29288 
16.8453 2.37575 
17.237 2.431 
17.6288 2.48625 
18.2164 2.56913 
18.804 2.652 
18.9999 2.67962 
19.1958 2.70725 
19.3916 2.73488 
19.5875 2.7625 
19.5287 2.75421 
19.4896 2.74869 
19.4504 2.74316 
19.3916 2.73488 
19.1958 2.70725 
18.9999 2.67962 
18.804 2.652 
18.6081 2.62438 
18.7061 2.63819 
18.804 2.652 
18.9019 2.66581 
18.9999 2.67962 
19.0195 2.68239 
19.0391 2.68515 
19.0195 2.68239 
18.9999 2.67962 
18.9215 2.66858 
18.7844 2.64924 
18.7061 2.63819 
18.6081 2.62438 
18.7257 2.64095 
18.7452 2.64371 
18.7452 2.64371 
18.804 2.652 
18.8824 2.66305 
18.9999 2.67962 
19.0586 2.68791 
19.1958 2.70725 
19.0782 2.69068 
18.9019 2.66581 
18.8432 2.65752 
18.804 2.652 
18.8236 2.65476 
18.8432 2.65752 
18.8236 2.65476 
18.804 2.652 
18.7844 2.64924 
18.7257 2.64095 
18.6473 2.6299 
18.6081 2.62438 
18.4123 2.59675 
18.2947 2.58018 
17.8638 2.5194 
17.6288 2.48625 
17.4329 2.45863 
17.1391 2.41719 
16.571 2.33708 
16.4535 2.3205 
16.0618 2.26525 
15.67 2.21 
15.3566 2.1658 
14.8865 2.0995 
14.8473 2.09397 
14.769 2.08292 
14.7102 2.07464 


0.9375 0.9375 
0.925 0.925 
0.9125 0.9125 
0.89375 0.89375 
0.875 0.875 
0.86875 0.86875 
0.8625 0.8625 
0.85625 0.85625 
0.85 0.85 
0.8475 0.8475 
0.84375 0.84375 
0.84125 0.84125 
0.8375 0.8375 
0.835 0.835 
0.8325 0.8325 
0.82875 0.82875 
0.825 0.825 
0.82875 0.82875 
0.83125 0.83125 
0.835 0.835 
0.8375 0.8375 
0.85 0.85 
0.8625 0.8625 
0.875 0.875 
0.8875 0.8875 
0.9 0.9 
0.9125 0.9125 
0.925 0.925 
0.9375 0.9375 
0.9625 0.9625 
0.9875 0.9875 
1.0375 1.0375 
1.075 1.075 
1.1 1.1 
1.125 1.125 
1.1625 1.1625 
1.2 1.2 
1.2125 1.2125 
1.225 1.225 
1.2375 1.2375 
1.25 1.25 
1.24625 1.24625 
1.24375 1.24375 
1.24125 1.24125 
1.2375 1.2375 
1.225 1.225 
1.2125 1.2125 
1.2 1.2 
1.1875 1.1875 
1.19375 1.19375 
1.2 1.2 
1.20625 1.20625 
1.2125 1.2125 
1.21375 1.21375 
1.215 1.215 
1.21375 1.21375 
1.2125 1.2125 
1.2075 1.2075 
1.19875 1.19875 
1.19375 1.19375 
1.1875 1.1875 
1.195 1.195 
1.19625 1.19625 
1.19625 1.19625 
1.2 1.2 
1.205 1.205 
1.2125 1.2125 
1.21625 1.21625 
1.225 1.225 
1.2175 1.2175 
1.20625 1.20625 
1.2025 1.2025 
1.2 1.2 
1.20125 1.20125 
1.2025 1.2025 
1.20125 1.20125 
1.2 1.2 
1.19875 1.19875 
1.195 1.195 
1.19 1.19 
1.1875 1.1875 
1.175 1.175 
1.1675 1.1675 
1.14 1.14 
1.125 1.125 
1.1125 1.1125 
1.09375 1.09375 
1.0575 1.0575 
1.05 1.05 
1.025 1.025 
1 1 
0.98 0.98 
0.95 0.95 
0.9475 0.9475 
0.9425 0.9425 
0.93875 0.93875 


8.50313 1.74375 
8.38975 1.7205 
8.27637 1.69725 
8.10631 1.66238 
7.93625 1.6275 
7.87956 1.61588 
7.82288 1.60425 
7.76619 1.59263 
7.7095 1.581 
7.68683 1.57635 
7.65281 1.56938 
7.63014 1.56473 
7.59613 1.55775 
7.57345 1.5531 
7.55078 1.54845 
7.51676 1.54148 
7.48275 1.5345 
7.51676 1.54148 
7.53944 1.54613 
7.57345 1.5531 
7.59613 1.55775 
7.7095 1.581 
7.82288 1.60425 
7.93625 1.6275 
8.04963 1.65075 
8.163 1.674 
8.27637 1.69725 
8.38975 1.7205 
8.50313 1.74375 
8.72987 1.79025 
8.95663 1.83675 
9.41013 1.92975 
9.75025 1.9995 
9.977 2.046 
10.2037 2.0925 
10.5439 2.16225 
10.884 2.232 
10.9974 2.25525 
11.1108 2.2785 
11.2241 2.30175 
11.3375 2.325 
11.3035 2.31803 
11.2808 2.31337 
11.2581 2.30872 
11.2241 2.30175 
11.1108 2.2785 
10.9974 2.25525 
10.884 2.232 
10.7706 2.20875 
10.8273 2.22038 
10.884 2.232 
10.9407 2.24363 
10.9974 2.25525 
11.0087 2.25758 
11.0201 2.2599 
11.0087 2.25758 
10.9974 2.25525 
10.952 2.24595 
10.8727 2.22968 
10.8273 2.22038 
10.7706 2.20875 
10.8387 2.2227 
10.85 2.22503 
10.85 2.22503 
10.884 2.232 
10.9294 2.2413 
10.9974 2.25525 
11.0314 2.26223 
11.1108 2.2785 
11.0427 2.26455 
10.9407 2.24363 
10.9067 2.23665 
10.884 2.232 
10.8953 2.23433 
10.9067 2.23665 
10.8953 2.23433 
10.884 2.232 
10.8727 2.22968 
10.8387 2.2227 
10.7933 2.2134 
10.7706 2.20875 
10.6573 2.1855 
10.5892 2.17155 
10.3398 2.1204 
10.2037 2.0925 
10.0904 2.06925 
9.92031 2.03438 
9.59153 1.96695 
9.5235 1.953 
9.29675 1.9065 
9.07 1.86 
8.8886 1.8228 
8.6165 1.767 
8.59383 1.76235 
8.54847 1.75305 
8.51446 1.74608 


0.9375 0.9375 
0.925 0.925 
0.9125 0.9125 
0.89375 0.89375 
0.875 0.875 
0.86875 0.86875 
0.8625 0.8625 
0.85625 0.85625 
0.85 0.85 
0.8475 0.8475 
0.84375 0.84375 
0.84125 0.84125 
0.8375 0.8375 
0.835 0.835 
0.8325 0.8325 
0.82875 0.82875 
0.825 0.825 
0.82875 0.82875 
0.83125 0.83125 
0.835 0.835 
0.8375 0.8375 
0.85 0.85 
0.8625 0.8625 
0.875 0.875 
0.8875 0.8875 
0.9 0.9 
0.9125 0.9125 
0.925 0.925 
0.9375 0.9375 
0.9625 0.9625 
0.9875 0.9875 
1.0375 1.0375 
1.075 1.075 
1.1 1.1 
1.125 1.125 
1.1625 1.1625 
1.2 1.2 
1.2125 1.2125 
1.225 1.225 
1.2375 1.2375 
1.25 1.25 
1.24625 1.24625 
1.24375 1.24375 
1.24125 1.24125 
1.2375 1.2375 
1.225 1.225 
1.2125 1.2125 
1.2 1.2 
1.1875 1.1875 
1.19375 1.19375 
1.2 1.2 
1.20625 1.20625 
1.2125 1.2125 
1.21375 1.21375 
1.215 1.215 
1.21375 1.21375 
1.2125 1.2125 
1.2075 1.2075 
1.19875 1.19875 
1.19375 1.19375 
1.1875 1.1875 
1.195 1.195 
1.19625 1.19625 
1.19625 1.19625 
1.2 1.2 
1.205 1.205 
1.2125 1.2125 
1.21625 1.21625 
1.225 1.225 
1.2175 1.2175 
1.20625 1.20625 
1.2025 1.2025 
1.2 1.2 
1.20125 1.20125 
1.2025 1.2025 
1.20125 1.20125 
1.2 1.2 
1.19875 1.19875 
1.195 1.195 
1.19 1.19 
1.1875 1.1875 
1.175 1.175 
1.1675 1.1675 
1.14 1.14 
1.125 1.125 
1.1125 1.1125 
1.09375 1.09375 
1.0575 1.0575 
1.05 1.05 
1.025 1.025 
1 1 
0.98 0.98 
0.95 0.95 
0.9475 0.9475 
0.9425 0.9425 
0.93875 0.93875 


14.4844 0.65625 
14.2913 0.6475 
14.0981 0.63875 
13.8084 0.625625 
13.5187 0.6125 
13.4222 0.608125 
13.3256 0.60375 
13.2291 0.599375 
13.1325 0.595 
13.0939 0.59325 
13.0359 0.590625 
12.9973 0.588875 
12.9394 0.58625 
12.9007 0.5845 
12.8621 0.58275 
12.8042 0.580125 
12.7462 0.5775 
12.8042 0.580125 
12.8428 0.581875 
12.9007 0.5845 
12.9394 0.58625 
13.1325 0.595 
13.3256 0.60375 
13.5187 0.6125 
13.7119 0.62125 
13.905 0.63 
14.0981 0.63875 
14.2913 0.6475 
14.4844 0.65625 
14.8706 0.67375 
15.2569 0.69125 
16.0294 0.72625 
16.6087 0.7525 
16.995 0.77 
17.3812 0.7875 
17.9606 0.81375 
18.54 0.84 
18.7331 0.84875 
18.9263 0.8575 
19.1194 0.86625 
19.3125 0.875 
19.2546 0.872375 
19.2159 0.870625 
19.1773 0.868875 
19.1194 0.86625 
18.9263 0.8575 
18.7331 0.84875 
18.54 0.84 
18.3469 0.83125 
18.4434 0.835625 
18.54 0.84 
18.6366 0.844375 
18.7331 0.84875 
18.7524 0.849625 
18.7718 0.8505 
18.7524 0.849625 
18.7331 0.84875 
18.6559 0.84525 
18.5207 0.839125 
18.4434 0.835625 
18.3469 0.83125 
18.4628 0.8365 
18.4821 0.837375 
18.4821 0.837375 
18.54 0.84 
18.6172 0.8435 
18.7331 0.84875 
18.7911 0.851375 
18.9263 0.8575 
18.8104 0.85225 
18.6366 0.844375 
18.5786 0.84175 
18.54 0.84 
18.5593 0.840875 
18.5786 0.84175 
18.5593 0.840875 
18.54 0.84 
18.5207 0.839125 
18.4628 0.8365 
18.3855 0.833 
18.3469 0.83125 
18.1537 0.8225 
18.0379 0.81725 
17.613 0.798 
17.3812 0.7875 
17.1881 0.77875 
16.8984 0.765625 
16.3384 0.74025 
16.2225 0.735 
15.8362 0.7175 
15.45 0.7 
15.141 0.686 
14.6775 0.665 
14.6389 0.66325 
14.5616 0.65975 
14.5037 0.657125 


8.50313 1.74375 
8.38975 1.7205 
8.27637 1.69725 
8.10631 1.66238 
7.93625 1.6275 
7.87956 1.61588 
7.82288 1.60425 
7.76619 1.59263 
7.7095 1.581 
7.68683 1.57635 
7.65281 1.56938 
7.63014 1.56473 
7.59613 1.55775 
7.57345 1.5531 
7.55078 1.54845 
7.51676 1.54148 
7.48275 1.5345 
7.51676 1.54148 
7.53944 1.54613 
7.57345 1.5531 
7.59613 1.55775 
7.7095 1.581 
7.82288 1.60425 
7.93625 1.6275 
8.04963 1.65075 
8.163 1.674 
8.27637 1.69725 
8.38975 1.7205 
8.50313 1.74375 
8.72987 1.79025 
8.95663 1.83675 
9.41013 1.92975 
9.75025 1.9995 
9.977 2.046 
10.2037 2.0925 
10.5439 2.16225 
10.884 2.232 
10.9974 2.25525 
11.1108 2.2785 
11.2241 2.30175 
11.3375 2.325 
11.3035 2.31803 
11.2808 2.31337 
11.2581 2.30872 
11.2241 2.30175 
11.1108 2.2785 
10.9974 2.25525 
10.884 2.232 
10.7706 2.20875 
10.8273 2.22038 
10.884 2.232 
10.9407 2.24363 
10.9974 2.25525 
11.0087 2.25758 
11.0201 2.2599 
11.0087 2.25758 
10.9974 2.25525 
10.952 2.24595 
10.8727 2.22968 
10.8273 2.22038 
10.7706 2.20875 
10.8387 2.2227 
10.85 2.22503 
10.85 2.22503 
10.884 2.232 
10.9294 2.2413 
10.9974 2.25525 
11.0314 2.26223 
11.1108 2.2785 
11.0427 2.26455 
10.9407 2.24363 
10.9067 2.23665 
10.884 2.232 
10.8953 2.23433 
10.9067 2.23665 
10.8953 2.23433 
10.884 2.232 
10.8727 2.22968 
10.8387 2.2227 
10.7933 2.2134 
10.7706 2.20875 
10.6573 2.1855 
10.5892 2.17155 
10.3398 2.1204 
10.2037 2.0925 
10.0904 2.06925 
9.92031 2.03438 
9.59153 1.96695 
9.5235 1.953 
9.29675 1.9065 
9.07 1.86 
8.8886 1.8228 
8.6165 1.767 
8.59383 1.76235 
8.54847 1.75305 
8.51446 1.74608 


24.2531 5.97187 
23.9298 5.89225 
23.6064 5.81262 
23.1213 5.69319 
22.6363 5.57375 
22.4746 5.53394 
22.3129 5.49413 
22.1512 5.45431 
21.9895 5.4145 
21.9248 5.39858 
21.8278 5.37469 
21.7631 5.35876 
21.6661 5.33488 
21.6015 5.31895 
21.5368 5.30302 
21.4398 5.27914 
21.3427 5.25525 
21.4398 5.27914 
21.5044 5.29506 
21.6015 5.31895 
21.6661 5.33488 
21.9895 5.4145 
22.3129 5.49413 
22.6363 5.57375 
22.9596 5.65337 
23.283 5.733 
23.6064 5.81262 
23.9298 5.89225 
24.2531 5.97187 
24.8999 6.13112 
25.5466 6.29038 
26.8401 6.60888 
27.8103 6.84775 
28.457 7.007 
29.1038 7.16625 
30.0739 7.40513 
31.044 7.644 
31.3674 7.72362 
31.6908 7.80325 
32.0141 7.88288 
32.3375 7.9625 
32.2405 7.93861 
32.1758 7.92269 
32.1111 7.90676 
32.0141 7.88288 
31.6908 7.80325 
31.3674 7.72362 
31.044 7.644 
30.7206 7.56438 
30.8823 7.60419 
31.044 7.644 
31.2057 7.68381 
31.3674 7.72362 
31.3997 7.73159 
31.4321 7.73955 
31.3997 7.73159 
31.3674 7.72362 
31.238 7.69177 
31.0117 7.63604 
30.8823 7.60419 
30.7206 7.56438 
30.9147 7.61215 
30.947 7.62011 
30.947 7.62011 
31.044 7.644 
31.1734 7.67585 
31.3674 7.72362 
31.4644 7.74751 
31.6908 7.80325 
31.4967 7.75548 
31.2057 7.68381 
31.1087 7.65992 
31.044 7.644 
31.0763 7.65196 
31.1087 7.65992 
31.0763 7.65196 
31.044 7.644 
31.0117 7.63604 
30.9147 7.61215 
30.7853 7.5803 
30.7206 7.56438 
30.3973 7.48475 
30.2032 7.43698 
29.4918 7.2618 
29.1038 7.16625 
28.7804 7.08663 
28.2953 6.96719 
27.3575 6.73628 
27.1635 6.6885 
26.5167 6.52925 
25.87 6.37 
25.3526 6.2426 
24.5765 6.0515 
24.5118 6.03558 
24.3825 6.00373 
24.2855 5.97984 


