-158.753 -47.4768 
-158.706 -47.4625 
-155.08 -46.3781 
-152.586 -45.6323 
-146.699 -43.8717 
-148.155 -44.3074 
-146.151 -43.7078 
-146.056 -43.6796 
-146.97 -43.9527 
-142.414 -42.5904 
-143.421 -42.8913 
-143.073 -42.7875 
-144.837 -43.315 
-142.36 -42.574 
-139.41 -41.6919 
-140.808 -42.1101 
-140.101 -41.8987 
-140.36 -41.976 
-141.82 -42.4126 
-142.375 -42.5788 
-142.829 -42.7146 
-144.497 -43.2131 
-146.482 -43.807 
-149.994 -44.8571 
-150.276 -44.9416 
-153.401 -45.8761 
-152.809 -45.6992 
-156.855 -46.9091 
-159.848 -47.8042 
-165.692 -49.5518 
-168.135 -50.2825 
-175.179 -52.3891 
-180.292 -53.9181 
-188.836 -56.4732 
-192.434 -57.5492 
-195.898 -58.5852 
-202.844 -60.6624 
-207.487 -62.0509 
-207.319 -62.0008 
-210.481 -62.9465 
-213.246 -63.7732 
-211.902 -63.3713 
-214.346 -64.1022 
-211.588 -63.2776 
-207.731 -62.124 
-207.54 -62.0668 
-206.979 -61.899 
-204.335 -61.1083 
-200.087 -59.838 
-200.709 -60.0241 
-204.175 -61.0605 
-208.169 -62.2552 
-206.664 -61.8049 
-208.473 -62.3459 
-205.59 -61.4836 
-206.091 -61.6337 
-207.092 -61.9328 
-205.652 -61.5023 
-202.765 -60.6389 
-201.976 -60.4028 
-200.757 -60.0383 
-203.005 -60.7106 
-205.592 -61.4843 
-202.758 -60.6369 
-203.403 -60.8297 
-208.425 -62.3315 
-203.828 -60.9568 
-206.314 -61.7002 
-212.279 -63.484 
-209.849 -62.7573 
-205.381 -61.4212 
-204.485 -61.1532 
-205.861 -61.5649 
-203.18 -60.7631 
-204.026 -61.0159 
-207.07 -61.9263 
-201.716 -60.3251 
-204.398 -61.1271 
-204.377 -61.1209 
-204.904 -61.2785 
-203.002 -60.7097 
-201.24 -60.1828 
-195.189 -58.3731 
-190.931 -57.0999 
-192.875 -57.6812 
-189.183 -56.5772 
-188.923 -56.4993 
-180.804 -54.0712 
-177.754 -53.1591 
-177.508 -53.0855 
-169.513 -50.6944 
-166.999 -49.9426 
-161.614 -48.3323 
-159.96 -47.8376 
-161.057 -48.1656 
-157.716 -47.1666 


-123.589 -37.4031 
-123.552 -37.3919 
-120.729 -36.5376 
-118.787 -35.95 
-114.204 -34.563 
-115.338 -34.9062 
-113.778 -34.4339 
-113.704 -34.4117 
-114.415 -34.6268 
-110.869 -33.5536 
-111.652 -33.7906 
-111.382 -33.7088 
-112.755 -34.1244 
-110.826 -33.5406 
-108.53 -32.8457 
-109.619 -33.1752 
-109.068 -33.0086 
-109.27 -33.0695 
-110.406 -33.4134 
-110.839 -33.5444 
-111.192 -33.6514 
-112.49 -34.0441 
-114.036 -34.512 
-116.769 -35.3393 
-116.989 -35.4058 
-119.422 -36.1421 
-118.961 -36.0027 
-122.111 -36.9559 
-124.441 -37.6611 
-128.99 -39.0379 
-130.892 -39.6135 
-136.376 -41.2731 
-140.357 -42.4777 
-147.008 -44.4907 
-149.809 -45.3384 
-152.506 -46.1545 
-157.913 -47.791 
-161.527 -48.8849 
-161.397 -48.8454 
-163.859 -49.5905 
-166.011 -50.2418 
-164.964 -49.9251 
-166.867 -50.5009 
-164.721 -49.8513 
-161.718 -48.9425 
-161.569 -48.8974 
-161.132 -48.7653 
-159.074 -48.1423 
-155.767 -47.1415 
-156.251 -47.2882 
-158.949 -48.1046 
-162.059 -49.0458 
-160.887 -48.6911 
-162.295 -49.1173 
-160.051 -48.438 
-160.441 -48.5562 
-161.22 -48.7919 
-160.099 -48.4527 
-157.852 -47.7725 
-157.237 -47.5865 
-156.288 -47.2994 
-158.038 -47.829 
-160.052 -48.4385 
-157.847 -47.7709 
-158.348 -47.9228 
-162.258 -49.106 
-158.679 -48.0229 
-160.615 -48.6086 
-165.258 -50.0139 
-163.366 -49.4414 
-159.888 -48.3888 
-159.19 -48.1776 
-160.262 -48.502 
-158.175 -47.8703 
-158.833 -48.0695 
-161.203 -48.7867 
-157.035 -47.5253 
-159.123 -48.1571 
-159.106 -48.1522 
-159.517 -48.2764 
-158.036 -47.8283 
-156.664 -47.4131 
-151.953 -45.9874 
-148.639 -44.9844 
-150.152 -45.4424 
-147.279 -44.5726 
-147.076 -44.5112 
-140.755 -42.5983 
-138.381 -41.8797 
-138.189 -41.8217 
-131.965 -39.938 
-130.008 -39.3457 
-125.816 -38.0772 
-124.528 -37.6874 
-125.382 -37.9458 
-122.781 -37.1588 


0.951401 0.270496 
0.951116 0.270415 
0.929384 0.264237 
0.914439 0.259988 
0.879158 0.249957 
0.887888 0.252439 
0.875874 0.249023 
0.875309 0.248862 
0.880781 0.250418 
0.853482 0.242657 
0.859512 0.244371 
0.857431 0.243779 
0.868002 0.246785 
0.853154 0.242563 
0.835477 0.237538 
0.843857 0.23992 
0.839621 0.238716 
0.84117 0.239156 
0.849918 0.241643 
0.853249 0.24259 
0.85597 0.243364 
0.865961 0.246205 
0.877862 0.249588 
0.898904 0.255571 
0.900598 0.256052 
0.919325 0.261377 
0.915779 0.260369 
0.940026 0.267262 
0.957962 0.272362 
0.992983 0.282319 
1.00762 0.286482 
1.04984 0.298484 
1.08048 0.307196 
1.13168 0.321753 
1.15325 0.327883 
1.17401 0.333786 
1.21563 0.345621 
1.24346 0.353532 
1.24245 0.353246 
1.2614 0.358634 
1.27797 0.363345 
1.26992 0.361054 
1.28456 0.365219 
1.26804 0.360521 
1.24492 0.353948 
1.24377 0.353622 
1.24041 0.352666 
1.22457 0.348161 
1.19911 0.340924 
1.20284 0.341984 
1.22361 0.347889 
1.24755 0.354695 
1.23853 0.35213 
1.24937 0.355212 
1.23209 0.3503 
1.2351 0.351154 
1.24109 0.352859 
1.23246 0.350406 
1.21516 0.345487 
1.21043 0.344142 
1.20313 0.342065 
1.2166 0.345895 
1.2321 0.350303 
1.21512 0.345476 
1.21898 0.346574 
1.24908 0.35513 
1.22153 0.347298 
1.23643 0.351534 
1.27217 0.361697 
1.25761 0.357557 
1.23084 0.349944 
1.22547 0.348417 
1.23372 0.350763 
1.21765 0.346194 
1.22271 0.347635 
1.24096 0.352822 
1.20887 0.343699 
1.22494 0.348269 
1.22482 0.348233 
1.22798 0.349131 
1.21658 0.34589 
1.20602 0.342888 
1.16976 0.332577 
1.14424 0.325323 
1.15589 0.328636 
1.13377 0.322346 
1.13221 0.321901 
1.08355 0.308068 
1.06527 0.302871 
1.06379 0.302452 
1.01588 0.288829 
1.00081 0.284545 
0.968546 0.275371 
0.958632 0.272552 
0.965204 0.274421 
0.945186 0.268729 


2.23859 1.1193 
2.23792 1.11896 
2.18679 1.09339 
2.15162 1.07581 
2.06861 1.0343 
2.08915 1.04457 
2.06088 1.03044 
2.05955 1.02978 
2.07243 1.03621 
2.00819 1.0041 
2.02238 1.01119 
2.01748 1.00874 
2.04236 1.02118 
2.00742 1.00371 
1.96583 0.982914 
1.98555 0.992773 
1.97558 0.987789 
1.97922 0.989611 
1.99981 0.999903 
2.00764 1.00382 
2.01405 1.00702 
2.03755 1.01878 
2.06556 1.03278 
2.11507 1.05753 
2.11905 1.05953 
2.16312 1.08156 
2.15477 1.07739 
2.21182 1.10591 
2.25403 1.12701 
2.33643 1.16822 
2.37088 1.18544 
2.47021 1.23511 
2.54231 1.27115 
2.66279 1.33139 
2.71352 1.35676 
2.76237 1.38118 
2.86031 1.43016 
2.92578 1.46289 
2.92342 1.46171 
2.96801 1.484 
3.00699 1.5035 
2.98804 1.49402 
3.0225 1.51125 
2.98362 1.49181 
2.92922 1.46461 
2.92653 1.46326 
2.91862 1.45931 
2.88134 1.44067 
2.82144 1.41072 
2.83021 1.41511 
2.87908 1.43954 
2.93541 1.46771 
2.91418 1.45709 
2.93969 1.46984 
2.89903 1.44952 
2.90611 1.45305 
2.92021 1.46011 
2.89991 1.44996 
2.8592 1.4296 
2.84807 1.42404 
2.83088 1.41544 
2.86258 1.43129 
2.89906 1.44953 
2.85911 1.42955 
2.8682 1.4341 
2.93901 1.4695 
2.87419 1.43709 
2.90924 1.45462 
2.99335 1.49668 
2.95909 1.47954 
2.89609 1.44804 
2.88345 1.44172 
2.90286 1.45143 
2.86506 1.43253 
2.87698 1.43849 
2.9199 1.45995 
2.84441 1.4222 
2.88222 1.44111 
2.88193 1.44096 
2.88936 1.44468 
2.86254 1.43127 
2.83769 1.41885 
2.75236 1.37618 
2.69233 1.34617 
2.71974 1.35987 
2.66769 1.33384 
2.66401 1.33201 
2.54953 1.27476 
2.50652 1.25326 
2.50305 1.25152 
2.39031 1.19515 
2.35486 1.17743 
2.27893 1.13947 
2.2556 1.1278 
2.27107 1.13553 
2.22397 1.11198 


2.63034 0.447718 
2.62955 0.447584 
2.56947 0.437357 
2.52815 0.430324 
2.43061 0.413722 
2.45475 0.41783 
2.42153 0.412176 
2.41997 0.41191 
2.4351 0.414485 
2.35963 0.401639 
2.3763 0.404476 
2.37054 0.403497 
2.39977 0.408472 
2.35872 0.401484 
2.30985 0.393166 
2.33302 0.397109 
2.3213 0.395116 
2.32559 0.395845 
2.34977 0.399961 
2.35898 0.401529 
2.36651 0.402809 
2.39413 0.407511 
2.42703 0.413111 
2.48521 0.423014 
2.48989 0.423811 
2.54166 0.432623 
2.53186 0.430955 
2.59889 0.442365 
2.64848 0.450806 
2.74531 0.467286 
2.78579 0.474176 
2.9025 0.494042 
2.98721 0.508462 
3.12877 0.532557 
3.18838 0.542704 
3.24578 0.552473 
3.36087 0.572062 
3.43779 0.585156 
3.43501 0.584683 
3.48741 0.593602 
3.53321 0.601398 
3.51094 0.597607 
3.55144 0.6045 
3.50575 0.596724 
3.44184 0.585845 
3.43867 0.585305 
3.42938 0.583724 
3.38557 0.576267 
3.31519 0.564287 
3.3255 0.566043 
3.38292 0.575816 
3.44911 0.587082 
3.42416 0.582836 
3.45413 0.587938 
3.40636 0.579806 
3.41467 0.581221 
3.43125 0.584042 
3.4074 0.579982 
3.35956 0.57184 
3.34648 0.569614 
3.32629 0.566177 
3.36353 0.572516 
3.4064 0.579812 
3.35945 0.571822 
3.37013 0.57364 
3.45334 0.587802 
3.37717 0.574838 
3.41836 0.581849 
3.51719 0.59867 
3.47693 0.591818 
3.4029 0.579218 
3.38805 0.57669 
3.41086 0.580573 
3.36644 0.573011 
3.38045 0.575395 
3.43089 0.583981 
3.34218 0.568881 
3.38661 0.576445 
3.38627 0.576386 
3.395 0.577872 
3.36348 0.572508 
3.33429 0.567539 
3.23403 0.550473 
3.16349 0.538466 
3.1957 0.543949 
3.13453 0.533537 
3.13021 0.532802 
2.99569 0.509905 
2.94516 0.501304 
2.94108 0.500609 
2.80861 0.478061 
2.76696 0.470971 
2.67775 0.455786 
2.65033 0.451121 
2.66851 0.454214 
2.61316 0.444793 


2.02406 0.139912 
2.02345 0.13987 
1.97722 0.136674 
1.94542 0.134476 
1.87037 0.129288 
1.88894 0.130572 
1.86338 0.128805 
1.86218 0.128722 
1.87382 0.129527 
1.81574 0.125512 
1.82857 0.126399 
1.82414 0.126093 
1.84663 0.127647 
1.81504 0.125464 
1.77744 0.122864 
1.79527 0.124097 
1.78625 0.123474 
1.78955 0.123701 
1.80816 0.124988 
1.81525 0.125478 
1.82103 0.125878 
1.84229 0.127347 
1.86761 0.129097 
1.91237 0.132192 
1.91598 0.132441 
1.95582 0.135195 
1.94827 0.134673 
1.99986 0.138239 
2.03802 0.140877 
2.11252 0.146027 
2.14367 0.14818 
2.23348 0.154388 
2.29867 0.158894 
2.4076 0.166424 
2.45347 0.169595 
2.49764 0.172648 
2.5862 0.178769 
2.64539 0.182861 
2.64326 0.182713 
2.68357 0.1855 
2.71882 0.187937 
2.70168 0.186752 
2.73284 0.188906 
2.69769 0.186476 
2.64851 0.183077 
2.64607 0.182908 
2.63892 0.182414 
2.60521 0.180083 
2.55105 0.17634 
2.55899 0.176888 
2.60317 0.179942 
2.6541 0.183463 
2.6349 0.182136 
2.65797 0.18373 
2.62121 0.181189 
2.6276 0.181632 
2.64036 0.182513 
2.622 0.181244 
2.58519 0.1787 
2.57513 0.178004 
2.55959 0.17693 
2.58825 0.178911 
2.62124 0.181191 
2.58511 0.178694 
2.59333 0.179262 
2.65735 0.183688 
2.59875 0.179637 
2.63044 0.181828 
2.70649 0.187085 
2.67551 0.184943 
2.61855 0.181006 
2.60712 0.180216 
2.62467 0.181429 
2.59049 0.179066 
2.60127 0.179811 
2.64008 0.182494 
2.57182 0.177775 
2.60601 0.180139 
2.60574 0.180121 
2.61246 0.180585 
2.58821 0.178909 
2.56575 0.177356 
2.4886 0.172023 
2.43432 0.168271 
2.4591 0.169984 
2.41203 0.16673 
2.40871 0.166501 
2.3052 0.159345 
2.26631 0.156657 
2.26317 0.15644 
2.16124 0.149394 
2.12918 0.147178 
2.06053 0.142433 
2.03944 0.140975 
2.05342 0.141942 
2.01084 0.138998 


6.19344 0.354444 
6.19158 0.354337 
6.05011 0.346241 
5.95282 0.340673 
5.72315 0.32753 
5.77998 0.330782 
5.70177 0.326306 
5.69809 0.326096 
5.73371 0.328134 
5.556 0.317964 
5.59525 0.32021 
5.58171 0.319435 
5.65052 0.323373 
5.55386 0.317842 
5.43879 0.311256 
5.49335 0.314378 
5.46577 0.3128 
5.47585 0.313377 
5.5328 0.316636 
5.55448 0.317877 
5.5722 0.318891 
5.63724 0.322613 
5.71471 0.327047 
5.85169 0.334886 
5.86271 0.335517 
5.98462 0.342494 
5.96154 0.341173 
6.11938 0.350206 
6.23615 0.356888 
6.46412 0.369935 
6.55944 0.37539 
6.83425 0.391117 
7.03372 0.402532 
7.36704 0.421608 
7.5074 0.42964 
7.64255 0.437375 
7.91353 0.452883 
8.09466 0.463248 
8.08812 0.462874 
8.21149 0.469935 
8.31934 0.476107 
8.2669 0.473106 
8.36225 0.478562 
8.25468 0.472406 
8.10419 0.463794 
8.09672 0.463367 
8.07485 0.462115 
7.97169 0.456211 
7.80598 0.446728 
7.83026 0.448117 
7.96545 0.455854 
8.1213 0.464773 
8.06256 0.461412 
8.13314 0.465451 
8.02066 0.459013 
8.04023 0.460133 
8.07925 0.462367 
8.02309 0.459153 
7.91046 0.452707 
7.87966 0.450945 
7.83211 0.448223 
7.91981 0.453242 
8.02074 0.459018 
7.9102 0.452692 
7.93535 0.454131 
8.13126 0.465343 
7.95192 0.45508 
8.04891 0.46063 
8.28161 0.473947 
8.18681 0.468522 
8.01251 0.458547 
7.97754 0.456546 
8.03125 0.45962 
7.92666 0.453634 
7.95963 0.455521 
8.0784 0.462318 
7.86952 0.450364 
7.97415 0.456352 
7.97334 0.456305 
7.9939 0.457482 
7.91969 0.453236 
7.85095 0.449302 
7.61488 0.435791 
7.44879 0.426286 
7.52462 0.430626 
7.3806 0.422384 
7.37043 0.421802 
7.05369 0.403675 
6.9347 0.396865 
6.9251 0.396316 
6.61318 0.378465 
6.5151 0.372852 
6.30505 0.360831 
6.2405 0.357137 
6.28329 0.359586 
6.15297 0.352128 


1.26853 0.249976 
1.26815 0.249901 
1.23918 0.244191 
1.21925 0.240264 
1.17221 0.230995 
1.18385 0.233288 
1.16783 0.230132 
1.16708 0.229983 
1.17438 0.231421 
1.13798 0.224248 
1.14602 0.225833 
1.14324 0.225286 
1.15734 0.228063 
1.13754 0.224162 
1.11397 0.219517 
1.12514 0.221719 
1.11949 0.220606 
1.12156 0.221013 
1.13322 0.223312 
1.13767 0.224187 
1.14129 0.224902 
1.15461 0.227527 
1.17048 0.230654 
1.19854 0.236183 
1.2008 0.236628 
1.22577 0.241548 
1.22104 0.240616 
1.25337 0.246987 
1.27728 0.2517 
1.32398 0.260901 
1.3435 0.264748 
1.39979 0.27584 
1.44064 0.283891 
1.50891 0.297344 
1.53766 0.30301 
1.56534 0.308464 
1.62084 0.319401 
1.65794 0.326712 
1.6566 0.326448 
1.68187 0.331428 
1.70396 0.335781 
1.69322 0.333664 
1.71275 0.337512 
1.69072 0.333171 
1.65989 0.327097 
1.65837 0.326796 
1.65388 0.325912 
1.63276 0.321749 
1.59881 0.31506 
1.60379 0.316041 
1.63148 0.321497 
1.6634 0.327787 
1.65137 0.325417 
1.66582 0.328265 
1.64278 0.323725 
1.64679 0.324515 
1.65479 0.32609 
1.64328 0.323823 
1.62021 0.319277 
1.61391 0.318035 
1.60417 0.316115 
1.62213 0.319655 
1.6428 0.323729 
1.62016 0.319267 
1.62531 0.320282 
1.66544 0.328189 
1.62871 0.320951 
1.64857 0.324866 
1.69623 0.334258 
1.67682 0.330432 
1.64112 0.323397 
1.63396 0.321985 
1.64496 0.324153 
1.62353 0.319931 
1.63029 0.321262 
1.65461 0.326056 
1.61183 0.317625 
1.63326 0.321848 
1.63309 0.321815 
1.6373 0.322645 
1.62211 0.31965 
1.60803 0.316876 
1.55967 0.307347 
1.52565 0.300644 
1.54119 0.303705 
1.51169 0.297892 
1.50961 0.297481 
1.44473 0.284697 
1.42036 0.279895 
1.41839 0.279507 
1.35451 0.266918 
1.33442 0.262959 
1.29139 0.254481 
1.27818 0.251876 
1.28694 0.253603 
1.26025 0.248343 


1.72558 0.354444 
1.72506 0.354337 
1.68565 0.346241 
1.65854 0.340673 
1.59455 0.32753 
1.61039 0.330782 
1.5886 0.326306 
1.58757 0.326096 
1.5975 0.328134 
1.54798 0.317964 
1.55892 0.32021 
1.55514 0.319435 
1.57432 0.323373 
1.54739 0.317842 
1.51533 0.311256 
1.53053 0.314378 
1.52284 0.3128 
1.52565 0.313377 
1.54152 0.316636 
1.54756 0.317877 
1.55249 0.318891 
1.57062 0.322613 
1.5922 0.327047 
1.63037 0.334886 
1.63344 0.335517 
1.6674 0.342494 
1.66097 0.341173 
1.70495 0.350206 
1.73748 0.356888 
1.801 0.369935 
1.82755 0.37539 
1.90412 0.391117 
1.9597 0.402532 
2.05256 0.421608 
2.09167 0.42964 
2.12932 0.437375 
2.20482 0.452883 
2.25529 0.463248 
2.25347 0.462874 
2.28784 0.469935 
2.31789 0.476107 
2.30328 0.473106 
2.32984 0.478562 
2.29987 0.472406 
2.25794 0.463794 
2.25586 0.463367 
2.24977 0.462115 
2.22103 0.456211 
2.17486 0.446728 
2.18162 0.448117 
2.21929 0.455854 
2.26271 0.464773 
2.24635 0.461412 
2.26601 0.465451 
2.23467 0.459013 
2.24012 0.460133 
2.251 0.462367 
2.23535 0.459153 
2.20397 0.452707 
2.19539 0.450945 
2.18214 0.448223 
2.20657 0.453242 
2.23469 0.459018 
2.2039 0.452692 
2.2109 0.454131 
2.26549 0.465343 
2.21552 0.45508 
2.24254 0.46063 
2.30738 0.473947 
2.28096 0.468522 
2.2324 0.458547 
2.22266 0.456546 
2.23762 0.45962 
2.20848 0.453634 
2.21767 0.455521 
2.25076 0.462318 
2.19256 0.450364 
2.22171 0.456352 
2.22149 0.456305 
2.22722 0.457482 
2.20654 0.453236 
2.18739 0.449302 
2.12161 0.435791 
2.07534 0.426286 
2.09647 0.430626 
2.05634 0.422384 
2.05351 0.421802 
1.96526 0.403675 
1.93211 0.396865 
1.92943 0.396316 
1.84253 0.378465 
1.8152 0.372852 
1.75668 0.360831 
1.73869 0.357137 
1.75062 0.359586 
1.71431 0.352128 


5.53119 1.4271 
5.52952 1.42667 
5.40319 1.39408 
5.3163 1.37166 
5.11119 1.31874 
5.16194 1.33183 
5.09209 1.31381 
5.08881 1.31296 
5.12062 1.32117 
4.96191 1.28022 
4.99697 1.28927 
4.98487 1.28615 
5.04633 1.302 
4.96 1.27973 
4.85723 1.25322 
4.90596 1.26579 
4.88132 1.25943 
4.89033 1.26175 
4.94119 1.27488 
4.96056 1.27987 
4.97637 1.28395 
5.03446 1.29894 
5.10365 1.31679 
5.22598 1.34836 
5.23583 1.3509 
5.3447 1.37899 
5.32409 1.37367 
5.46505 1.41004 
5.56933 1.43694 
5.77293 1.48947 
5.85805 1.51144 
6.10348 1.57476 
6.28162 1.62072 
6.5793 1.69753 
6.70465 1.72987 
6.82535 1.76101 
7.06735 1.82345 
7.22911 1.86518 
7.22327 1.86368 
7.33345 1.89211 
7.42977 1.91696 
7.38294 1.90487 
7.46809 1.92684 
7.37203 1.90206 
7.23762 1.86738 
7.23096 1.86566 
7.21142 1.86062 
7.1193 1.83685 
6.9713 1.79867 
6.99299 1.80426 
7.11372 1.83541 
7.25291 1.87132 
7.20045 1.85779 
7.26348 1.87405 
7.16302 1.84813 
7.1805 1.85264 
7.21536 1.86164 
7.1652 1.84869 
7.06461 1.82274 
7.03711 1.81565 
6.99464 1.80469 
7.07296 1.8249 
7.1631 1.84815 
7.06438 1.82268 
7.08684 1.82848 
7.2618 1.87362 
7.10164 1.8323 
7.18826 1.85464 
7.39607 1.90826 
7.31142 1.88642 
7.15575 1.84626 
7.12452 1.8382 
7.17249 1.85058 
7.07908 1.82647 
7.10853 1.83407 
7.21459 1.86144 
7.02805 1.81331 
7.12149 1.83742 
7.12077 1.83723 
7.13913 1.84197 
7.07286 1.82487 
7.01147 1.80903 
6.80064 1.75463 
6.6523 1.71636 
6.72003 1.73384 
6.59141 1.70065 
6.58233 1.69831 
6.29945 1.62532 
6.19319 1.59791 
6.18461 1.59569 
5.90605 1.52382 
5.81846 1.50122 
5.63086 1.45282 
5.57322 1.43795 
5.61143 1.44781 
5.49505 1.41778 


2.46245 0.606285 
2.46171 0.606103 
2.40547 0.592255 
2.36678 0.582731 
2.27547 0.560248 
2.29806 0.565811 
2.26697 0.558155 
2.26551 0.557795 
2.27967 0.561282 
2.20901 0.543886 
2.22462 0.547728 
2.21923 0.546402 
2.24659 0.553139 
2.20816 0.543676 
2.16241 0.532412 
2.1841 0.537752 
2.17314 0.535052 
2.17715 0.53604 
2.19979 0.541614 
2.20841 0.543737 
2.21545 0.545471 
2.24131 0.551838 
2.27211 0.559422 
2.32658 0.572831 
2.33096 0.57391 
2.37943 0.585844 
2.37025 0.583585 
2.43301 0.599036 
2.47943 0.610466 
2.57007 0.632783 
2.60797 0.642114 
2.71723 0.669016 
2.79654 0.688542 
2.92906 0.721171 
2.98487 0.734911 
3.0386 0.748141 
3.14634 0.774668 
3.21836 0.792399 
3.21576 0.791758 
3.26481 0.803836 
3.30769 0.814393 
3.28684 0.80926 
3.32475 0.818594 
3.28198 0.808064 
3.22215 0.793331 
3.21918 0.792601 
3.21048 0.790459 
3.16947 0.780362 
3.10358 0.764139 
3.11324 0.766517 
3.16699 0.779751 
3.22895 0.795007 
3.2056 0.789257 
3.23366 0.796165 
3.18894 0.785154 
3.19672 0.78707 
3.21223 0.790891 
3.1899 0.785393 
3.14512 0.774367 
3.13288 0.771353 
3.11397 0.766698 
3.14884 0.775283 
3.18897 0.785163 
3.14502 0.774342 
3.15502 0.776804 
3.23291 0.795982 
3.16161 0.778426 
3.20017 0.78792 
3.29269 0.8107 
3.255 0.80142 
3.1857 0.784357 
3.17179 0.780934 
3.19315 0.786192 
3.15156 0.775953 
3.16467 0.779181 
3.21189 0.790807 
3.12885 0.77036 
3.17045 0.780602 
3.17012 0.780522 
3.1783 0.782535 
3.14879 0.775271 
3.12146 0.768542 
3.0276 0.745432 
2.96157 0.729173 
2.99172 0.736597 
2.93446 0.722499 
2.93041 0.721503 
2.80448 0.690497 
2.75717 0.678849 
2.75335 0.677909 
2.62934 0.647375 
2.59034 0.637773 
2.50683 0.617211 
2.48116 0.610893 
2.49818 0.615081 
2.44636 0.602324 


4.49584 -0.0373098 
4.49449 -0.0372987 
4.3918 -0.0364465 
4.32117 -0.0358603 
4.15445 -0.0344768 
4.19571 -0.0348192 
4.13893 -0.034348 
4.13626 -0.0343258 
4.16212 -0.0345405 
4.03312 -0.0334699 
4.06162 -0.0337064 
4.05178 -0.0336248 
4.10174 -0.0340393 
4.03157 -0.033457 
3.94804 -0.0327638 
3.98764 -0.0330925 
3.96762 -0.0329263 
3.97494 -0.0329871 
4.01628 -0.0333301 
4.03202 -0.0334607 
4.04488 -0.0335674 
4.09209 -0.0339593 
4.14833 -0.0344259 
4.24776 -0.0352512 
4.25576 -0.0353176 
4.34426 -0.0360519 
4.3275 -0.0359129 
4.44208 -0.0368638 
4.52684 -0.0375672 
4.69233 -0.0389405 
4.76152 -0.0395147 
4.96101 -0.0411702 
5.1058 -0.0423718 
5.34776 -0.0443797 
5.44965 -0.0452253 
5.54775 -0.0460395 
5.74446 -0.0476718 
5.87594 -0.048763 
5.87119 -0.0487236 
5.96075 -0.0494668 
6.03904 -0.0501165 
6.00097 -0.0498006 
6.07019 -0.050375 
5.9921 -0.049727 
5.88286 -0.0488204 
5.87744 -0.0487754 
5.86156 -0.0486437 
5.78668 -0.0480223 
5.66639 -0.047024 
5.68402 -0.0471702 
5.78215 -0.0479847 
5.89528 -0.0489235 
5.85264 -0.0485696 
5.90387 -0.0489948 
5.82222 -0.0483172 
5.83643 -0.0484351 
5.86476 -0.0486702 
5.82399 -0.0483319 
5.74223 -0.0476534 
5.71988 -0.0474678 
5.68536 -0.0471814 
5.74902 -0.0477097 
5.82228 -0.0483177 
5.74204 -0.0476518 
5.7603 -0.0478033 
5.90251 -0.0489835 
5.77233 -0.0479031 
5.84273 -0.0484874 
6.01165 -0.0498892 
5.94284 -0.0493182 
5.81631 -0.0482682 
5.79093 -0.0480575 
5.82992 -0.048381 
5.75399 -0.047751 
5.77793 -0.0479496 
5.86414 -0.0486651 
5.71251 -0.0474068 
5.78846 -0.048037 
5.78787 -0.0480321 
5.8028 -0.048156 
5.74893 -0.047709 
5.69904 -0.0472949 
5.52767 -0.0458728 
5.4071 -0.0448722 
5.46215 -0.0453291 
5.3576 -0.0444615 
5.35022 -0.0444002 
5.1203 -0.0424921 
5.03392 -0.0417753 
5.02695 -0.0417174 
4.80053 -0.0398385 
4.72934 -0.0392476 
4.57686 -0.0379822 
4.53 -0.0375934 
4.56106 -0.0378512 
4.46647 -0.0370661 


21.3599 2.0054 
21.3535 2.0048 
20.8656 1.959 
20.5301 1.92749 
19.738 1.85313 
19.934 1.87153 
19.6642 1.8462 
19.6515 1.84501 
19.7744 1.85655 
19.1615 1.79901 
19.2969 1.81172 
19.2502 1.80733 
19.4875 1.82961 
19.1541 1.79831 
18.7573 1.76105 
18.9454 1.77872 
18.8503 1.76979 
18.8851 1.77305 
19.0815 1.79149 
19.1563 1.79852 
19.2174 1.80425 
19.4417 1.82531 
19.7089 1.85039 
20.1813 1.89475 
20.2193 1.89832 
20.6397 1.93779 
20.5601 1.93032 
21.1045 1.98143 
21.5072 2.01923 
22.2934 2.09305 
22.6222 2.12392 
23.5699 2.2129 
24.2579 2.27748 
25.4074 2.38541 
25.8915 2.43086 
26.3576 2.47462 
27.2921 2.56236 
27.9168 2.62101 
27.8943 2.61889 
28.3197 2.65884 
28.6917 2.69376 
28.5108 2.67678 
28.8397 2.70766 
28.4687 2.67283 
27.9497 2.6241 
27.9239 2.62168 
27.8485 2.6146 
27.4927 2.5812 
26.9212 2.52754 
27.005 2.5354 
27.4712 2.57917 
28.0087 2.62964 
27.8061 2.61062 
28.0495 2.63347 
27.6616 2.59705 
27.7291 2.60339 
27.8637 2.61602 
27.67 2.59784 
27.2815 2.56137 
27.1753 2.5514 
27.0114 2.536 
27.3138 2.5644 
27.6619 2.59708 
27.2807 2.56128 
27.3674 2.56943 
28.0431 2.63286 
27.4246 2.57479 
27.759 2.6062 
28.5616 2.68154 
28.2346 2.65085 
27.6335 2.59441 
27.5129 2.58309 
27.6982 2.60048 
27.3374 2.56661 
27.4511 2.57729 
27.8607 2.61575 
27.1404 2.54811 
27.5012 2.58199 
27.4984 2.58173 
27.5693 2.58838 
27.3134 2.56436 
27.0763 2.5421 
26.2621 2.46566 
25.6893 2.41188 
25.9509 2.43644 
25.4542 2.3898 
25.4191 2.38651 
24.3267 2.28395 
23.9164 2.24542 
23.8832 2.24231 
22.8075 2.14132 
22.4693 2.10956 
21.7448 2.04154 
21.5222 2.02065 
21.6698 2.0345 
21.2203 1.9923 


27.6559 6.9956 
27.6476 6.9935 
27.0159 6.83371 
26.5815 6.72382 
25.5559 6.4644 
25.8097 6.52859 
25.4605 6.44025 
25.444 6.4361 
25.6031 6.47633 
24.8096 6.27561 
24.9848 6.31994 
24.9243 6.30464 
25.2316 6.38237 
24.8 6.27319 
24.2862 6.14321 
24.5298 6.20483 
24.4066 6.17368 
24.4517 6.18507 
24.7059 6.24939 
24.8028 6.27389 
24.8819 6.2939 
25.1723 6.36736 
25.5182 6.45487 
26.1299 6.60959 
26.1791 6.62204 
26.7235 6.75974 
26.6204 6.73367 
27.3253 6.91195 
27.8466 7.04384 
28.8646 7.30134 
29.2903 7.40901 
30.5174 7.71941 
31.4081 7.94471 
32.8965 8.3212 
33.5233 8.47974 
34.1267 8.6324 
35.3368 8.93847 
36.1456 9.14306 
36.1164 9.13567 
36.6673 9.27502 
37.1489 9.39684 
36.9147 9.33761 
37.3405 9.44531 
36.8601 9.32381 
36.1881 9.15382 
36.1548 9.1454 
36.0571 9.12068 
35.5965 9.00417 
34.8565 8.81699 
34.9649 8.84442 
35.5686 8.99712 
36.2645 9.17316 
36.0023 9.10681 
36.3174 9.18652 
35.8151 9.05947 
35.9025 9.08158 
36.0768 9.12566 
35.826 9.06222 
35.323 8.935 
35.1855 8.90022 
34.9732 8.84651 
35.3648 8.94557 
35.8155 9.05957 
35.3219 8.93471 
35.4342 8.96312 
36.309 9.18441 
35.5082 8.98184 
35.9413 9.09139 
36.9804 9.35422 
36.5571 9.24715 
35.7788 9.05028 
35.6226 9.01078 
35.8625 9.07145 
35.3954 8.9533 
35.5426 8.99055 
36.073 9.1247 
35.1403 8.88877 
35.6075 9.00695 
35.6038 9.00603 
35.6956 9.02925 
35.3643 8.94544 
35.0573 8.86779 
34.0032 8.60114 
33.2615 8.41354 
33.6002 8.4992 
32.957 8.33652 
32.9116 8.32504 
31.4973 7.96727 
30.9659 7.83287 
30.9231 7.82202 
29.5303 7.46971 
29.0923 7.35893 
28.1543 7.12166 
27.8661 7.04876 
28.0572 7.09709 
27.4752 6.94989 


0.932746 0.932746 
0.932466 0.932466 
0.911161 0.911161 
0.896509 0.896509 
0.86192 0.86192 
0.870479 0.870479 
0.8587 0.8587 
0.858146 0.858146 
0.863511 0.863511 
0.836747 0.836747 
0.842659 0.842659 
0.840619 0.840619 
0.850982 0.850982 
0.836425 0.836425 
0.819095 0.819095 
0.827311 0.827311 
0.823157 0.823157 
0.824676 0.824676 
0.833252 0.833252 
0.836519 0.836519 
0.839186 0.839186 
0.848981 0.848981 
0.860649 0.860649 
0.881279 0.881279 
0.882939 0.882939 
0.901299 0.901299 
0.897822 0.897822 
0.921594 0.921594 
0.939179 0.939179 
0.973513 0.973513 
0.987868 0.987868 
1.02926 1.02926 
1.0593 1.0593 
1.10949 1.10949 
1.13063 1.13063 
1.15099 1.15099 
1.1918 1.1918 
1.21907 1.21907 
1.21809 1.21809 
1.23667 1.23667 
1.25291 1.25291 
1.24502 1.24502 
1.25937 1.25937 
1.24317 1.24317 
1.22051 1.22051 
1.21939 1.21939 
1.21609 1.21609 
1.20056 1.20056 
1.1756 1.1756 
1.17926 1.17926 
1.19962 1.19962 
1.22309 1.22309 
1.21424 1.21424 
1.22487 1.22487 
1.20793 1.20793 
1.21088 1.21088 
1.21676 1.21676 
1.2083 1.2083 
1.19133 1.19133 
1.1867 1.1867 
1.17954 1.17954 
1.19274 1.19274 
1.20794 1.20794 
1.1913 1.1913 
1.19508 1.19508 
1.22459 1.22459 
1.19758 1.19758 
1.21219 1.21219 
1.24723 1.24723 
1.23295 1.23295 
1.2067 1.2067 
1.20144 1.20144 
1.20953 1.20953 
1.19377 1.19377 
1.19874 1.19874 
1.21663 1.21663 
1.18517 1.18517 
1.20093 1.20093 
1.2008 1.2008 
1.2039 1.2039 
1.19273 1.19273 
1.18237 1.18237 
1.14682 1.14682 
1.1218 1.1218 
1.13323 1.13323 
1.11154 1.11154 
1.11 1.11 
1.0623 1.0623 
1.04438 1.04438 
1.04294 1.04294 
0.995961 0.995961 
0.98119 0.98119 
0.949555 0.949555 
0.939835 0.939835 
0.946279 0.946279 
0.926652 0.926652 


8.59059 1.46441 
8.58801 1.46397 
8.3918 1.43052 
8.25685 1.40752 
7.93828 1.35321 
8.01711 1.36665 
7.90863 1.34816 
7.90353 1.34729 
7.95294 1.35571 
7.70644 1.31369 
7.76089 1.32297 
7.7421 1.31977 
7.83755 1.33604 
7.70347 1.31319 
7.54386 1.28598 
7.61954 1.29888 
7.58128 1.29236 
7.59527 1.29474 
7.67426 1.30821 
7.70434 1.31333 
7.72891 1.31752 
7.81912 1.3329 
7.92657 1.35122 
8.11658 1.38361 
8.13187 1.38621 
8.30096 1.41504 
8.26895 1.40958 
8.48788 1.4469 
8.64984 1.47451 
8.96605 1.52841 
9.09826 1.55095 
9.47944 1.61593 
9.75611 1.66309 
10.2184 1.74191 
10.4131 1.77509 
10.6006 1.80705 
10.9764 1.87112 
11.2277 1.91395 
11.2186 1.9124 
11.3897 1.94157 
11.5393 1.96707 
11.4666 1.95467 
11.5988 1.97722 
11.4496 1.95178 
11.2409 1.9162 
11.2305 1.91444 
11.2002 1.90926 
11.0571 1.88487 
10.8273 1.84569 
10.861 1.85143 
11.0485 1.8834 
11.2646 1.92025 
11.1832 1.90636 
11.2811 1.92305 
11.125 1.89645 
11.1522 1.90108 
11.2063 1.91031 
11.1284 1.89703 
10.9722 1.87039 
10.9295 1.86311 
10.8635 1.85187 
10.9852 1.87261 
11.1252 1.89647 
10.9718 1.87033 
11.0067 1.87628 
11.2785 1.9226 
11.0297 1.8802 
11.1642 1.90313 
11.487 1.95815 
11.3555 1.93574 
11.1137 1.89452 
11.0652 1.88626 
11.1397 1.89896 
10.9947 1.87422 
11.0404 1.88202 
11.2051 1.9101 
10.9154 1.86071 
11.0605 1.88545 
11.0594 1.88526 
11.0879 1.89012 
10.985 1.87258 
10.8897 1.85632 
10.5622 1.80051 
10.3318 1.76123 
10.437 1.77917 
10.2372 1.74511 
10.2231 1.74271 
9.78381 1.66781 
9.61876 1.63968 
9.60544 1.63741 
9.1728 1.56366 
9.03676 1.54047 
8.7454 1.4908 
8.65588 1.47554 
8.71523 1.48566 
8.53447 1.45484 


0.932746 0.932746 
0.932466 0.932466 
0.911161 0.911161 
0.896509 0.896509 
0.86192 0.86192 
0.870479 0.870479 
0.8587 0.8587 
0.858146 0.858146 
0.863511 0.863511 
0.836747 0.836747 
0.842659 0.842659 
0.840619 0.840619 
0.850982 0.850982 
0.836425 0.836425 
0.819095 0.819095 
0.827311 0.827311 
0.823157 0.823157 
0.824676 0.824676 
0.833252 0.833252 
0.836519 0.836519 
0.839186 0.839186 
0.848981 0.848981 
0.860649 0.860649 
0.881279 0.881279 
0.882939 0.882939 
0.901299 0.901299 
0.897822 0.897822 
0.921594 0.921594 
0.939179 0.939179 
0.973513 0.973513 
0.987868 0.987868 
1.02926 1.02926 
1.0593 1.0593 
1.10949 1.10949 
1.13063 1.13063 
1.15099 1.15099 
1.1918 1.1918 
1.21907 1.21907 
1.21809 1.21809 
1.23667 1.23667 
1.25291 1.25291 
1.24502 1.24502 
1.25937 1.25937 
1.24317 1.24317 
1.22051 1.22051 
1.21939 1.21939 
1.21609 1.21609 
1.20056 1.20056 
1.1756 1.1756 
1.17926 1.17926 
1.19962 1.19962 
1.22309 1.22309 
1.21424 1.21424 
1.22487 1.22487 
1.20793 1.20793 
1.21088 1.21088 
1.21676 1.21676 
1.2083 1.2083 
1.19133 1.19133 
1.1867 1.1867 
1.17954 1.17954 
1.19274 1.19274 
1.20794 1.20794 
1.1913 1.1913 
1.19508 1.19508 
1.22459 1.22459 
1.19758 1.19758 
1.21219 1.21219 
1.24723 1.24723 
1.23295 1.23295 
1.2067 1.2067 
1.20144 1.20144 
1.20953 1.20953 
1.19377 1.19377 
1.19874 1.19874 
1.21663 1.21663 
1.18517 1.18517 
1.20093 1.20093 
1.2008 1.2008 
1.2039 1.2039 
1.19273 1.19273 
1.18237 1.18237 
1.14682 1.14682 
1.1218 1.1218 
1.13323 1.13323 
1.11154 1.11154 
1.11 1.11 
1.0623 1.0623 
1.04438 1.04438 
1.04294 1.04294 
0.995961 0.995961 
0.98119 0.98119 
0.949555 0.949555 
0.939835 0.939835 
0.946279 0.946279 
0.926652 0.926652 


21.3599 2.0054 
21.3535 2.0048 
20.8656 1.959 
20.5301 1.92749 
19.738 1.85313 
19.934 1.87153 
19.6642 1.8462 
19.6515 1.84501 
19.7744 1.85655 
19.1615 1.79901 
19.2969 1.81172 
19.2502 1.80733 
19.4875 1.82961 
19.1541 1.79831 
18.7573 1.76105 
18.9454 1.77872 
18.8503 1.76979 
18.8851 1.77305 
19.0815 1.79149 
19.1563 1.79852 
19.2174 1.80425 
19.4417 1.82531 
19.7089 1.85039 
20.1813 1.89475 
20.2193 1.89832 
20.6397 1.93779 
20.5601 1.93032 
21.1045 1.98143 
21.5072 2.01923 
22.2934 2.09305 
22.6222 2.12392 
23.5699 2.2129 
24.2579 2.27748 
25.4074 2.38541 
25.8915 2.43086 
26.3576 2.47462 
27.2921 2.56236 
27.9168 2.62101 
27.8943 2.61889 
28.3197 2.65884 
28.6917 2.69376 
28.5108 2.67678 
28.8397 2.70766 
28.4687 2.67283 
27.9497 2.6241 
27.9239 2.62168 
27.8485 2.6146 
27.4927 2.5812 
26.9212 2.52754 
27.005 2.5354 
27.4712 2.57917 
28.0087 2.62964 
27.8061 2.61062 
28.0495 2.63347 
27.6616 2.59705 
27.7291 2.60339 
27.8637 2.61602 
27.67 2.59784 
27.2815 2.56137 
27.1753 2.5514 
27.0114 2.536 
27.3138 2.5644 
27.6619 2.59708 
27.2807 2.56128 
27.3674 2.56943 
28.0431 2.63286 
27.4246 2.57479 
27.759 2.6062 
28.5616 2.68154 
28.2346 2.65085 
27.6335 2.59441 
27.5129 2.58309 
27.6982 2.60048 
27.3374 2.56661 
27.4511 2.57729 
27.8607 2.61575 
27.1404 2.54811 
27.5012 2.58199 
27.4984 2.58173 
27.5693 2.58838 
27.3134 2.56436 
27.0763 2.5421 
26.2621 2.46566 
25.6893 2.41188 
25.9509 2.43644 
25.4542 2.3898 
25.4191 2.38651 
24.3267 2.28395 
23.9164 2.24542 
23.8832 2.24231 
22.8075 2.14132 
22.4693 2.10956 
21.7448 2.04154 
21.5222 2.02065 
21.6698 2.0345 
21.2203 1.9923 


10.1203 2.09868 
10.1173 2.09805 
9.8861 2.05011 
9.72712 2.01714 
9.35183 1.93932 
9.44469 1.95858 
9.3169 1.93208 
9.31089 1.93083 
9.3691 1.9429 
9.07871 1.88268 
9.14285 1.89598 
9.12071 1.89139 
9.23316 1.91471 
9.07521 1.88196 
8.88718 1.84296 
8.97633 1.86145 
8.93126 1.8521 
8.94774 1.85552 
9.04079 1.87482 
9.07623 1.88217 
9.10517 1.88817 
9.21145 1.91021 
9.33804 1.93646 
9.56187 1.98288 
9.57989 1.98661 
9.77909 2.02792 
9.74137 2.0201 
9.99929 2.07359 
10.1901 2.11315 
10.5626 2.1904 
10.7184 2.2227 
11.1674 2.31582 
11.4934 2.38341 
12.038 2.49636 
12.2674 2.54392 
12.4882 2.58972 
12.931 2.68154 
13.227 2.74292 
13.2163 2.7407 
13.4179 2.78251 
13.5941 2.81905 
13.5084 2.80128 
13.6642 2.83359 
13.4884 2.79714 
13.2425 2.74615 
13.2303 2.74362 
13.1946 2.73621 
13.026 2.70125 
12.7552 2.6451 
12.7949 2.65333 
13.0158 2.69914 
13.2705 2.75195 
13.1745 2.73204 
13.2898 2.75596 
13.106 2.71784 
13.138 2.72447 
13.2018 2.7377 
13.11 2.71867 
12.926 2.6805 
12.8757 2.67007 
12.798 2.65395 
12.9413 2.68367 
13.1062 2.71787 
12.9256 2.68041 
12.9666 2.68894 
13.2868 2.75532 
12.9937 2.69455 
13.1522 2.72742 
13.5324 2.80627 
13.3775 2.77415 
13.0927 2.71508 
13.0356 2.70323 
13.1234 2.72143 
12.9524 2.68599 
13.0063 2.69717 
13.2004 2.73741 
12.8591 2.66663 
13.03 2.70208 
13.0287 2.70181 
13.0623 2.70878 
12.9411 2.68363 
12.8287 2.66034 
12.443 2.58034 
12.1716 2.52406 
12.2955 2.54976 
12.0602 2.50096 
12.0436 2.49751 
11.526 2.39018 
11.3316 2.34986 
11.3159 2.34661 
10.8062 2.24091 
10.6459 2.20768 
10.3027 2.1365 
10.1972 2.11463 
10.2671 2.12913 
10.0542 2.08497 


10.1203 2.09868 
10.1173 2.09805 
9.8861 2.05011 
9.72712 2.01714 
9.35183 1.93932 
9.44469 1.95858 
9.3169 1.93208 
9.31089 1.93083 
9.3691 1.9429 
9.07871 1.88268 
9.14285 1.89598 
9.12071 1.89139 
9.23316 1.91471 
9.07521 1.88196 
8.88718 1.84296 
8.97633 1.86145 
8.93126 1.8521 
8.94774 1.85552 
9.04079 1.87482 
9.07623 1.88217 
9.10517 1.88817 
9.21145 1.91021 
9.33804 1.93646 
9.56187 1.98288 
9.57989 1.98661 
9.77909 2.02792 
9.74137 2.0201 
9.99929 2.07359 
10.1901 2.11315 
10.5626 2.1904 
10.7184 2.2227 
11.1674 2.31582 
11.4934 2.38341 
12.038 2.49636 
12.2674 2.54392 
12.4882 2.58972 
12.931 2.68154 
13.227 2.74292 
13.2163 2.7407 
13.4179 2.78251 
13.5941 2.81905 
13.5084 2.80128 
13.6642 2.83359 
13.4884 2.79714 
13.2425 2.74615 
13.2303 2.74362 
13.1946 2.73621 
13.026 2.70125 
12.7552 2.6451 
12.7949 2.65333 
13.0158 2.69914 
13.2705 2.75195 
13.1745 2.73204 
13.2898 2.75596 
13.106 2.71784 
13.138 2.72447 
13.2018 2.7377 
13.11 2.71867 
12.926 2.6805 
12.8757 2.67007 
12.798 2.65395 
12.9413 2.68367 
13.1062 2.71787 
12.9256 2.68041 
12.9666 2.68894 
13.2868 2.75532 
12.9937 2.69455 
13.1522 2.72742 
13.5324 2.80627 
13.3775 2.77415 
13.0927 2.71508 
13.0356 2.70323 
13.1234 2.72143 
12.9524 2.68599 
13.0063 2.69717 
13.2004 2.73741 
12.8591 2.66663 
13.03 2.70208 
13.0287 2.70181 
13.0623 2.70878 
12.9411 2.68363 
12.8287 2.66034 
12.443 2.58034 
12.1716 2.52406 
12.2955 2.54976 
12.0602 2.50096 
12.0436 2.49751 
11.526 2.39018 
11.3316 2.34986 
11.3159 2.34661 
10.8062 2.24091 
10.6459 2.20768 
10.3027 2.1365 
10.1972 2.11463 
10.2671 2.12913 
10.0542 2.08497 


22.3859 11.193 
22.3792 11.1896 
21.8679 10.9339 
21.5162 10.7581 
20.6861 10.343 
20.8915 10.4457 
20.6088 10.3044 
20.5955 10.2978 
20.7243 10.3621 
20.0819 10.041 
20.2238 10.1119 
20.1748 10.0874 
20.4236 10.2118 
20.0742 10.0371 
19.6583 9.82914 
19.8555 9.92774 
19.7558 9.87789 
19.7922 9.89612 
19.9981 9.99903 
20.0765 10.0382 
20.1405 10.0702 
20.3756 10.1878 
20.6556 10.3278 
21.1507 10.5753 
21.1905 10.5953 
21.6312 10.8156 
21.5477 10.7739 
22.1183 11.0591 
22.5403 11.2701 
23.3643 11.6822 
23.7088 11.8544 
24.7021 12.3511 
25.4231 12.7115 
26.6278 13.3139 
27.1352 13.5676 
27.6237 13.8118 
28.6031 14.3016 
29.2578 14.6289 
29.2342 14.6171 
29.6801 14.84 
30.0699 15.035 
29.8804 14.9402 
30.225 15.1125 
29.8362 14.9181 
29.2922 14.6461 
29.2653 14.6326 
29.1862 14.5931 
28.8134 14.4067 
28.2144 14.1072 
28.3021 14.1511 
28.7908 14.3954 
29.3541 14.6771 
29.1418 14.5709 
29.3969 14.6984 
28.9903 14.4952 
29.0611 14.5305 
29.2021 14.6011 
28.9991 14.4996 
28.592 14.296 
28.4807 14.2404 
28.3088 14.1544 
28.6258 14.3129 
28.9906 14.4953 
28.5911 14.2955 
28.682 14.341 
29.3901 14.695 
28.7419 14.3709 
29.0924 14.5462 
29.9335 14.9668 
29.5909 14.7954 
28.9609 14.4804 
28.8345 14.4172 
29.0286 14.5143 
28.6506 14.3253 
28.7698 14.3849 
29.199 14.5995 
28.4441 14.222 
28.8222 14.4111 
28.8193 14.4096 
28.8936 14.4468 
28.6254 14.3127 
28.3769 14.1885 
27.5237 13.7618 
26.9233 13.4617 
27.1974 13.5987 
26.6769 13.3384 
26.6401 13.3201 
25.4953 12.7476 
25.0652 12.5326 
25.0305 12.5152 
23.9031 11.9515 
23.5486 11.7743 
22.7893 11.3947 
22.556 11.278 
22.7107 11.3553 
22.2397 11.1198 


27.6559 6.9956 
27.6476 6.9935 
27.0159 6.83371 
26.5815 6.72382 
25.5559 6.4644 
25.8097 6.52859 
25.4605 6.44025 
25.444 6.4361 
25.6031 6.47633 
24.8096 6.27561 
24.9848 6.31994 
24.9243 6.30464 
25.2316 6.38237 
24.8 6.27319 
24.2862 6.14321 
24.5298 6.20483 
24.4066 6.17368 
24.4517 6.18507 
24.7059 6.24939 
24.8028 6.27389 
24.8819 6.2939 
25.1723 6.36736 
25.5182 6.45487 
26.1299 6.60959 
26.1791 6.62204 
26.7235 6.75974 
26.6204 6.73367 
27.3253 6.91195 
27.8466 7.04384 
28.8646 7.30134 
29.2903 7.40901 
30.5174 7.71941 
31.4081 7.94471 
32.8965 8.3212 
33.5233 8.47974 
34.1267 8.6324 
35.3368 8.93847 
36.1456 9.14306 
36.1164 9.13567 
36.6673 9.27502 
37.1489 9.39684 
36.9147 9.33761 
37.3405 9.44531 
36.8601 9.32381 
36.1881 9.15382 
36.1548 9.1454 
36.0571 9.12068 
35.5965 9.00417 
34.8565 8.81699 
34.9649 8.84442 
35.5686 8.99712 
36.2645 9.17316 
36.0023 9.10681 
36.3174 9.18652 
35.8151 9.05947 
35.9025 9.08158 
36.0768 9.12566 
35.826 9.06222 
35.323 8.935 
35.1855 8.90022 
34.9732 8.84651 
35.3648 8.94557 
35.8155 9.05957 
35.3219 8.93471 
35.4342 8.96312 
36.309 9.18441 
35.5082 8.98184 
35.9413 9.09139 
36.9804 9.35422 
36.5571 9.24715 
35.7788 9.05028 
35.6226 9.01078 
35.8625 9.07145 
35.3954 8.9533 
35.5426 8.99055 
36.073 9.1247 
35.1403 8.88877 
35.6075 9.00695 
35.6038 9.00603 
35.6956 9.02925 
35.3643 8.94544 
35.0573 8.86779 
34.0032 8.60114 
33.2615 8.41354 
33.6002 8.4992 
32.957 8.33652 
32.9116 8.32504 
31.4973 7.96727 
30.9659 7.83287 
30.9231 7.82202 
29.5303 7.46971 
29.0923 7.35893 
28.1543 7.12166 
27.8661 7.04876 
28.0572 7.09709 
27.4752 6.94989 


0.932746 0.932746 
0.932466 0.932466 
0.911161 0.911161 
0.896509 0.896509 
0.86192 0.86192 
0.870479 0.870479 
0.8587 0.8587 
0.858146 0.858146 
0.863511 0.863511 
0.836747 0.836747 
0.842659 0.842659 
0.840619 0.840619 
0.850982 0.850982 
0.836425 0.836425 
0.819095 0.819095 
0.827311 0.827311 
0.823157 0.823157 
0.824676 0.824676 
0.833252 0.833252 
0.836519 0.836519 
0.839186 0.839186 
0.848981 0.848981 
0.860649 0.860649 
0.881279 0.881279 
0.882939 0.882939 
0.901299 0.901299 
0.897822 0.897822 
0.921594 0.921594 
0.939179 0.939179 
0.973513 0.973513 
0.987868 0.987868 
1.02926 1.02926 
1.0593 1.0593 
1.10949 1.10949 
1.13063 1.13063 
1.15099 1.15099 
1.1918 1.1918 
1.21907 1.21907 
1.21809 1.21809 
1.23667 1.23667 
1.25291 1.25291 
1.24502 1.24502 
1.25937 1.25937 
1.24317 1.24317 
1.22051 1.22051 
1.21939 1.21939 
1.21609 1.21609 
1.20056 1.20056 
1.1756 1.1756 
1.17926 1.17926 
1.19962 1.19962 
1.22309 1.22309 
1.21424 1.21424 
1.22487 1.22487 
1.20793 1.20793 
1.21088 1.21088 
1.21676 1.21676 
1.2083 1.2083 
1.19133 1.19133 
1.1867 1.1867 
1.17954 1.17954 
1.19274 1.19274 
1.20794 1.20794 
1.1913 1.1913 
1.19508 1.19508 
1.22459 1.22459 
1.19758 1.19758 
1.21219 1.21219 
1.24723 1.24723 
1.23295 1.23295 
1.2067 1.2067 
1.20144 1.20144 
1.20953 1.20953 
1.19377 1.19377 
1.19874 1.19874 
1.21663 1.21663 
1.18517 1.18517 
1.20093 1.20093 
1.2008 1.2008 
1.2039 1.2039 
1.19273 1.19273 
1.18237 1.18237 
1.14682 1.14682 
1.1218 1.1218 
1.13323 1.13323 
1.11154 1.11154 
1.11 1.11 
1.0623 1.0623 
1.04438 1.04438 
1.04294 1.04294 
0.995961 0.995961 
0.98119 0.98119 
0.949555 0.949555 
0.939835 0.939835 
0.946279 0.946279 
0.926652 0.926652 


14.6161 2.06137 
14.6117 2.06075 
14.2779 2.01367 
14.0483 1.98128 
13.5063 1.90484 
13.6404 1.92376 
13.4558 1.89773 
13.4472 1.8965 
13.5312 1.90836 
13.1118 1.84921 
13.2045 1.86228 
13.1725 1.85777 
13.3349 1.88067 
13.1068 1.8485 
12.8352 1.8102 
12.964 1.82836 
12.8989 1.81918 
12.9227 1.82253 
13.0571 1.84149 
13.1082 1.84871 
13.15 1.8546 
13.3035 1.87625 
13.4864 1.90203 
13.8096 1.94763 
13.8357 1.95129 
14.1234 1.99187 
14.0689 1.98419 
14.4414 2.03672 
14.7169 2.07559 
15.2549 2.15146 
15.4799 2.18319 
16.1284 2.27465 
16.5992 2.34104 
17.3858 2.45198 
17.717 2.4987 
18.036 2.54368 
18.6754 2.63387 
19.1029 2.69416 
19.0875 2.69198 
19.3786 2.73304 
19.6331 2.76894 
19.5094 2.75148 
19.7344 2.78322 
19.4806 2.74742 
19.1254 2.69733 
19.1078 2.69484 
19.0561 2.68756 
18.8127 2.65323 
18.4216 2.59807 
18.4789 2.60616 
18.798 2.65115 
19.1658 2.70302 
19.0272 2.68347 
19.1937 2.70696 
18.9283 2.66953 
18.9745 2.67604 
19.0666 2.68903 
18.934 2.67033 
18.6682 2.63285 
18.5955 2.6226 
18.4833 2.60677 
18.6903 2.63596 
18.9285 2.66955 
18.6676 2.63276 
18.7269 2.64113 
19.1893 2.70634 
18.7661 2.64665 
18.9949 2.67893 
19.5441 2.75638 
19.3204 2.72483 
18.909 2.66682 
18.8265 2.65518 
18.9533 2.67305 
18.7064 2.63824 
18.7843 2.64922 
19.0645 2.68874 
18.5716 2.61922 
18.8185 2.65405 
18.8166 2.65378 
18.8651 2.66062 
18.69 2.63592 
18.5278 2.61304 
17.9706 2.53447 
17.5787 2.47919 
17.7577 2.50443 
17.4178 2.4565 
17.3938 2.45311 
16.6463 2.34769 
16.3655 2.30809 
16.3428 2.30489 
15.6067 2.20107 
15.3752 2.16843 
14.8795 2.09852 
14.7272 2.07704 
14.8282 2.09128 
14.5206 2.0479 


0.932746 0.932746 
0.932466 0.932466 
0.911161 0.911161 
0.896509 0.896509 
0.86192 0.86192 
0.870479 0.870479 
0.8587 0.8587 
0.858146 0.858146 
0.863511 0.863511 
0.836747 0.836747 
0.842659 0.842659 
0.840619 0.840619 
0.850982 0.850982 
0.836425 0.836425 
0.819095 0.819095 
0.827311 0.827311 
0.823157 0.823157 
0.824676 0.824676 
0.833252 0.833252 
0.836519 0.836519 
0.839186 0.839186 
0.848981 0.848981 
0.860649 0.860649 
0.881279 0.881279 
0.882939 0.882939 
0.901299 0.901299 
0.897822 0.897822 
0.921594 0.921594 
0.939179 0.939179 
0.973513 0.973513 
0.987868 0.987868 
1.02926 1.02926 
1.0593 1.0593 
1.10949 1.10949 
1.13063 1.13063 
1.15099 1.15099 
1.1918 1.1918 
1.21907 1.21907 
1.21809 1.21809 
1.23667 1.23667 
1.25291 1.25291 
1.24502 1.24502 
1.25937 1.25937 
1.24317 1.24317 
1.22051 1.22051 
1.21939 1.21939 
1.21609 1.21609 
1.20056 1.20056 
1.1756 1.1756 
1.17926 1.17926 
1.19962 1.19962 
1.22309 1.22309 
1.21424 1.21424 
1.22487 1.22487 
1.20793 1.20793 
1.21088 1.21088 
1.21676 1.21676 
1.2083 1.2083 
1.19133 1.19133 
1.1867 1.1867 
1.17954 1.17954 
1.19274 1.19274 
1.20794 1.20794 
1.1913 1.1913 
1.19508 1.19508 
1.22459 1.22459 
1.19758 1.19758 
1.21219 1.21219 
1.24723 1.24723 
1.23295 1.23295 
1.2067 1.2067 
1.20144 1.20144 
1.20953 1.20953 
1.19377 1.19377 
1.19874 1.19874 
1.21663 1.21663 
1.18517 1.18517 
1.20093 1.20093 
1.2008 1.2008 
1.2039 1.2039 
1.19273 1.19273 
1.18237 1.18237 
1.14682 1.14682 
1.1218 1.1218 
1.13323 1.13323 
1.11154 1.11154 
1.11 1.11 
1.0623 1.0623 
1.04438 1.04438 
1.04294 1.04294 
0.995961 0.995961 
0.98119 0.98119 
0.949555 0.949555 
0.939835 0.939835 
0.946279 0.946279 
0.926652 0.926652 


14.4109 0.652922 
14.4066 0.652726 
14.0774 0.637813 
13.8511 0.627556 
13.3167 0.603344 
13.4489 0.609335 
13.2669 0.60109 
13.2584 0.600702 
13.3412 0.604458 
12.9277 0.585723 
13.0191 0.589861 
12.9876 0.588433 
13.1477 0.595688 
12.9228 0.585497 
12.655 0.573367 
12.782 0.579118 
12.7178 0.57621 
12.7412 0.577273 
12.8738 0.583277 
12.9242 0.585563 
12.9654 0.58743 
13.1168 0.594287 
13.297 0.602454 
13.6158 0.616895 
13.6414 0.618057 
13.9251 0.630909 
13.8714 0.628476 
14.2386 0.645116 
14.5103 0.657425 
15.0408 0.681459 
15.2626 0.691507 
15.902 0.720479 
16.3661 0.741507 
17.1417 0.776646 
17.4683 0.791443 
17.7827 0.80569 
18.4133 0.834257 
18.8347 0.853352 
18.8195 0.852663 
19.1066 0.865669 
19.3575 0.877039 
19.2355 0.87151 
19.4573 0.881562 
19.2071 0.870222 
18.8569 0.854357 
18.8395 0.85357 
18.7886 0.851264 
18.5486 0.840389 
18.163 0.822919 
18.2195 0.825479 
18.5341 0.839731 
18.8967 0.856161 
18.76 0.849969 
18.9242 0.857409 
18.6625 0.845551 
18.7081 0.847614 
18.7989 0.851729 
18.6682 0.845807 
18.4061 0.833934 
18.3345 0.830687 
18.2238 0.825674 
18.4279 0.83492 
18.6627 0.84556 
18.4055 0.833906 
18.464 0.836558 
18.9199 0.857211 
18.5026 0.838305 
18.7283 0.84853 
19.2697 0.873061 
19.0491 0.863068 
18.6436 0.844693 
18.5622 0.841006 
18.6872 0.846668 
18.4438 0.835642 
18.5205 0.839118 
18.7969 0.851638 
18.3109 0.829618 
18.5543 0.840648 
18.5524 0.840563 
18.6003 0.84273 
18.4276 0.834908 
18.2677 0.827661 
17.7183 0.802773 
17.3319 0.785263 
17.5083 0.793258 
17.1732 0.778075 
17.1496 0.777003 
16.4126 0.743612 
16.1357 0.731068 
16.1134 0.730055 
15.3876 0.697173 
15.1594 0.686833 
14.6706 0.664689 
14.5205 0.657884 
14.62 0.662395 
14.3168 0.648657 


8.59059 1.46441 
8.58801 1.46397 
8.3918 1.43052 
8.25685 1.40752 
7.93828 1.35321 
8.01711 1.36665 
7.90863 1.34816 
7.90353 1.34729 
7.95294 1.35571 
7.70644 1.31369 
7.76089 1.32297 
7.7421 1.31977 
7.83755 1.33604 
7.70347 1.31319 
7.54386 1.28598 
7.61954 1.29888 
7.58128 1.29236 
7.59527 1.29474 
7.67426 1.30821 
7.70434 1.31333 
7.72891 1.31752 
7.81912 1.3329 
7.92657 1.35122 
8.11658 1.38361 
8.13187 1.38621 
8.30096 1.41504 
8.26895 1.40958 
8.48788 1.4469 
8.64984 1.47451 
8.96605 1.52841 
9.09826 1.55095 
9.47944 1.61593 
9.75611 1.66309 
10.2184 1.74191 
10.4131 1.77509 
10.6006 1.80705 
10.9764 1.87112 
11.2277 1.91395 
11.2186 1.9124 
11.3897 1.94157 
11.5393 1.96707 
11.4666 1.95467 
11.5988 1.97722 
11.4496 1.95178 
11.2409 1.9162 
11.2305 1.91444 
11.2002 1.90926 
11.0571 1.88487 
10.8273 1.84569 
10.861 1.85143 
11.0485 1.8834 
11.2646 1.92025 
11.1832 1.90636 
11.2811 1.92305 
11.125 1.89645 
11.1522 1.90108 
11.2063 1.91031 
11.1284 1.89703 
10.9722 1.87039 
10.9295 1.86311 
10.8635 1.85187 
10.9852 1.87261 
11.1252 1.89647 
10.9718 1.87033 
11.0067 1.87628 
11.2785 1.9226 
11.0297 1.8802 
11.1642 1.90313 
11.487 1.95815 
11.3555 1.93574 
11.1137 1.89452 
11.0652 1.88626 
11.1397 1.89896 
10.9947 1.87422 
11.0404 1.88202 
11.2051 1.9101 
10.9154 1.86071 
11.0605 1.88545 
11.0594 1.88526 
11.0879 1.89012 
10.985 1.87258 
10.8897 1.85632 
10.5622 1.80051 
10.3318 1.76123 
10.437 1.77917 
10.2372 1.74511 
10.2231 1.74271 
9.78381 1.66781 
9.61876 1.63968 
9.60544 1.63741 
9.1728 1.56366 
9.03676 1.54047 
8.7454 1.4908 
8.65588 1.47554 
8.71523 1.48566 
8.53447 1.45484 


8.59059 1.46441 
8.58801 1.46397 
8.3918 1.43052 
8.25685 1.40752 
7.93828 1.35321 
8.01711 1.36665 
7.90863 1.34816 
7.90353 1.34729 
7.95294 1.35571 
7.70644 1.31369 
7.76089 1.32297 
7.7421 1.31977 
7.83755 1.33604 
7.70347 1.31319 
7.54386 1.28598 
7.61954 1.29888 
7.58128 1.29236 
7.59527 1.29474 
7.67426 1.30821 
7.70434 1.31333 
7.72891 1.31752 
7.81912 1.3329 
7.92657 1.35122 
8.11658 1.38361 
8.13187 1.38621 
8.30096 1.41504 
8.26895 1.40958 
8.48788 1.4469 
8.64984 1.47451 
8.96605 1.52841 
9.09826 1.55095 
9.47944 1.61593 
9.75611 1.66309 
10.2184 1.74191 
10.4131 1.77509 
10.6006 1.80705 
10.9764 1.87112 
11.2277 1.91395 
11.2186 1.9124 
11.3897 1.94157 
11.5393 1.96707 
11.4666 1.95467 
11.5988 1.97722 
11.4496 1.95178 
11.2409 1.9162 
11.2305 1.91444 
11.2002 1.90926 
11.0571 1.88487 
10.8273 1.84569 
10.861 1.85143 
11.0485 1.8834 
11.2646 1.92025 
11.1832 1.90636 
11.2811 1.92305 
11.125 1.89645 
11.1522 1.90108 
11.2063 1.91031 
11.1284 1.89703 
10.9722 1.87039 
10.9295 1.86311 
10.8635 1.85187 
10.9852 1.87261 
11.1252 1.89647 
10.9718 1.87033 
11.0067 1.87628 
11.2785 1.9226 
11.0297 1.8802 
11.1642 1.90313 
11.487 1.95815 
11.3555 1.93574 
11.1137 1.89452 
11.0652 1.88626 
11.1397 1.89896 
10.9947 1.87422 
11.0404 1.88202 
11.2051 1.9101 
10.9154 1.86071 
11.0605 1.88545 
11.0594 1.88526 
11.0879 1.89012 
10.985 1.87258 
10.8897 1.85632 
10.5622 1.80051 
10.3318 1.76123 
10.437 1.77917 
10.2372 1.74511 
10.2231 1.74271 
9.78381 1.66781 
9.61876 1.63968 
9.60544 1.63741 
9.1728 1.56366 
9.03676 1.54047 
8.7454 1.4908 
8.65588 1.47554 
8.71523 1.48566 
8.53447 1.45484 


14.6161 2.06137 
14.6117 2.06075 
14.2779 2.01367 
14.0483 1.98128 
13.5063 1.90484 
13.6404 1.92376 
13.4558 1.89773 
13.4472 1.8965 
13.5312 1.90836 
13.1118 1.84921 
13.2045 1.86228 
13.1725 1.85777 
13.3349 1.88067 
13.1068 1.8485 
12.8352 1.8102 
12.964 1.82836 
12.8989 1.81918 
12.9227 1.82253 
13.0571 1.84149 
13.1082 1.84871 
13.15 1.8546 
13.3035 1.87625 
13.4864 1.90203 
13.8096 1.94763 
13.8357 1.95129 
14.1234 1.99187 
14.0689 1.98419 
14.4414 2.03672 
14.7169 2.07559 
15.2549 2.15146 
15.4799 2.18319 
16.1284 2.27465 
16.5992 2.34104 
17.3858 2.45198 
17.717 2.4987 
18.036 2.54368 
18.6754 2.63387 
19.1029 2.69416 
19.0875 2.69198 
19.3786 2.73304 
19.6331 2.76894 
19.5094 2.75148 
19.7344 2.78322 
19.4806 2.74742 
19.1254 2.69733 
19.1078 2.69484 
19.0561 2.68756 
18.8127 2.65323 
18.4216 2.59807 
18.4789 2.60616 
18.798 2.65115 
19.1658 2.70302 
19.0272 2.68347 
19.1937 2.70696 
18.9283 2.66953 
18.9745 2.67604 
19.0666 2.68903 
18.934 2.67033 
18.6682 2.63285 
18.5955 2.6226 
18.4833 2.60677 
18.6903 2.63596 
18.9285 2.66955 
18.6676 2.63276 
18.7269 2.64113 
19.1893 2.70634 
18.7661 2.64665 
18.9949 2.67893 
19.5441 2.75638 
19.3204 2.72483 
18.909 2.66682 
18.8265 2.65518 
18.9533 2.67305 
18.7064 2.63824 
18.7843 2.64922 
19.0645 2.68874 
18.5716 2.61922 
18.8185 2.65405 
18.8166 2.65378 
18.8651 2.66062 
18.69 2.63592 
18.5278 2.61304 
17.9706 2.53447 
17.5787 2.47919 
17.7577 2.50443 
17.4178 2.4565 
17.3938 2.45311 
16.6463 2.34769 
16.3655 2.30809 
16.3428 2.30489 
15.6067 2.20107 
15.3752 2.16843 
14.8795 2.09852 
14.7272 2.07704 
14.8282 2.09128 
14.5206 2.0479 


0.932746 0.932746 
0.932466 0.932466 
0.911161 0.911161 
0.896509 0.896509 
0.86192 0.86192 
0.870479 0.870479 
0.8587 0.8587 
0.858146 0.858146 
0.863511 0.863511 
0.836747 0.836747 
0.842659 0.842659 
0.840619 0.840619 
0.850982 0.850982 
0.836425 0.836425 
0.819095 0.819095 
0.827311 0.827311 
0.823157 0.823157 
0.824676 0.824676 
0.833252 0.833252 
0.836519 0.836519 
0.839186 0.839186 
0.848981 0.848981 
0.860649 0.860649 
0.881279 0.881279 
0.882939 0.882939 
0.901299 0.901299 
0.897822 0.897822 
0.921594 0.921594 
0.939179 0.939179 
0.973513 0.973513 
0.987868 0.987868 
1.02926 1.02926 
1.0593 1.0593 
1.10949 1.10949 
1.13063 1.13063 
1.15099 1.15099 
1.1918 1.1918 
1.21907 1.21907 
1.21809 1.21809 
1.23667 1.23667 
1.25291 1.25291 
1.24502 1.24502 
1.25937 1.25937 
1.24317 1.24317 
1.22051 1.22051 
1.21939 1.21939 
1.21609 1.21609 
1.20056 1.20056 
1.1756 1.1756 
1.17926 1.17926 
1.19962 1.19962 
1.22309 1.22309 
1.21424 1.21424 
1.22487 1.22487 
1.20793 1.20793 
1.21088 1.21088 
1.21676 1.21676 
1.2083 1.2083 
1.19133 1.19133 
1.1867 1.1867 
1.17954 1.17954 
1.19274 1.19274 
1.20794 1.20794 
1.1913 1.1913 
1.19508 1.19508 
1.22459 1.22459 
1.19758 1.19758 
1.21219 1.21219 
1.24723 1.24723 
1.23295 1.23295 
1.2067 1.2067 
1.20144 1.20144 
1.20953 1.20953 
1.19377 1.19377 
1.19874 1.19874 
1.21663 1.21663 
1.18517 1.18517 
1.20093 1.20093 
1.2008 1.2008 
1.2039 1.2039 
1.19273 1.19273 
1.18237 1.18237 
1.14682 1.14682 
1.1218 1.1218 
1.13323 1.13323 
1.11154 1.11154 
1.11 1.11 
1.0623 1.0623 
1.04438 1.04438 
1.04294 1.04294 
0.995961 0.995961 
0.98119 0.98119 
0.949555 0.949555 
0.939835 0.939835 
0.946279 0.946279 
0.926652 0.926652 


8.46001 1.73491 
8.45747 1.73439 
8.26423 1.69476 
8.13133 1.66751 
7.81761 1.60317 
7.89524 1.61909 
7.78841 1.59718 
7.78339 1.59615 
7.83205 1.60613 
7.5893 1.55635 
7.64291 1.56735 
7.62441 1.56355 
7.71841 1.58283 
7.58637 1.55575 
7.42919 1.52352 
7.50371 1.5388 
7.46604 1.53107 
7.47981 1.5339 
7.5576 1.54985 
7.58723 1.55592 
7.61142 1.56089 
7.70026 1.57911 
7.80608 1.60081 
7.9932 1.63918 
8.00825 1.64227 
8.17478 1.67642 
8.14325 1.66995 
8.35886 1.71416 
8.51835 1.74687 
8.82976 1.81073 
8.95996 1.83743 
9.33534 1.91441 
9.60781 1.97029 
10.0631 2.06366 
10.2548 2.10298 
10.4394 2.14083 
10.8096 2.21674 
11.057 2.26748 
11.0481 2.26565 
11.2166 2.30021 
11.3639 2.33042 
11.2923 2.31573 
11.4225 2.34244 
11.2756 2.31231 
11.07 2.27015 
11.0598 2.26806 
11.0299 2.26193 
10.889 2.23303 
10.6627 2.18661 
10.6959 2.19342 
10.8805 2.23129 
11.0934 2.27494 
11.0132 2.25849 
11.1096 2.27826 
10.9559 2.24675 
10.9827 2.25223 
11.036 2.26316 
10.9592 2.24743 
10.8054 2.21588 
10.7633 2.20726 
10.6984 2.19394 
10.8182 2.2185 
10.956 2.24677 
10.805 2.21581 
10.8394 2.22285 
11.107 2.27773 
10.862 2.2275 
10.9945 2.25466 
11.3124 2.31985 
11.1829 2.29329 
10.9448 2.24447 
10.897 2.23467 
10.9704 2.24972 
10.8275 2.22042 
10.8726 2.22966 
11.0348 2.26292 
10.7495 2.20441 
10.8924 2.23372 
10.8913 2.23349 
10.9194 2.23925 
10.818 2.21847 
10.7241 2.19921 
10.4016 2.13308 
10.1748 2.08656 
10.2784 2.1078 
10.0816 2.06746 
10.0677 2.06461 
9.63508 1.97588 
9.47255 1.94255 
9.45943 1.93986 
9.03337 1.85249 
8.89939 1.82501 
8.61246 1.76617 
8.5243 1.74809 
8.58275 1.76008 
8.40474 1.72357 


0.932746 0.932746 
0.932466 0.932466 
0.911161 0.911161 
0.896509 0.896509 
0.86192 0.86192 
0.870479 0.870479 
0.8587 0.8587 
0.858146 0.858146 
0.863511 0.863511 
0.836747 0.836747 
0.842659 0.842659 
0.840619 0.840619 
0.850982 0.850982 
0.836425 0.836425 
0.819095 0.819095 
0.827311 0.827311 
0.823157 0.823157 
0.824676 0.824676 
0.833252 0.833252 
0.836519 0.836519 
0.839186 0.839186 
0.848981 0.848981 
0.860649 0.860649 
0.881279 0.881279 
0.882939 0.882939 
0.901299 0.901299 
0.897822 0.897822 
0.921594 0.921594 
0.939179 0.939179 
0.973513 0.973513 
0.987868 0.987868 
1.02926 1.02926 
1.0593 1.0593 
1.10949 1.10949 
1.13063 1.13063 
1.15099 1.15099 
1.1918 1.1918 
1.21907 1.21907 
1.21809 1.21809 
1.23667 1.23667 
1.25291 1.25291 
1.24502 1.24502 
1.25937 1.25937 
1.24317 1.24317 
1.22051 1.22051 
1.21939 1.21939 
1.21609 1.21609 
1.20056 1.20056 
1.1756 1.1756 
1.17926 1.17926 
1.19962 1.19962 
1.22309 1.22309 
1.21424 1.21424 
1.22487 1.22487 
1.20793 1.20793 
1.21088 1.21088 
1.21676 1.21676 
1.2083 1.2083 
1.19133 1.19133 
1.1867 1.1867 
1.17954 1.17954 
1.19274 1.19274 
1.20794 1.20794 
1.1913 1.1913 
1.19508 1.19508 
1.22459 1.22459 
1.19758 1.19758 
1.21219 1.21219 
1.24723 1.24723 
1.23295 1.23295 
1.2067 1.2067 
1.20144 1.20144 
1.20953 1.20953 
1.19377 1.19377 
1.19874 1.19874 
1.21663 1.21663 
1.18517 1.18517 
1.20093 1.20093 
1.2008 1.2008 
1.2039 1.2039 
1.19273 1.19273 
1.18237 1.18237 
1.14682 1.14682 
1.1218 1.1218 
1.13323 1.13323 
1.11154 1.11154 
1.11 1.11 
1.0623 1.0623 
1.04438 1.04438 
1.04294 1.04294 
0.995961 0.995961 
0.98119 0.98119 
0.949555 0.949555 
0.939835 0.939835 
0.946279 0.946279 
0.926652 0.926652 


14.4109 0.652922 
14.4066 0.652726 
14.0774 0.637813 
13.8511 0.627556 
13.3167 0.603344 
13.4489 0.609335 
13.2669 0.60109 
13.2584 0.600702 
13.3412 0.604458 
12.9277 0.585723 
13.0191 0.589861 
12.9876 0.588433 
13.1477 0.595688 
12.9228 0.585497 
12.655 0.573367 
12.782 0.579118 
12.7178 0.57621 
12.7412 0.577273 
12.8738 0.583277 
12.9242 0.585563 
12.9654 0.58743 
13.1168 0.594287 
13.297 0.602454 
13.6158 0.616895 
13.6414 0.618057 
13.9251 0.630909 
13.8714 0.628476 
14.2386 0.645116 
14.5103 0.657425 
15.0408 0.681459 
15.2626 0.691507 
15.902 0.720479 
16.3661 0.741507 
17.1417 0.776646 
17.4683 0.791443 
17.7827 0.80569 
18.4133 0.834257 
18.8347 0.853352 
18.8195 0.852663 
19.1066 0.865669 
19.3575 0.877039 
19.2355 0.87151 
19.4573 0.881562 
19.2071 0.870222 
18.8569 0.854357 
18.8395 0.85357 
18.7886 0.851264 
18.5486 0.840389 
18.163 0.822919 
18.2195 0.825479 
18.5341 0.839731 
18.8967 0.856161 
18.76 0.849969 
18.9242 0.857409 
18.6625 0.845551 
18.7081 0.847614 
18.7989 0.851729 
18.6682 0.845807 
18.4061 0.833934 
18.3345 0.830687 
18.2238 0.825674 
18.4279 0.83492 
18.6627 0.84556 
18.4055 0.833906 
18.464 0.836558 
18.9199 0.857211 
18.5026 0.838305 
18.7283 0.84853 
19.2697 0.873061 
19.0491 0.863068 
18.6436 0.844693 
18.5622 0.841006 
18.6872 0.846668 
18.4438 0.835642 
18.5205 0.839118 
18.7969 0.851638 
18.3109 0.829618 
18.5543 0.840648 
18.5524 0.840563 
18.6003 0.84273 
18.4276 0.834908 
18.2677 0.827661 
17.7183 0.802773 
17.3319 0.785263 
17.5083 0.793258 
17.1732 0.778075 
17.1496 0.777003 
16.4126 0.743612 
16.1357 0.731068 
16.1134 0.730055 
15.3876 0.697173 
15.1594 0.686833 
14.6706 0.664689 
14.5205 0.657884 
14.62 0.662395 
14.3168 0.648657 


8.46001 1.73491 
8.45747 1.73439 
8.26423 1.69476 
8.13133 1.66751 
7.81761 1.60317 
7.89524 1.61909 
7.78841 1.59718 
7.78339 1.59615 
7.83205 1.60613 
7.5893 1.55635 
7.64291 1.56735 
7.62441 1.56355 
7.71841 1.58283 
7.58637 1.55575 
7.42919 1.52352 
7.50371 1.5388 
7.46604 1.53107 
7.47981 1.5339 
7.5576 1.54985 
7.58723 1.55592 
7.61142 1.56089 
7.70026 1.57911 
7.80608 1.60081 
7.9932 1.63918 
8.00825 1.64227 
8.17478 1.67642 
8.14325 1.66995 
8.35886 1.71416 
8.51835 1.74687 
8.82976 1.81073 
8.95996 1.83743 
9.33534 1.91441 
9.60781 1.97029 
10.0631 2.06366 
10.2548 2.10298 
10.4394 2.14083 
10.8096 2.21674 
11.057 2.26748 
11.0481 2.26565 
11.2166 2.30021 
11.3639 2.33042 
11.2923 2.31573 
11.4225 2.34244 
11.2756 2.31231 
11.07 2.27015 
11.0598 2.26806 
11.0299 2.26193 
10.889 2.23303 
10.6627 2.18661 
10.6959 2.19342 
10.8805 2.23129 
11.0934 2.27494 
11.0132 2.25849 
11.1096 2.27826 
10.9559 2.24675 
10.9827 2.25223 
11.036 2.26316 
10.9592 2.24743 
10.8054 2.21588 
10.7633 2.20726 
10.6984 2.19394 
10.8182 2.2185 
10.956 2.24677 
10.805 2.21581 
10.8394 2.22285 
11.107 2.27773 
10.862 2.2275 
10.9945 2.25466 
11.3124 2.31985 
11.1829 2.29329 
10.9448 2.24447 
10.897 2.23467 
10.9704 2.24972 
10.8275 2.22042 
10.8726 2.22966 
11.0348 2.26292 
10.7495 2.20441 
10.8924 2.23372 
10.8913 2.23349 
10.9194 2.23925 
10.818 2.21847 
10.7241 2.19921 
10.4016 2.13308 
10.1748 2.08656 
10.2784 2.1078 
10.0816 2.06746 
10.0677 2.06461 
9.63508 1.97588 
9.47255 1.94255 
9.45943 1.93986 
9.03337 1.85249 
8.89939 1.82501 
8.61246 1.76617 
8.5243 1.74809 
8.58275 1.76008 
8.40474 1.72357 


24.1301 5.94159 
24.1229 5.93981 
23.5717 5.8041 
23.1927 5.71076 
22.2979 5.49043 
22.5193 5.54495 
22.2146 5.46992 
22.2002 5.46639 
22.339 5.50057 
21.6467 5.33008 
21.7996 5.36774 
21.7468 5.35474 
22.0149 5.42076 
21.6383 5.32803 
21.19 5.21764 
21.4025 5.26997 
21.2951 5.24351 
21.3344 5.25319 
21.5562 5.30782 
21.6407 5.32862 
21.7097 5.34562 
21.9631 5.40801 
22.265 5.48233 
22.7987 5.61375 
22.8416 5.62432 
23.3166 5.74127 
23.2267 5.71913 
23.8416 5.87055 
24.2966 5.98257 
25.1848 6.20127 
25.5561 6.29272 
26.6268 6.55635 
27.404 6.74771 
28.7026 7.06748 
29.2495 7.20213 
29.776 7.33178 
30.8318 7.59174 
31.5375 7.76551 
31.512 7.75923 
31.9927 7.87759 
32.4128 7.98105 
32.2085 7.93075 
32.58 8.02222 
32.1609 7.91902 
31.5746 7.77465 
31.5455 7.76749 
31.4603 7.7465 
31.0584 7.64754 
30.4127 7.48856 
30.5074 7.51186 
31.0341 7.64156 
31.6413 7.79107 
31.4124 7.73472 
31.6874 7.80242 
31.2491 7.69451 
31.3254 7.71329 
31.4775 7.75073 
31.2586 7.69685 
30.8198 7.5888 
30.6998 7.55926 
30.5146 7.51364 
30.8562 7.59777 
31.2495 7.69459 
30.8188 7.58855 
30.9168 7.61268 
31.6801 7.80062 
30.9814 7.62858 
31.3592 7.72162 
32.2658 7.94486 
31.8965 7.85392 
31.2174 7.6867 
31.0812 7.65316 
31.2904 7.70468 
30.8829 7.60434 
31.0114 7.63597 
31.4741 7.74991 
30.6603 7.54952 
31.068 7.6499 
31.0648 7.64912 
31.1449 7.66884 
30.8558 7.59766 
30.588 7.53171 
29.6682 7.30524 
29.0211 7.1459 
29.3166 7.21865 
28.7554 7.08049 
28.7158 7.07073 
27.4818 6.76687 
27.0182 6.65272 
26.9808 6.6435 
25.7655 6.34427 
25.3834 6.25018 
24.565 6.04867 
24.3135 5.98675 
24.4802 6.0278 
23.9725 5.90278 


