-159.832 -47.7993 
-159.225 -47.6177 
-155.619 -46.5394 
-152.352 -45.5624 
-148.452 -44.396 
-148.339 -44.3621 
-144.597 -43.2433 
-146.289 -43.7491 
-146.999 -43.9615 
-142.865 -42.7251 
-143.86 -43.0227 
-143.382 -42.8797 
-143.895 -43.0331 
-142.181 -42.5205 
-140.866 -42.1275 
-140.5 -42.018 
-142.013 -42.4703 
-142.778 -42.6992 
-141.706 -42.3786 
-142.361 -42.5744 
-143.055 -42.7819 
-145.985 -43.6584 
-147.704 -44.1723 
-148.078 -44.2841 
-152.723 -45.6733 
-152.947 -45.7403 
-155.265 -46.4337 
-156.795 -46.8912 
-158.657 -47.4479 
-163.548 -48.9105 
-169.637 -50.7316 
-173.785 -51.9721 
-180.488 -53.9768 
-189.554 -56.688 
-194.563 -58.186 
-197.481 -59.0586 
-204.122 -61.0447 
-209.415 -62.6277 
-209.814 -62.747 
-209.112 -62.5369 
-214.352 -64.1041 
-213.363 -63.8082 
-213.503 -63.8502 
-213.809 -63.9419 
-209.081 -62.5278 
-208.75 -62.4287 
-209.242 -62.5759 
-202.538 -60.5709 
-201.888 -60.3768 
-201.616 -60.2952 
-207.516 -62.0598 
-206.354 -61.7122 
-206.783 -61.8406 
-207.293 -61.9929 
-204.084 -61.0332 
-206.876 -61.8684 
-206.438 -61.7372 
-206.388 -61.7225 
-204.924 -61.2847 
-200.594 -59.9895 
-200.729 -60.0299 
-203.229 -60.7777 
-205.256 -61.3839 
-200.458 -59.9489 
-202.771 -60.6406 
-208.418 -62.3295 
-206.252 -61.6817 
-205.899 -61.5763 
-212.122 -63.4372 
-210.124 -62.8397 
-205.901 -61.5768 
-204.826 -61.2553 
-206.055 -61.6227 
-206.891 -61.8728 
-205.387 -61.4231 
-208.333 -62.3041 
-201.204 -60.1719 
-204.157 -61.0553 
-203.067 -60.7293 
-204.452 -61.1434 
-203.926 -60.9862 
-199.478 -59.6559 
-198.171 -59.2651 
-194.16 -58.0655 
-192.292 -57.5067 
-190.36 -56.929 
-187.747 -56.1476 
-179.095 -53.5602 
-175.475 -52.4776 
-174.23 -52.1052 
-171.46 -51.2769 
-164.969 -49.3357 
-162.255 -48.5239 
-160.744 -48.0722 
-160.862 -48.1072 
-159.65 -47.7449 


-124.428 -37.6572 
-123.956 -37.5142 
-121.149 -36.6646 
-118.605 -35.8949 
-115.569 -34.976 
-115.481 -34.9494 
-112.569 -34.0679 
-113.885 -34.4664 
-114.438 -34.6337 
-111.22 -33.6597 
-111.994 -33.8941 
-111.622 -33.7814 
-112.021 -33.9023 
-110.687 -33.4985 
-109.664 -33.1889 
-109.379 -33.1026 
-110.556 -33.4589 
-111.152 -33.6392 
-110.318 -33.3867 
-110.827 -33.5409 
-111.367 -33.7044 
-113.649 -34.3949 
-114.987 -34.7998 
-115.278 -34.8879 
-118.894 -35.9823 
-119.069 -36.0351 
-120.873 -36.5813 
-122.064 -36.9418 
-123.514 -37.3804 
-127.321 -38.5326 
-132.062 -39.9674 
-135.291 -40.9446 
-140.509 -42.524 
-147.567 -44.6599 
-151.467 -45.8401 
-153.738 -46.5275 
-158.908 -48.0922 
-163.029 -49.3393 
-163.34 -49.4333 
-162.793 -49.2678 
-166.872 -50.5024 
-166.102 -50.2694 
-166.211 -50.3024 
-166.45 -50.3746 
-162.769 -49.2606 
-162.511 -49.1825 
-162.894 -49.2985 
-157.675 -47.7189 
-157.169 -47.566 
-156.957 -47.5018 
-161.551 -48.8919 
-160.646 -48.6181 
-160.98 -48.7192 
-161.376 -48.8392 
-158.878 -48.0832 
-161.052 -48.7411 
-160.711 -48.6378 
-160.672 -48.6262 
-159.533 -48.2813 
-156.161 -47.2609 
-156.266 -47.2927 
-158.213 -47.8818 
-159.791 -48.3594 
-156.056 -47.2289 
-157.856 -47.7738 
-162.253 -49.1044 
-160.566 -48.594 
-160.292 -48.511 
-165.136 -49.977 
-163.581 -49.5063 
-160.293 -48.5114 
-159.456 -48.2581 
-160.413 -48.5475 
-161.064 -48.7446 
-159.893 -48.3903 
-162.186 -49.0844 
-156.636 -47.4046 
-158.936 -48.1006 
-158.087 -47.8437 
-159.165 -48.17 
-158.756 -48.0461 
-155.293 -46.9981 
-154.276 -46.6902 
-151.153 -45.7451 
-149.698 -45.3049 
-148.194 -44.8497 
-146.16 -44.2342 
-139.425 -42.1958 
-136.607 -41.3429 
-135.637 -41.0495 
-133.481 -40.3969 
-128.428 -38.8676 
-126.315 -38.228 
-125.139 -37.8722 
-125.23 -37.8998 
-124.287 -37.6144 


0.957864 0.272334 
0.954225 0.271299 
0.932617 0.265156 
0.913038 0.259589 
0.889664 0.252944 
0.888986 0.252751 
0.866565 0.246376 
0.876701 0.249258 
0.880957 0.250468 
0.856182 0.243424 
0.862145 0.24512 
0.859279 0.244305 
0.862353 0.245179 
0.852081 0.242258 
0.844206 0.240019 
0.842011 0.239395 
0.851075 0.241972 
0.855661 0.243276 
0.849237 0.24145 
0.853161 0.242565 
0.857319 0.243748 
0.874883 0.248741 
0.885181 0.251669 
0.887423 0.252307 
0.91526 0.260221 
0.916604 0.260603 
0.930498 0.264553 
0.939666 0.26716 
0.950822 0.270332 
0.980132 0.278665 
1.01663 0.289041 
1.04148 0.296108 
1.08166 0.30753 
1.13599 0.322977 
1.16601 0.331512 
1.18349 0.336483 
1.22329 0.347799 
1.25502 0.356818 
1.25741 0.357498 
1.2532 0.356301 
1.2846 0.36523 
1.27867 0.363544 
1.27951 0.363783 
1.28135 0.364305 
1.25301 0.356249 
1.25103 0.355684 
1.25398 0.356523 
1.2138 0.345099 
1.20991 0.343993 
1.20827 0.343529 
1.24364 0.353582 
1.23667 0.351602 
1.23924 0.352333 
1.24229 0.353201 
1.22306 0.347734 
1.2398 0.352492 
1.23717 0.351745 
1.23687 0.351661 
1.2281 0.349166 
1.20215 0.341787 
1.20296 0.342017 
1.21794 0.346277 
1.23009 0.349732 
1.20133 0.341556 
1.21519 0.345497 
1.24904 0.355119 
1.23606 0.351428 
1.23395 0.350828 
1.27124 0.36143 
1.25926 0.358026 
1.23396 0.35083 
1.22751 0.348999 
1.23487 0.351092 
1.23989 0.352517 
1.23088 0.349955 
1.24853 0.354974 
1.2058 0.342826 
1.22351 0.347859 
1.21697 0.346002 
1.22527 0.348361 
1.22212 0.347466 
1.19546 0.339886 
1.18763 0.33766 
1.16359 0.330825 
1.15239 0.327641 
1.14082 0.32435 
1.12516 0.319898 
1.07331 0.305156 
1.05161 0.298989 
1.04415 0.296867 
1.02755 0.292147 
0.988653 0.281088 
0.972384 0.276462 
0.963333 0.273889 
0.964035 0.274088 
0.956774 0.272024 


2.2538 1.1269 
2.24524 1.12262 
2.19439 1.0972 
2.14832 1.07416 
2.09333 1.04666 
2.09173 1.04587 
2.03898 1.01949 
2.06283 1.03141 
2.07284 1.03642 
2.01455 1.00727 
2.02858 1.01429 
2.02183 1.01092 
2.02907 1.01453 
2.0049 1.00245 
1.98637 0.993183 
1.9812 0.990601 
2.00253 1.00126 
2.01332 1.00666 
1.9982 0.999102 
2.00744 1.00372 
2.01722 1.00861 
2.05855 1.02927 
2.08278 1.04139 
2.08805 1.04403 
2.15355 1.07678 
2.15671 1.07836 
2.18941 1.0947 
2.21098 1.10549 
2.23723 1.11861 
2.30619 1.1531 
2.39206 1.19603 
2.45055 1.22527 
2.54508 1.27254 
2.67291 1.33646 
2.74354 1.37177 
2.78469 1.39234 
2.87833 1.43917 
2.95298 1.47649 
2.9586 1.4793 
2.9487 1.47435 
3.02259 1.5113 
3.00864 1.50432 
3.01062 1.50531 
3.01494 1.50747 
2.94827 1.47413 
2.94359 1.4718 
2.95053 1.47527 
2.85599 1.428 
2.84684 1.42342 
2.843 1.4215 
2.9262 1.4631 
2.90981 1.45491 
2.91586 1.45793 
2.92304 1.46152 
2.8778 1.4389 
2.91717 1.45859 
2.91099 1.4555 
2.91029 1.45515 
2.88965 1.44483 
2.82858 1.41429 
2.83048 1.41524 
2.86574 1.43287 
2.89433 1.44717 
2.82667 1.41333 
2.85928 1.42964 
2.93892 1.46946 
2.90837 1.45419 
2.9034 1.4517 
2.99114 1.49557 
2.96297 1.48149 
2.90342 1.45171 
2.88826 1.44413 
2.90559 1.45279 
2.91738 1.45869 
2.89618 1.44809 
2.93772 1.46886 
2.83718 1.41859 
2.87884 1.43942 
2.86346 1.43173 
2.88299 1.4415 
2.87558 1.43779 
2.81285 1.40643 
2.79442 1.39721 
2.73786 1.36893 
2.71151 1.35576 
2.68427 1.34214 
2.64743 1.32372 
2.52543 1.26272 
2.47439 1.23719 
2.45683 1.22841 
2.41777 1.20888 
2.32624 1.16312 
2.28796 1.14398 
2.26667 1.13333 
2.26832 1.13416 
2.25123 1.12562 


2.64821 0.45076 
2.63815 0.449047 
2.57841 0.438878 
2.52428 0.429665 
2.45966 0.418666 
2.45779 0.418346 
2.3958 0.407795 
2.42382 0.412565 
2.43559 0.414568 
2.36709 0.402909 
2.38358 0.405715 
2.37565 0.404366 
2.38415 0.405813 
2.35575 0.400979 
2.33398 0.397273 
2.32791 0.396241 
2.35297 0.400506 
2.36565 0.402664 
2.34789 0.399641 
2.35874 0.401488 
2.37023 0.403444 
2.4188 0.41171 
2.44727 0.416556 
2.45346 0.417611 
2.53042 0.430711 
2.53414 0.431343 
2.57255 0.437881 
2.5979 0.442196 
2.62874 0.447446 
2.70978 0.461239 
2.81067 0.478412 
2.8794 0.49011 
2.99047 0.509015 
3.14067 0.534582 
3.22367 0.548709 
3.27201 0.556937 
3.38204 0.575667 
3.46975 0.590596 
3.47636 0.591721 
3.46472 0.589739 
3.55154 0.604518 
3.53515 0.601728 
3.53748 0.602124 
3.54255 0.602988 
3.46421 0.589653 
3.45872 0.588719 
3.46688 0.590107 
3.35579 0.571199 
3.34504 0.569368 
3.34052 0.5686 
3.43828 0.58524 
3.41903 0.581962 
3.42614 0.583172 
3.43458 0.584609 
3.38141 0.575559 
3.42768 0.583435 
3.42041 0.582198 
3.4196 0.582059 
3.39534 0.57793 
3.32359 0.565717 
3.32582 0.566097 
3.36725 0.573149 
3.40084 0.578866 
3.32134 0.565334 
3.35966 0.571856 
3.45323 0.587783 
3.41734 0.581674 
3.41149 0.58068 
3.51459 0.598229 
3.48149 0.592594 
3.41152 0.580685 
3.39371 0.577653 
3.41406 0.581117 
3.42792 0.583476 
3.40301 0.579236 
3.45182 0.587543 
3.33369 0.567437 
3.38263 0.575767 
3.36457 0.572693 
3.38751 0.576598 
3.3788 0.575116 
3.3051 0.56257 
3.28345 0.558885 
3.21699 0.547573 
3.18603 0.542303 
3.15402 0.536855 
3.11073 0.529486 
2.96738 0.505087 
2.90741 0.494878 
2.88677 0.491366 
2.84088 0.483554 
2.73333 0.465248 
2.68836 0.457592 
2.66333 0.453333 
2.66527 0.453664 
2.6452 0.450247 


2.03781 0.140862 
2.03007 0.140327 
1.9841 0.137149 
1.94244 0.13427 
1.89272 0.130833 
1.89127 0.130733 
1.84358 0.127436 
1.86514 0.128927 
1.87419 0.129553 
1.82148 0.125909 
1.83417 0.126786 
1.82807 0.126364 
1.83461 0.126817 
1.81276 0.125306 
1.79601 0.124148 
1.79134 0.123825 
1.81062 0.125158 
1.82038 0.125833 
1.80671 0.124888 
1.81506 0.125465 
1.8239 0.126076 
1.86127 0.128659 
1.88318 0.130174 
1.88795 0.130503 
1.94717 0.134597 
1.95003 0.134795 
1.97959 0.136838 
1.99909 0.138186 
2.02283 0.139827 
2.08518 0.144137 
2.16282 0.149504 
2.21571 0.153159 
2.30117 0.159067 
2.41676 0.167057 
2.48062 0.171472 
2.51782 0.174043 
2.60249 0.179896 
2.66998 0.184561 
2.67507 0.184913 
2.66611 0.184294 
2.73293 0.188912 
2.72031 0.18804 
2.7221 0.188164 
2.72601 0.188434 
2.66572 0.184267 
2.6615 0.183975 
2.66777 0.184408 
2.58229 0.1785 
2.57402 0.177928 
2.57054 0.177687 
2.64577 0.182887 
2.63095 0.181863 
2.63643 0.182241 
2.64292 0.18269 
2.60201 0.179862 
2.63761 0.182323 
2.63202 0.181937 
2.63139 0.181893 
2.61273 0.180603 
2.55751 0.176786 
2.55923 0.176905 
2.59111 0.179109 
2.61696 0.180896 
2.55578 0.176667 
2.58527 0.178705 
2.65727 0.183682 
2.62965 0.181773 
2.62516 0.181463 
2.70449 0.186946 
2.67902 0.185186 
2.62518 0.181464 
2.61147 0.180517 
2.62713 0.181599 
2.6378 0.182336 
2.61863 0.181011 
2.65619 0.183607 
2.56529 0.177324 
2.60295 0.179927 
2.58905 0.178966 
2.6067 0.180187 
2.6 0.179724 
2.54329 0.175803 
2.52663 0.174652 
2.47548 0.171116 
2.45166 0.16947 
2.42703 0.167767 
2.39372 0.165464 
2.28341 0.15784 
2.23726 0.154649 
2.22138 0.153552 
2.18607 0.151111 
2.10331 0.14539 
2.0687 0.142998 
2.04944 0.141667 
2.05094 0.14177 
2.03549 0.140702 


6.23551 0.356851 
6.21182 0.355496 
6.07115 0.347445 
5.9437 0.340151 
5.79154 0.331444 
5.78713 0.331191 
5.64117 0.322838 
5.70715 0.326614 
5.73486 0.3282 
5.57357 0.31897 
5.61239 0.321191 
5.59374 0.320123 
5.61375 0.321269 
5.54688 0.317442 
5.49561 0.314508 
5.48133 0.31369 
5.54033 0.317067 
5.57019 0.318776 
5.52836 0.316382 
5.55391 0.317844 
5.58098 0.319393 
5.69532 0.325937 
5.76236 0.329774 
5.77695 0.330609 
5.95816 0.340979 
5.96691 0.34148 
6.05736 0.346656 
6.11704 0.350072 
6.18967 0.354228 
6.38047 0.365147 
6.61804 0.378743 
6.77985 0.388004 
7.04138 0.402971 
7.39505 0.423211 
7.59047 0.434395 
7.7043 0.440909 
7.96339 0.455736 
8.16991 0.467555 
8.18547 0.468445 
8.15806 0.466877 
8.3625 0.478577 
8.3239 0.476368 
8.32938 0.476681 
8.34133 0.477366 
8.15687 0.466809 
8.14394 0.466069 
8.16314 0.467168 
7.90158 0.452199 
7.87626 0.45075 
7.86563 0.450141 
8.09582 0.463315 
8.05048 0.46072 
8.06722 0.461678 
8.08709 0.462815 
7.9619 0.455651 
8.07085 0.461886 
8.05374 0.460907 
8.05181 0.460797 
7.9947 0.457528 
7.82575 0.447859 
7.83101 0.44816 
7.92856 0.453743 
8.00765 0.458269 
7.82045 0.447556 
7.91068 0.45272 
8.131 0.465329 
8.04649 0.460492 
8.03274 0.459705 
8.2755 0.473598 
8.19755 0.469137 
8.03281 0.459709 
7.99087 0.457309 
8.03879 0.460051 
8.07142 0.461919 
8.01276 0.458562 
8.12768 0.465139 
7.84954 0.449221 
7.96478 0.455816 
7.92225 0.453382 
7.97628 0.456474 
7.95577 0.4553 
7.78222 0.445368 
7.73124 0.442451 
7.57475 0.433495 
7.50186 0.429323 
7.42649 0.42501 
7.32456 0.419177 
6.98703 0.39986 
6.84581 0.391778 
6.79723 0.388998 
6.68916 0.382813 
6.43594 0.368322 
6.33003 0.362261 
6.27111 0.358889 
6.27568 0.35915 
6.22841 0.356445 


1.27715 0.251674 
1.2723 0.250718 
1.24349 0.24504 
1.21738 0.239896 
1.18622 0.233755 
1.18531 0.233577 
1.15542 0.227686 
1.16894 0.230349 
1.17461 0.231467 
1.14158 0.224958 
1.14953 0.226524 
1.1457 0.225771 
1.1498 0.226579 
1.13611 0.22388 
1.12561 0.221811 
1.12268 0.221234 
1.13477 0.223616 
1.14088 0.224821 
1.13232 0.223133 
1.13755 0.224164 
1.14309 0.225256 
1.16651 0.229871 
1.18024 0.232577 
1.18323 0.233166 
1.22035 0.24048 
1.22214 0.240833 
1.24066 0.244484 
1.25289 0.246893 
1.26776 0.249824 
1.30684 0.257525 
1.3555 0.267114 
1.38865 0.273645 
1.44221 0.2842 
1.51465 0.298475 
1.55468 0.306363 
1.57799 0.310957 
1.63106 0.321414 
1.67335 0.329749 
1.67654 0.330377 
1.67093 0.329271 
1.7128 0.337523 
1.7049 0.335965 
1.70602 0.336186 
1.70847 0.336668 
1.67068 0.329223 
1.66804 0.328701 
1.67197 0.329476 
1.6184 0.318919 
1.61321 0.317897 
1.61103 0.317468 
1.65818 0.326759 
1.64889 0.324929 
1.65232 0.325605 
1.65639 0.326407 
1.63075 0.321354 
1.65306 0.325751 
1.64956 0.325061 
1.64917 0.324983 
1.63747 0.322678 
1.60286 0.315858 
1.60394 0.316071 
1.62392 0.320008 
1.64012 0.3232 
1.60178 0.315645 
1.62026 0.319286 
1.66539 0.328179 
1.64808 0.324768 
1.64526 0.324213 
1.69498 0.334011 
1.67902 0.330865 
1.64527 0.324216 
1.63668 0.322523 
1.6465 0.324457 
1.65318 0.325774 
1.64117 0.323407 
1.66471 0.328045 
1.60774 0.316819 
1.63134 0.32147 
1.62263 0.319753 
1.63369 0.321934 
1.62949 0.321106 
1.59395 0.314102 
1.58351 0.312044 
1.55146 0.305728 
1.53652 0.302786 
1.52109 0.299744 
1.50021 0.29563 
1.43108 0.282007 
1.40215 0.276307 
1.3922 0.274346 
1.37007 0.269984 
1.3182 0.259764 
1.29651 0.255489 
1.28444 0.253111 
1.28538 0.253296 
1.2757 0.251388 


1.7373 0.356851 
1.7307 0.355496 
1.69151 0.347445 
1.656 0.340151 
1.61361 0.331444 
1.61238 0.331191 
1.57171 0.322838 
1.5901 0.326614 
1.59781 0.3282 
1.55288 0.31897 
1.56369 0.321191 
1.5585 0.320123 
1.56407 0.321269 
1.54544 0.317442 
1.53116 0.314508 
1.52718 0.31369 
1.54362 0.317067 
1.55193 0.318776 
1.54028 0.316382 
1.5474 0.317844 
1.55494 0.319393 
1.5868 0.325937 
1.60548 0.329774 
1.60954 0.330609 
1.66003 0.340979 
1.66247 0.34148 
1.68767 0.346656 
1.7043 0.350072 
1.72453 0.354228 
1.77769 0.365147 
1.84388 0.378743 
1.88897 0.388004 
1.96183 0.402971 
2.06037 0.423211 
2.11482 0.434395 
2.14653 0.440909 
2.21872 0.455736 
2.27625 0.467555 
2.28059 0.468445 
2.27295 0.466877 
2.32991 0.478577 
2.31916 0.476368 
2.32069 0.476681 
2.32402 0.477366 
2.27262 0.466809 
2.26902 0.466069 
2.27437 0.467168 
2.2015 0.452199 
2.19444 0.45075 
2.19148 0.450141 
2.25561 0.463315 
2.24298 0.46072 
2.24764 0.461678 
2.25318 0.462815 
2.2183 0.455651 
2.24865 0.461886 
2.24389 0.460907 
2.24335 0.460797 
2.22744 0.457528 
2.18037 0.447859 
2.18183 0.44816 
2.20901 0.453743 
2.23105 0.458269 
2.17889 0.447556 
2.20403 0.45272 
2.26542 0.465329 
2.24187 0.460492 
2.23804 0.459705 
2.30567 0.473598 
2.28396 0.469137 
2.23806 0.459709 
2.22637 0.457309 
2.23972 0.460051 
2.24881 0.461919 
2.23247 0.458562 
2.26449 0.465139 
2.187 0.449221 
2.2191 0.455816 
2.20725 0.453382 
2.22231 0.456474 
2.21659 0.4553 
2.16824 0.445368 
2.15404 0.442451 
2.11044 0.433495 
2.09013 0.429323 
2.06913 0.42501 
2.04073 0.419177 
1.94669 0.39986 
1.90734 0.391778 
1.89381 0.388998 
1.8637 0.382813 
1.79314 0.368322 
1.76364 0.362261 
1.74722 0.358889 
1.7485 0.35915 
1.73533 0.356445 


5.56876 1.4368 
5.5476 1.43134 
5.42198 1.39892 
5.30815 1.36956 
5.17226 1.3345 
5.16832 1.33348 
5.03797 1.29985 
5.0969 1.31505 
5.12164 1.32144 
4.9776 1.28427 
5.01227 1.29322 
4.99561 1.28892 
5.01348 1.29353 
4.95377 1.27812 
4.90798 1.26631 
4.89522 1.26302 
4.94792 1.27661 
4.97458 1.28349 
4.93723 1.27386 
4.96004 1.27974 
4.98422 1.28598 
5.08633 1.31232 
5.1462 1.32777 
5.15923 1.33113 
5.32107 1.37289 
5.32888 1.37491 
5.40966 1.39575 
5.46296 1.4095 
5.52782 1.42623 
5.69822 1.4702 
5.91039 1.52494 
6.0549 1.56223 
6.28846 1.62249 
6.60432 1.70398 
6.77884 1.74901 
6.8805 1.77524 
7.11189 1.83494 
7.29632 1.88252 
7.31021 1.88611 
7.28574 1.87979 
7.46832 1.9269 
7.43385 1.91801 
7.43874 1.91927 
7.44941 1.92202 
7.28467 1.87952 
7.27313 1.87654 
7.29028 1.88096 
7.05669 1.8207 
7.03407 1.81486 
7.02457 1.81241 
7.23015 1.86545 
7.18966 1.855 
7.20461 1.85886 
7.22235 1.86344 
7.11055 1.83459 
7.20785 1.8597 
7.19257 1.85576 
7.19085 1.85531 
7.13985 1.84215 
6.98896 1.80322 
6.99366 1.80443 
7.08078 1.82691 
7.15141 1.84514 
6.98423 1.802 
7.06481 1.82279 
7.26157 1.87356 
7.1861 1.85409 
7.17382 1.85092 
7.39062 1.90685 
7.32101 1.88889 
7.17388 1.85093 
7.13642 1.84127 
7.17922 1.85231 
7.20836 1.85983 
7.15598 1.84631 
7.25861 1.87279 
7.01021 1.8087 
7.11312 1.83526 
7.07514 1.82546 
7.12339 1.83791 
7.10507 1.83318 
6.95009 1.79319 
6.90456 1.78145 
6.7648 1.74539 
6.6997 1.72859 
6.63239 1.71122 
6.54136 1.68774 
6.23992 1.60996 
6.1138 1.57742 
6.07041 1.56623 
5.9739 1.54133 
5.74776 1.48298 
5.65317 1.45858 
5.60055 1.445 
5.60464 1.44605 
5.56242 1.43516 


2.47918 0.610404 
2.46976 0.608085 
2.41383 0.594314 
2.36316 0.581838 
2.30266 0.566943 
2.30091 0.566511 
2.24287 0.552223 
2.26911 0.558682 
2.28013 0.561394 
2.216 0.545606 
2.23143 0.549406 
2.22402 0.54758 
2.23197 0.549538 
2.20539 0.542993 
2.185 0.537974 
2.17932 0.536576 
2.20278 0.542352 
2.21465 0.545274 
2.19802 0.54118 
2.20818 0.543681 
2.21894 0.546331 
2.2644 0.557524 
2.29106 0.564086 
2.29686 0.565515 
2.36891 0.583254 
2.37239 0.58411 
2.40835 0.592964 
2.43208 0.598807 
2.46095 0.605916 
2.53681 0.624594 
2.63127 0.64785 
2.69561 0.663691 
2.79958 0.689292 
2.9402 0.723913 
3.0179 0.743043 
3.06316 0.754186 
3.16617 0.779549 
3.24828 0.799765 
3.25446 0.801288 
3.24357 0.798605 
3.32485 0.818618 
3.3095 0.81484 
3.31168 0.815376 
3.31643 0.816546 
3.24309 0.798488 
3.23795 0.797223 
3.24559 0.799103 
3.14159 0.773498 
3.13153 0.771019 
3.1273 0.769979 
3.21882 0.792512 
3.20079 0.788074 
3.20745 0.789713 
3.21535 0.791658 
3.16557 0.779403 
3.20889 0.790068 
3.20209 0.788393 
3.20132 0.788205 
3.17862 0.782614 
3.11144 0.766075 
3.11353 0.76659 
3.15232 0.776139 
3.18376 0.783881 
3.10934 0.765556 
3.14521 0.774389 
3.23281 0.795957 
3.19921 0.787684 
3.19374 0.786338 
3.29026 0.810102 
3.25927 0.802471 
3.19377 0.786344 
3.17709 0.782238 
3.19615 0.78693 
3.20912 0.790124 
3.1858 0.784382 
3.23149 0.795632 
3.1209 0.768404 
3.16672 0.779685 
3.14981 0.775521 
3.17129 0.78081 
3.16314 0.778802 
3.09414 0.761814 
3.07387 0.756823 
3.01165 0.741505 
2.98267 0.734368 
2.9527 0.726991 
2.91217 0.717013 
2.77798 0.683971 
2.72183 0.670147 
2.70251 0.665391 
2.65955 0.654812 
2.55887 0.630024 
2.51676 0.619656 
2.49333 0.613888 
2.49515 0.614336 
2.47636 0.609709 


4.52638 -0.0375633 
4.50918 -0.0374206 
4.40707 -0.0365732 
4.31455 -0.0358054 
4.2041 -0.0348888 
4.2009 -0.0348622 
4.09495 -0.033983 
4.14284 -0.0343805 
4.16296 -0.0345473 
4.04588 -0.0335758 
4.07406 -0.0338096 
4.06051 -0.0336972 
4.07504 -0.0338178 
4.0265 -0.0334149 
3.98929 -0.0331061 
3.97892 -0.0330201 
4.02175 -0.0333755 
4.04342 -0.0335554 
4.01306 -0.0333034 
4.0316 -0.0334573 
4.05125 -0.0336204 
4.13425 -0.0343092 
4.18292 -0.034713 
4.19351 -0.0348009 
4.32505 -0.0358926 
4.3314 -0.0359452 
4.39706 -0.0364901 
4.44038 -0.0368497 
4.4931 -0.0372871 
4.6316 -0.0384366 
4.80406 -0.0398677 
4.92152 -0.0408425 
5.11136 -0.0424179 
5.36809 -0.0445485 
5.50995 -0.0457257 
5.59258 -0.0464115 
5.78066 -0.0479723 
5.93056 -0.0492163 
5.94186 -0.0493101 
5.92197 -0.049145 
6.07037 -0.0503765 
6.04235 -0.050144 
6.04633 -0.050177 
6.055 -0.050249 
5.9211 -0.0491378 
5.91172 -0.0490599 
5.92565 -0.0491756 
5.73579 -0.0475999 
5.71741 -0.0474474 
5.70969 -0.0473833 
5.87678 -0.04877 
5.84387 -0.0484969 
5.85602 -0.0485977 
5.87045 -0.0487174 
5.77957 -0.0479633 
5.85866 -0.0486196 
5.84624 -0.0485165 
5.84484 -0.0485049 
5.80338 -0.0481609 
5.68074 -0.0471431 
5.68456 -0.0471748 
5.75537 -0.0477624 
5.81278 -0.0482389 
5.67689 -0.0471112 
5.74239 -0.0476547 
5.90232 -0.048982 
5.84098 -0.0484729 
5.831 -0.04839 
6.00721 -0.0498524 
5.95063 -0.0493828 
5.83104 -0.0483904 
5.8006 -0.0481378 
5.83539 -0.0484265 
5.85907 -0.048623 
5.81649 -0.0482697 
5.89991 -0.0489619 
5.69801 -0.0472864 
5.78166 -0.0479806 
5.75079 -0.0477244 
5.79001 -0.0480499 
5.77512 -0.0479263 
5.64914 -0.0468809 
5.61214 -0.0465738 
5.49854 -0.045631 
5.44562 -0.0451919 
5.39092 -0.0447379 
5.31692 -0.0441238 
5.07191 -0.0420906 
4.9694 -0.0412398 
4.93413 -0.0409472 
4.85569 -0.0402961 
4.67187 -0.0387707 
4.59499 -0.0381327 
4.55222 -0.0377777 
4.55554 -0.0378053 
4.52123 -0.0375206 


21.505 2.01903 
21.4233 2.01136 
20.9382 1.96581 
20.4986 1.92454 
19.9738 1.87527 
19.9586 1.87384 
19.4552 1.82658 
19.6828 1.84795 
19.7784 1.85692 
19.2221 1.8047 
19.356 1.81727 
19.2916 1.81122 
19.3607 1.8177 
19.1301 1.79605 
18.9532 1.77945 
18.904 1.77483 
19.1075 1.79393 
19.2104 1.8036 
19.0662 1.79006 
19.1543 1.79833 
19.2477 1.80709 
19.642 1.84412 
19.8732 1.86582 
19.9235 1.87055 
20.5485 1.92922 
20.5787 1.93206 
20.8906 1.96134 
21.0964 1.98067 
21.3469 2.00418 
22.0049 2.06596 
22.8243 2.14289 
23.3823 2.19528 
24.2843 2.27996 
25.504 2.39448 
26.178 2.45776 
26.5706 2.49462 
27.4641 2.57851 
28.1763 2.64538 
28.23 2.65042 
28.1355 2.64154 
28.8405 2.70774 
28.7074 2.69524 
28.7263 2.69701 
28.7676 2.70088 
28.1314 2.64115 
28.0868 2.63697 
28.153 2.64319 
27.2509 2.55849 
27.1636 2.5503 
27.1269 2.54685 
27.9208 2.62139 
27.7644 2.60671 
27.8222 2.61213 
27.8907 2.61856 
27.459 2.57802 
27.8347 2.6133 
27.7757 2.60776 
27.7691 2.60714 
27.5721 2.58865 
26.9894 2.53394 
27.0075 2.53564 
27.344 2.56723 
27.6167 2.59284 
26.9711 2.53222 
27.2823 2.56144 
28.0422 2.63278 
27.7507 2.60542 
27.7033 2.60096 
28.5405 2.67957 
28.2717 2.65433 
27.7035 2.60098 
27.5589 2.5874 
27.7241 2.60292 
27.8367 2.61349 
27.6344 2.59449 
28.0307 2.6317 
27.0715 2.54164 
27.4689 2.57896 
27.3222 2.56519 
27.5085 2.58268 
27.4378 2.57604 
26.8393 2.51985 
26.6635 2.50334 
26.1238 2.45267 
25.8724 2.42906 
25.6124 2.40466 
25.2609 2.37166 
24.0968 2.26237 
23.6098 2.21664 
23.4422 2.20091 
23.0695 2.16592 
22.1962 2.08393 
21.831 2.04963 
21.6278 2.03055 
21.6435 2.03203 
21.4805 2.01673 


27.8438 7.04312 
27.738 7.01636 
27.1099 6.85748 
26.5408 6.71351 
25.8613 6.54165 
25.8416 6.53666 
25.1899 6.3718 
25.4845 6.44633 
25.6082 6.47763 
24.888 6.29545 
25.0614 6.3393 
24.978 6.31823 
25.0674 6.34083 
24.7688 6.2653 
24.5399 6.20739 
24.4761 6.19126 
24.7396 6.25791 
24.8729 6.29163 
24.6861 6.24439 
24.8002 6.27324 
24.9211 6.30382 
25.4317 6.43297 
25.731 6.50869 
25.7962 6.52517 
26.6054 6.72985 
26.6444 6.73973 
27.0483 6.84189 
27.3148 6.90931 
27.6391 6.99134 
28.4911 7.20685 
29.5519 7.47519 
30.2745 7.65797 
31.4423 7.95337 
33.0216 8.35284 
33.8942 8.57358 
34.4025 8.70215 
35.5594 8.9948 
36.4816 9.22806 
36.5511 9.24563 
36.4287 9.21468 
37.3416 9.44559 
37.1692 9.402 
37.1937 9.40819 
37.2471 9.42169 
36.4234 9.21333 
36.3657 9.19873 
36.4514 9.22042 
35.2834 8.92498 
35.1703 8.89638 
35.1229 8.88437 
36.1508 9.14438 
35.9483 9.09316 
36.023 9.11207 
36.1118 9.13451 
35.5528 8.99311 
36.0392 9.11617 
35.9629 9.09684 
35.9543 9.09467 
35.6992 9.03016 
34.9448 8.83932 
34.9683 8.84527 
35.4039 8.95545 
35.757 9.04478 
34.9211 8.83334 
35.324 8.93526 
36.3079 9.18412 
35.9305 9.08866 
35.8691 9.07313 
36.9531 9.34732 
36.605 9.25928 
35.8694 9.0732 
35.6821 9.02583 
35.8961 9.07996 
36.0418 9.11681 
35.7799 9.05056 
36.293 9.18037 
35.051 8.8662 
35.5656 8.99636 
35.3757 8.94832 
35.617 9.00935 
35.5254 8.98618 
34.7504 8.79016 
34.5228 8.73258 
33.824 8.55582 
33.4985 8.47348 
33.162 8.38836 
32.7068 8.27322 
31.1996 7.89198 
30.569 7.73246 
30.3521 7.67759 
29.8695 7.55553 
28.7388 7.26951 
28.2659 7.14988 
28.0028 7.08333 
28.0232 7.08849 
27.8121 7.0351 


0.939083 0.939083 
0.935515 0.935515 
0.91433 0.91433 
0.895135 0.895135 
0.87222 0.87222 
0.871555 0.871555 
0.849574 0.849574 
0.859511 0.859511 
0.863684 0.863684 
0.839394 0.839394 
0.84524 0.84524 
0.84243 0.84243 
0.845444 0.845444 
0.835374 0.835374 
0.827653 0.827653 
0.825501 0.825501 
0.834387 0.834387 
0.838884 0.838884 
0.832585 0.832585 
0.836433 0.836433 
0.840509 0.840509 
0.857729 0.857729 
0.867825 0.867825 
0.870023 0.870023 
0.897314 0.897314 
0.898631 0.898631 
0.912253 0.912253 
0.921241 0.921241 
0.932179 0.932179 
0.960914 0.960914 
0.996692 0.996692 
1.02106 1.02106 
1.06045 1.06045 
1.11371 1.11371 
1.14314 1.14314 
1.16029 1.16029 
1.19931 1.19931 
1.23041 1.23041 
1.23275 1.23275 
1.22862 1.22862 
1.25941 1.25941 
1.2536 1.2536 
1.25442 1.25442 
1.25622 1.25622 
1.22844 1.22844 
1.2265 1.2265 
1.22939 1.22939 
1.19 1.19 
1.18618 1.18618 
1.18458 1.18458 
1.21925 1.21925 
1.21242 1.21242 
1.21494 1.21494 
1.21794 1.21794 
1.19908 1.19908 
1.21549 1.21549 
1.21291 1.21291 
1.21262 1.21262 
1.20402 1.20402 
1.17858 1.17858 
1.17937 1.17937 
1.19406 1.19406 
1.20597 1.20597 
1.17778 1.17778 
1.19137 1.19137 
1.22455 1.22455 
1.21182 1.21182 
1.20975 1.20975 
1.24631 1.24631 
1.23457 1.23457 
1.20976 1.20976 
1.20344 1.20344 
1.21066 1.21066 
1.21558 1.21558 
1.20674 1.20674 
1.22405 1.22405 
1.18216 1.18216 
1.19952 1.19952 
1.19311 1.19311 
1.20125 1.20125 
1.19816 1.19816 
1.17202 1.17202 
1.16434 1.16434 
1.14078 1.14078 
1.1298 1.1298 
1.11845 1.11845 
1.1031 1.1031 
1.05226 1.05226 
1.031 1.031 
1.02368 1.02368 
1.0074 1.0074 
0.969267 0.969267 
0.953318 0.953318 
0.944444 0.944444 
0.945133 0.945133 
0.938014 0.938014 


8.64895 1.47436 
8.61609 1.46876 
8.42098 1.4355 
8.24419 1.40536 
8.03315 1.36939 
8.02702 1.36834 
7.82457 1.33383 
7.9161 1.34943 
7.95453 1.35598 
7.73082 1.31785 
7.78466 1.32703 
7.75878 1.32262 
7.78654 1.32735 
7.69379 1.31154 
7.62268 1.29941 
7.60287 1.29604 
7.68471 1.30999 
7.72612 1.31705 
7.66811 1.30716 
7.70354 1.3132 
7.74109 1.3196 
7.89968 1.34663 
7.99267 1.36249 
8.01291 1.36594 
8.26426 1.40878 
8.27639 1.41085 
8.40185 1.43224 
8.48463 1.44635 
8.58537 1.46352 
8.85002 1.50863 
9.17954 1.56481 
9.40399 1.60307 
9.76673 1.6649 
10.2573 1.74853 
10.5284 1.79474 
10.6862 1.82165 
11.0456 1.88291 
11.3321 1.93174 
11.3536 1.93542 
11.3156 1.92894 
11.5992 1.97728 
11.5457 1.96815 
11.5533 1.96945 
11.5698 1.97227 
11.314 1.92866 
11.296 1.9256 
11.3227 1.93014 
10.9599 1.8683 
10.9248 1.86231 
10.91 1.85979 
11.2293 1.91422 
11.1664 1.9035 
11.1896 1.90746 
11.2172 1.91216 
11.0435 1.88256 
11.1947 1.90832 
11.1709 1.90427 
11.1683 1.90382 
11.089 1.89031 
10.8547 1.85036 
10.862 1.85161 
10.9973 1.87467 
11.107 1.89337 
10.8473 1.84911 
10.9725 1.87045 
11.2781 1.92254 
11.1609 1.90256 
11.1418 1.89931 
11.4785 1.95671 
11.3704 1.93828 
11.1419 1.89932 
11.0837 1.88941 
11.1502 1.90074 
11.1954 1.90845 
11.1141 1.89458 
11.2735 1.92176 
10.8877 1.85599 
11.0475 1.88324 
10.9885 1.87318 
11.0635 1.88596 
11.035 1.88111 
10.7943 1.84007 
10.7236 1.82802 
10.5065 1.79102 
10.4054 1.77378 
10.3009 1.75596 
10.1595 1.73186 
9.69135 1.65205 
9.49546 1.61866 
9.42808 1.60718 
9.27819 1.58162 
8.92695 1.52175 
8.78005 1.49671 
8.69833 1.48278 
8.70467 1.48386 
8.63911 1.47268 


0.939083 0.939083 
0.935515 0.935515 
0.91433 0.91433 
0.895135 0.895135 
0.87222 0.87222 
0.871555 0.871555 
0.849574 0.849574 
0.859511 0.859511 
0.863684 0.863684 
0.839394 0.839394 
0.84524 0.84524 
0.84243 0.84243 
0.845444 0.845444 
0.835374 0.835374 
0.827653 0.827653 
0.825501 0.825501 
0.834387 0.834387 
0.838884 0.838884 
0.832585 0.832585 
0.836433 0.836433 
0.840509 0.840509 
0.857729 0.857729 
0.867825 0.867825 
0.870023 0.870023 
0.897314 0.897314 
0.898631 0.898631 
0.912253 0.912253 
0.921241 0.921241 
0.932179 0.932179 
0.960914 0.960914 
0.996692 0.996692 
1.02106 1.02106 
1.06045 1.06045 
1.11371 1.11371 
1.14314 1.14314 
1.16029 1.16029 
1.19931 1.19931 
1.23041 1.23041 
1.23275 1.23275 
1.22862 1.22862 
1.25941 1.25941 
1.2536 1.2536 
1.25442 1.25442 
1.25622 1.25622 
1.22844 1.22844 
1.2265 1.2265 
1.22939 1.22939 
1.19 1.19 
1.18618 1.18618 
1.18458 1.18458 
1.21925 1.21925 
1.21242 1.21242 
1.21494 1.21494 
1.21794 1.21794 
1.19908 1.19908 
1.21549 1.21549 
1.21291 1.21291 
1.21262 1.21262 
1.20402 1.20402 
1.17858 1.17858 
1.17937 1.17937 
1.19406 1.19406 
1.20597 1.20597 
1.17778 1.17778 
1.19137 1.19137 
1.22455 1.22455 
1.21182 1.21182 
1.20975 1.20975 
1.24631 1.24631 
1.23457 1.23457 
1.20976 1.20976 
1.20344 1.20344 
1.21066 1.21066 
1.21558 1.21558 
1.20674 1.20674 
1.22405 1.22405 
1.18216 1.18216 
1.19952 1.19952 
1.19311 1.19311 
1.20125 1.20125 
1.19816 1.19816 
1.17202 1.17202 
1.16434 1.16434 
1.14078 1.14078 
1.1298 1.1298 
1.11845 1.11845 
1.1031 1.1031 
1.05226 1.05226 
1.031 1.031 
1.02368 1.02368 
1.0074 1.0074 
0.969267 0.969267 
0.953318 0.953318 
0.944444 0.944444 
0.945133 0.945133 
0.938014 0.938014 


21.505 2.01903 
21.4233 2.01136 
20.9382 1.96581 
20.4986 1.92454 
19.9738 1.87527 
19.9586 1.87384 
19.4552 1.82658 
19.6828 1.84795 
19.7784 1.85692 
19.2221 1.8047 
19.356 1.81727 
19.2916 1.81122 
19.3607 1.8177 
19.1301 1.79605 
18.9532 1.77945 
18.904 1.77483 
19.1075 1.79393 
19.2104 1.8036 
19.0662 1.79006 
19.1543 1.79833 
19.2477 1.80709 
19.642 1.84412 
19.8732 1.86582 
19.9235 1.87055 
20.5485 1.92922 
20.5787 1.93206 
20.8906 1.96134 
21.0964 1.98067 
21.3469 2.00418 
22.0049 2.06596 
22.8243 2.14289 
23.3823 2.19528 
24.2843 2.27996 
25.504 2.39448 
26.178 2.45776 
26.5706 2.49462 
27.4641 2.57851 
28.1763 2.64538 
28.23 2.65042 
28.1355 2.64154 
28.8405 2.70774 
28.7074 2.69524 
28.7263 2.69701 
28.7676 2.70088 
28.1314 2.64115 
28.0868 2.63697 
28.153 2.64319 
27.2509 2.55849 
27.1636 2.5503 
27.1269 2.54685 
27.9208 2.62139 
27.7644 2.60671 
27.8222 2.61213 
27.8907 2.61856 
27.459 2.57802 
27.8347 2.6133 
27.7757 2.60776 
27.7691 2.60714 
27.5721 2.58865 
26.9894 2.53394 
27.0075 2.53564 
27.344 2.56723 
27.6167 2.59284 
26.9711 2.53222 
27.2823 2.56144 
28.0422 2.63278 
27.7507 2.60542 
27.7033 2.60096 
28.5405 2.67957 
28.2717 2.65433 
27.7035 2.60098 
27.5589 2.5874 
27.7241 2.60292 
27.8367 2.61349 
27.6344 2.59449 
28.0307 2.6317 
27.0715 2.54164 
27.4689 2.57896 
27.3222 2.56519 
27.5085 2.58268 
27.4378 2.57604 
26.8393 2.51985 
26.6635 2.50334 
26.1238 2.45267 
25.8724 2.42906 
25.6124 2.40466 
25.2609 2.37166 
24.0968 2.26237 
23.6098 2.21664 
23.4422 2.20091 
23.0695 2.16592 
22.1962 2.08393 
21.831 2.04963 
21.6278 2.03055 
21.6435 2.03203 
21.4805 2.01673 


10.189 2.11294 
10.1503 2.10491 
9.92048 2.05724 
9.71221 2.01405 
9.46359 1.9625 
9.45637 1.961 
9.21788 1.91154 
9.3257 1.9339 
9.37097 1.94329 
9.10742 1.88864 
9.17085 1.90179 
9.14037 1.89547 
9.17306 1.90225 
9.06381 1.87959 
8.98003 1.86222 
8.95669 1.85738 
9.0531 1.87737 
9.10189 1.88749 
9.03355 1.87332 
9.07529 1.88197 
9.11952 1.89114 
9.30636 1.92989 
9.4159 1.95261 
9.43974 1.95755 
9.73585 2.01896 
9.75015 2.02192 
9.89794 2.05257 
9.99547 2.07279 
10.1141 2.0974 
10.4259 2.16206 
10.8141 2.24256 
11.0785 2.29739 
11.5059 2.38601 
12.0838 2.50585 
12.4031 2.57207 
12.5891 2.61064 
13.0125 2.69844 
13.3499 2.76842 
13.3754 2.77369 
13.3306 2.7644 
13.6646 2.83368 
13.6016 2.8206 
13.6105 2.82246 
13.63 2.82651 
13.3286 2.764 
13.3075 2.75962 
13.3389 2.76612 
12.9115 2.67749 
12.8701 2.66891 
12.8527 2.66531 
13.2289 2.74331 
13.1548 2.72795 
13.1821 2.73362 
13.2146 2.74035 
13.01 2.69793 
13.1881 2.73485 
13.1601 2.72905 
13.157 2.7284 
13.0636 2.70905 
12.7876 2.6518 
12.7962 2.65358 
12.9556 2.68663 
13.0848 2.71344 
12.7789 2.65 
12.9263 2.68058 
13.2864 2.75523 
13.1483 2.7266 
13.1258 2.72194 
13.5225 2.8042 
13.3951 2.77779 
13.1259 2.72196 
13.0574 2.70775 
13.1357 2.72399 
13.189 2.73504 
13.0931 2.71517 
13.2809 2.75411 
12.8264 2.65986 
13.0147 2.69891 
12.9452 2.6845 
13.0335 2.7028 
13 2.69585 
12.7164 2.63705 
12.6331 2.61977 
12.3774 2.56675 
12.2583 2.54204 
12.1352 2.51651 
11.9686 2.48197 
11.4171 2.36759 
11.1863 2.31974 
11.1069 2.30328 
10.9303 2.26666 
10.5166 2.18085 
10.3435 2.14496 
10.2472 2.125 
10.2547 2.12655 
10.1774 2.11053 


10.189 2.11294 
10.1503 2.10491 
9.92048 2.05724 
9.71221 2.01405 
9.46359 1.9625 
9.45637 1.961 
9.21788 1.91154 
9.3257 1.9339 
9.37097 1.94329 
9.10742 1.88864 
9.17085 1.90179 
9.14037 1.89547 
9.17306 1.90225 
9.06381 1.87959 
8.98003 1.86222 
8.95669 1.85738 
9.0531 1.87737 
9.10189 1.88749 
9.03355 1.87332 
9.07529 1.88197 
9.11952 1.89114 
9.30636 1.92989 
9.4159 1.95261 
9.43974 1.95755 
9.73585 2.01896 
9.75015 2.02192 
9.89794 2.05257 
9.99547 2.07279 
10.1141 2.0974 
10.4259 2.16206 
10.8141 2.24256 
11.0785 2.29739 
11.5059 2.38601 
12.0838 2.50585 
12.4031 2.57207 
12.5891 2.61064 
13.0125 2.69844 
13.3499 2.76842 
13.3754 2.77369 
13.3306 2.7644 
13.6646 2.83368 
13.6016 2.8206 
13.6105 2.82246 
13.63 2.82651 
13.3286 2.764 
13.3075 2.75962 
13.3389 2.76612 
12.9115 2.67749 
12.8701 2.66891 
12.8527 2.66531 
13.2289 2.74331 
13.1548 2.72795 
13.1821 2.73362 
13.2146 2.74035 
13.01 2.69793 
13.1881 2.73485 
13.1601 2.72905 
13.157 2.7284 
13.0636 2.70905 
12.7876 2.6518 
12.7962 2.65358 
12.9556 2.68663 
13.0848 2.71344 
12.7789 2.65 
12.9263 2.68058 
13.2864 2.75523 
13.1483 2.7266 
13.1258 2.72194 
13.5225 2.8042 
13.3951 2.77779 
13.1259 2.72196 
13.0574 2.70775 
13.1357 2.72399 
13.189 2.73504 
13.0931 2.71517 
13.2809 2.75411 
12.8264 2.65986 
13.0147 2.69891 
12.9452 2.6845 
13.0335 2.7028 
13 2.69585 
12.7164 2.63705 
12.6331 2.61977 
12.3774 2.56675 
12.2583 2.54204 
12.1352 2.51651 
11.9686 2.48197 
11.4171 2.36759 
11.1863 2.31974 
11.1069 2.30328 
10.9303 2.26666 
10.5166 2.18085 
10.3435 2.14496 
10.2472 2.125 
10.2547 2.12655 
10.1774 2.11053 


22.538 11.269 
22.4524 11.2262 
21.9439 10.972 
21.4832 10.7416 
20.9333 10.4666 
20.9173 10.4587 
20.3898 10.1949 
20.6283 10.3141 
20.7284 10.3642 
20.1455 10.0727 
20.2858 10.1429 
20.2183 10.1092 
20.2906 10.1453 
20.049 10.0245 
19.8637 9.93183 
19.812 9.90602 
20.0253 10.0126 
20.1332 10.0666 
19.982 9.99102 
20.0744 10.0372 
20.1722 10.0861 
20.5855 10.2927 
20.8278 10.4139 
20.8805 10.4403 
21.5355 10.7678 
21.5671 10.7836 
21.8941 10.947 
22.1098 11.0549 
22.3723 11.1861 
23.0619 11.531 
23.9206 11.9603 
24.5055 12.2527 
25.4508 12.7254 
26.7291 13.3646 
27.4354 13.7177 
27.8469 13.9234 
28.7833 14.3917 
29.5298 14.7649 
29.586 14.793 
29.487 14.7435 
30.2259 15.113 
30.0864 15.0432 
30.1062 15.0531 
30.1494 15.0747 
29.4827 14.7413 
29.4359 14.718 
29.5053 14.7527 
28.5599 14.28 
28.4684 14.2342 
28.43 14.215 
29.262 14.631 
29.0981 14.5491 
29.1586 14.5793 
29.2304 14.6152 
28.778 14.389 
29.1717 14.5859 
29.1099 14.555 
29.1029 14.5515 
28.8965 14.4483 
28.2858 14.1429 
28.3049 14.1524 
28.6574 14.3287 
28.9433 14.4717 
28.2667 14.1333 
28.5928 14.2964 
29.3892 14.6946 
29.0837 14.5419 
29.034 14.517 
29.9114 14.9557 
29.6297 14.8149 
29.0342 14.5171 
28.8826 14.4413 
29.0559 14.5279 
29.1738 14.5869 
28.9618 14.4809 
29.3772 14.6886 
28.3718 14.1859 
28.7884 14.3942 
28.6346 14.3173 
28.8299 14.415 
28.7558 14.3779 
28.1285 14.0643 
27.9443 13.9721 
27.3786 13.6893 
27.1151 13.5576 
26.8427 13.4214 
26.4743 13.2372 
25.2543 12.6272 
24.7439 12.3719 
24.5683 12.2841 
24.1777 12.0888 
23.2624 11.6312 
22.8796 11.4398 
22.6667 11.3333 
22.6832 11.3416 
22.5123 11.2562 


27.8438 7.04312 
27.738 7.01636 
27.1099 6.85748 
26.5408 6.71351 
25.8613 6.54165 
25.8416 6.53666 
25.1899 6.3718 
25.4845 6.44633 
25.6082 6.47763 
24.888 6.29545 
25.0614 6.3393 
24.978 6.31823 
25.0674 6.34083 
24.7688 6.2653 
24.5399 6.20739 
24.4761 6.19126 
24.7396 6.25791 
24.8729 6.29163 
24.6861 6.24439 
24.8002 6.27324 
24.9211 6.30382 
25.4317 6.43297 
25.731 6.50869 
25.7962 6.52517 
26.6054 6.72985 
26.6444 6.73973 
27.0483 6.84189 
27.3148 6.90931 
27.6391 6.99134 
28.4911 7.20685 
29.5519 7.47519 
30.2745 7.65797 
31.4423 7.95337 
33.0216 8.35284 
33.8942 8.57358 
34.4025 8.70215 
35.5594 8.9948 
36.4816 9.22806 
36.5511 9.24563 
36.4287 9.21468 
37.3416 9.44559 
37.1692 9.402 
37.1937 9.40819 
37.2471 9.42169 
36.4234 9.21333 
36.3657 9.19873 
36.4514 9.22042 
35.2834 8.92498 
35.1703 8.89638 
35.1229 8.88437 
36.1508 9.14438 
35.9483 9.09316 
36.023 9.11207 
36.1118 9.13451 
35.5528 8.99311 
36.0392 9.11617 
35.9629 9.09684 
35.9543 9.09467 
35.6992 9.03016 
34.9448 8.83932 
34.9683 8.84527 
35.4039 8.95545 
35.757 9.04478 
34.9211 8.83334 
35.324 8.93526 
36.3079 9.18412 
35.9305 9.08866 
35.8691 9.07313 
36.9531 9.34732 
36.605 9.25928 
35.8694 9.0732 
35.6821 9.02583 
35.8961 9.07996 
36.0418 9.11681 
35.7799 9.05056 
36.293 9.18037 
35.051 8.8662 
35.5656 8.99636 
35.3757 8.94832 
35.617 9.00935 
35.5254 8.98618 
34.7504 8.79016 
34.5228 8.73258 
33.824 8.55582 
33.4985 8.47348 
33.162 8.38836 
32.7068 8.27322 
31.1996 7.89198 
30.569 7.73246 
30.3521 7.67759 
29.8695 7.55553 
28.7388 7.26951 
28.2659 7.14988 
28.0028 7.08333 
28.0232 7.08849 
27.8121 7.0351 


0.939083 0.939083 
0.935515 0.935515 
0.91433 0.91433 
0.895135 0.895135 
0.87222 0.87222 
0.871555 0.871555 
0.849574 0.849574 
0.859511 0.859511 
0.863684 0.863684 
0.839394 0.839394 
0.84524 0.84524 
0.84243 0.84243 
0.845444 0.845444 
0.835374 0.835374 
0.827653 0.827653 
0.825501 0.825501 
0.834387 0.834387 
0.838884 0.838884 
0.832585 0.832585 
0.836433 0.836433 
0.840509 0.840509 
0.857729 0.857729 
0.867825 0.867825 
0.870023 0.870023 
0.897314 0.897314 
0.898631 0.898631 
0.912253 0.912253 
0.921241 0.921241 
0.932179 0.932179 
0.960914 0.960914 
0.996692 0.996692 
1.02106 1.02106 
1.06045 1.06045 
1.11371 1.11371 
1.14314 1.14314 
1.16029 1.16029 
1.19931 1.19931 
1.23041 1.23041 
1.23275 1.23275 
1.22862 1.22862 
1.25941 1.25941 
1.2536 1.2536 
1.25442 1.25442 
1.25622 1.25622 
1.22844 1.22844 
1.2265 1.2265 
1.22939 1.22939 
1.19 1.19 
1.18618 1.18618 
1.18458 1.18458 
1.21925 1.21925 
1.21242 1.21242 
1.21494 1.21494 
1.21794 1.21794 
1.19908 1.19908 
1.21549 1.21549 
1.21291 1.21291 
1.21262 1.21262 
1.20402 1.20402 
1.17858 1.17858 
1.17937 1.17937 
1.19406 1.19406 
1.20597 1.20597 
1.17778 1.17778 
1.19137 1.19137 
1.22455 1.22455 
1.21182 1.21182 
1.20975 1.20975 
1.24631 1.24631 
1.23457 1.23457 
1.20976 1.20976 
1.20344 1.20344 
1.21066 1.21066 
1.21558 1.21558 
1.20674 1.20674 
1.22405 1.22405 
1.18216 1.18216 
1.19952 1.19952 
1.19311 1.19311 
1.20125 1.20125 
1.19816 1.19816 
1.17202 1.17202 
1.16434 1.16434 
1.14078 1.14078 
1.1298 1.1298 
1.11845 1.11845 
1.1031 1.1031 
1.05226 1.05226 
1.031 1.031 
1.02368 1.02368 
1.0074 1.0074 
0.969267 0.969267 
0.953318 0.953318 
0.944444 0.944444 
0.945133 0.945133 
0.938014 0.938014 


14.7154 2.07537 
14.6595 2.06749 
14.3276 2.02067 
14.0268 1.97825 
13.6677 1.92761 
13.6573 1.92614 
13.3128 1.87756 
13.4685 1.89952 
13.5339 1.90874 
13.1533 1.85506 
13.2449 1.86798 
13.2009 1.86177 
13.2481 1.86843 
13.0903 1.84618 
12.9693 1.82911 
12.9356 1.82436 
13.0749 1.844 
13.1453 1.85393 
13.0466 1.84001 
13.1069 1.84852 
13.1708 1.85752 
13.4406 1.89558 
13.5988 1.91789 
13.6333 1.92275 
14.0609 1.98306 
14.0816 1.98598 
14.295 2.01608 
14.4359 2.03594 
14.6072 2.06012 
15.0575 2.12362 
15.6182 2.20269 
16 2.25655 
16.6172 2.34359 
17.4519 2.4613 
17.9131 2.52635 
18.1817 2.56423 
18.7931 2.65047 
19.2805 2.7192 
19.3172 2.72438 
19.2525 2.71526 
19.735 2.7833 
19.6439 2.77046 
19.6568 2.77228 
19.685 2.77626 
19.2497 2.71486 
19.2192 2.71056 
19.2645 2.71695 
18.6473 2.62989 
18.5875 2.62147 
18.5624 2.61793 
19.1056 2.69454 
18.9986 2.67945 
19.0381 2.68502 
19.085 2.69164 
18.7896 2.64997 
19.0467 2.68623 
19.0063 2.68054 
19.0018 2.6799 
18.867 2.66089 
18.4683 2.60465 
18.4807 2.6064 
18.7109 2.63887 
18.8976 2.6652 
18.4558 2.60289 
18.6687 2.63292 
19.1887 2.70625 
18.9892 2.67812 
18.9568 2.67355 
19.5297 2.75435 
19.3457 2.7284 
18.9569 2.67357 
18.858 2.65961 
18.9711 2.67556 
19.0481 2.68642 
18.9096 2.6669 
19.1808 2.70515 
18.5244 2.61257 
18.7964 2.65093 
18.696 2.63677 
18.8235 2.65475 
18.7751 2.64793 
18.3656 2.59017 
18.2453 2.5732 
17.876 2.52112 
17.7039 2.49685 
17.5261 2.47177 
17.2855 2.43784 
16.489 2.3255 
16.1557 2.2785 
16.041 2.26233 
15.786 2.22636 
15.1884 2.14208 
14.9385 2.10683 
14.7994 2.08722 
14.8102 2.08874 
14.6987 2.07301 


0.939083 0.939083 
0.935515 0.935515 
0.91433 0.91433 
0.895135 0.895135 
0.87222 0.87222 
0.871555 0.871555 
0.849574 0.849574 
0.859511 0.859511 
0.863684 0.863684 
0.839394 0.839394 
0.84524 0.84524 
0.84243 0.84243 
0.845444 0.845444 
0.835374 0.835374 
0.827653 0.827653 
0.825501 0.825501 
0.834387 0.834387 
0.838884 0.838884 
0.832585 0.832585 
0.836433 0.836433 
0.840509 0.840509 
0.857729 0.857729 
0.867825 0.867825 
0.870023 0.870023 
0.897314 0.897314 
0.898631 0.898631 
0.912253 0.912253 
0.921241 0.921241 
0.932179 0.932179 
0.960914 0.960914 
0.996692 0.996692 
1.02106 1.02106 
1.06045 1.06045 
1.11371 1.11371 
1.14314 1.14314 
1.16029 1.16029 
1.19931 1.19931 
1.23041 1.23041 
1.23275 1.23275 
1.22862 1.22862 
1.25941 1.25941 
1.2536 1.2536 
1.25442 1.25442 
1.25622 1.25622 
1.22844 1.22844 
1.2265 1.2265 
1.22939 1.22939 
1.19 1.19 
1.18618 1.18618 
1.18458 1.18458 
1.21925 1.21925 
1.21242 1.21242 
1.21494 1.21494 
1.21794 1.21794 
1.19908 1.19908 
1.21549 1.21549 
1.21291 1.21291 
1.21262 1.21262 
1.20402 1.20402 
1.17858 1.17858 
1.17937 1.17937 
1.19406 1.19406 
1.20597 1.20597 
1.17778 1.17778 
1.19137 1.19137 
1.22455 1.22455 
1.21182 1.21182 
1.20975 1.20975 
1.24631 1.24631 
1.23457 1.23457 
1.20976 1.20976 
1.20344 1.20344 
1.21066 1.21066 
1.21558 1.21558 
1.20674 1.20674 
1.22405 1.22405 
1.18216 1.18216 
1.19952 1.19952 
1.19311 1.19311 
1.20125 1.20125 
1.19816 1.19816 
1.17202 1.17202 
1.16434 1.16434 
1.14078 1.14078 
1.1298 1.1298 
1.11845 1.11845 
1.1031 1.1031 
1.05226 1.05226 
1.031 1.031 
1.02368 1.02368 
1.0074 1.0074 
0.969267 0.969267 
0.953318 0.953318 
0.944444 0.944444 
0.945133 0.945133 
0.938014 0.938014 


14.5088 0.657358 
14.4537 0.65486 
14.1264 0.640031 
13.8298 0.626594 
13.4758 0.610554 
13.4655 0.610088 
13.1259 0.594702 
13.2794 0.601658 
13.3439 0.604579 
12.9686 0.587576 
13.059 0.591668 
13.0155 0.589701 
13.0621 0.591811 
12.9065 0.584762 
12.7872 0.579357 
12.754 0.577851 
12.8913 0.584071 
12.9608 0.587219 
12.8634 0.582809 
12.9229 0.585503 
12.9859 0.588356 
13.2519 0.60041 
13.4079 0.607477 
13.4418 0.609016 
13.8635 0.62812 
13.8839 0.629042 
14.0943 0.638577 
14.2332 0.644869 
14.4022 0.652525 
14.8461 0.67264 
15.3989 0.697685 
15.7754 0.714744 
16.3839 0.742314 
17.2069 0.779599 
17.6616 0.800201 
17.9264 0.8122 
18.5293 0.839514 
19.0098 0.861285 
19.046 0.862926 
18.9822 0.860037 
19.4579 0.881589 
19.3681 0.87752 
19.3809 0.878097 
19.4087 0.879357 
18.9795 0.859911 
18.9494 0.858548 
18.9941 0.860572 
18.3855 0.832998 
18.3265 0.830329 
18.3018 0.829208 
18.8374 0.853475 
18.7319 0.848695 
18.7709 0.85046 
18.8171 0.852554 
18.5258 0.839357 
18.7793 0.850842 
18.7395 0.849039 
18.735 0.848836 
18.6021 0.842815 
18.209 0.825003 
18.2212 0.825558 
18.4482 0.835842 
18.6323 0.84418 
18.1967 0.824445 
18.4066 0.833957 
18.9193 0.857184 
18.7226 0.848275 
18.6906 0.846825 
19.2555 0.872417 
19.0741 0.8642 
18.6908 0.846832 
18.5932 0.842411 
18.7047 0.847463 
18.7806 0.850903 
18.6442 0.844719 
18.9116 0.856834 
18.2644 0.827512 
18.5325 0.839661 
18.4335 0.835177 
18.5593 0.840872 
18.5115 0.83871 
18.1077 0.820415 
17.9891 0.815041 
17.625 0.798543 
17.4554 0.790858 
17.28 0.782913 
17.0428 0.772167 
16.2575 0.736585 
15.9289 0.721697 
15.8158 0.716575 
15.5644 0.705183 
14.9752 0.678487 
14.7288 0.667322 
14.5917 0.661111 
14.6023 0.661593 
14.4923 0.65661 


8.64895 1.47436 
8.61609 1.46876 
8.42098 1.4355 
8.24419 1.40536 
8.03315 1.36939 
8.02702 1.36834 
7.82457 1.33383 
7.9161 1.34943 
7.95453 1.35598 
7.73082 1.31785 
7.78466 1.32703 
7.75878 1.32262 
7.78654 1.32735 
7.69379 1.31154 
7.62268 1.29941 
7.60287 1.29604 
7.68471 1.30999 
7.72612 1.31705 
7.66811 1.30716 
7.70354 1.3132 
7.74109 1.3196 
7.89968 1.34663 
7.99267 1.36249 
8.01291 1.36594 
8.26426 1.40878 
8.27639 1.41085 
8.40185 1.43224 
8.48463 1.44635 
8.58537 1.46352 
8.85002 1.50863 
9.17954 1.56481 
9.40399 1.60307 
9.76673 1.6649 
10.2573 1.74853 
10.5284 1.79474 
10.6862 1.82165 
11.0456 1.88291 
11.3321 1.93174 
11.3536 1.93542 
11.3156 1.92894 
11.5992 1.97728 
11.5457 1.96815 
11.5533 1.96945 
11.5698 1.97227 
11.314 1.92866 
11.296 1.9256 
11.3227 1.93014 
10.9599 1.8683 
10.9248 1.86231 
10.91 1.85979 
11.2293 1.91422 
11.1664 1.9035 
11.1896 1.90746 
11.2172 1.91216 
11.0435 1.88256 
11.1947 1.90832 
11.1709 1.90427 
11.1683 1.90382 
11.089 1.89031 
10.8547 1.85036 
10.862 1.85161 
10.9973 1.87467 
11.107 1.89337 
10.8473 1.84911 
10.9725 1.87045 
11.2781 1.92254 
11.1609 1.90256 
11.1418 1.89931 
11.4785 1.95671 
11.3704 1.93828 
11.1419 1.89932 
11.0837 1.88941 
11.1502 1.90074 
11.1954 1.90845 
11.1141 1.89458 
11.2735 1.92176 
10.8877 1.85599 
11.0475 1.88324 
10.9885 1.87318 
11.0635 1.88596 
11.035 1.88111 
10.7943 1.84007 
10.7236 1.82802 
10.5065 1.79102 
10.4054 1.77378 
10.3009 1.75596 
10.1595 1.73186 
9.69135 1.65205 
9.49546 1.61866 
9.42808 1.60718 
9.27819 1.58162 
8.92695 1.52175 
8.78005 1.49671 
8.69833 1.48278 
8.70467 1.48386 
8.63911 1.47268 


8.64895 1.47436 
8.61609 1.46876 
8.42098 1.4355 
8.24419 1.40536 
8.03315 1.36939 
8.02702 1.36834 
7.82457 1.33383 
7.9161 1.34943 
7.95453 1.35598 
7.73082 1.31785 
7.78466 1.32703 
7.75878 1.32262 
7.78654 1.32735 
7.69379 1.31154 
7.62268 1.29941 
7.60287 1.29604 
7.68471 1.30999 
7.72612 1.31705 
7.66811 1.30716 
7.70354 1.3132 
7.74109 1.3196 
7.89968 1.34663 
7.99267 1.36249 
8.01291 1.36594 
8.26426 1.40878 
8.27639 1.41085 
8.40185 1.43224 
8.48463 1.44635 
8.58537 1.46352 
8.85002 1.50863 
9.17954 1.56481 
9.40399 1.60307 
9.76673 1.6649 
10.2573 1.74853 
10.5284 1.79474 
10.6862 1.82165 
11.0456 1.88291 
11.3321 1.93174 
11.3536 1.93542 
11.3156 1.92894 
11.5992 1.97728 
11.5457 1.96815 
11.5533 1.96945 
11.5698 1.97227 
11.314 1.92866 
11.296 1.9256 
11.3227 1.93014 
10.9599 1.8683 
10.9248 1.86231 
10.91 1.85979 
11.2293 1.91422 
11.1664 1.9035 
11.1896 1.90746 
11.2172 1.91216 
11.0435 1.88256 
11.1947 1.90832 
11.1709 1.90427 
11.1683 1.90382 
11.089 1.89031 
10.8547 1.85036 
10.862 1.85161 
10.9973 1.87467 
11.107 1.89337 
10.8473 1.84911 
10.9725 1.87045 
11.2781 1.92254 
11.1609 1.90256 
11.1418 1.89931 
11.4785 1.95671 
11.3704 1.93828 
11.1419 1.89932 
11.0837 1.88941 
11.1502 1.90074 
11.1954 1.90845 
11.1141 1.89458 
11.2735 1.92176 
10.8877 1.85599 
11.0475 1.88324 
10.9885 1.87318 
11.0635 1.88596 
11.035 1.88111 
10.7943 1.84007 
10.7236 1.82802 
10.5065 1.79102 
10.4054 1.77378 
10.3009 1.75596 
10.1595 1.73186 
9.69135 1.65205 
9.49546 1.61866 
9.42808 1.60718 
9.27819 1.58162 
8.92695 1.52175 
8.78005 1.49671 
8.69833 1.48278 
8.70467 1.48386 
8.63911 1.47268 


14.7154 2.07537 
14.6595 2.06749 
14.3276 2.02067 
14.0268 1.97825 
13.6677 1.92761 
13.6573 1.92614 
13.3128 1.87756 
13.4685 1.89952 
13.5339 1.90874 
13.1533 1.85506 
13.2449 1.86798 
13.2009 1.86177 
13.2481 1.86843 
13.0903 1.84618 
12.9693 1.82911 
12.9356 1.82436 
13.0749 1.844 
13.1453 1.85393 
13.0466 1.84001 
13.1069 1.84852 
13.1708 1.85752 
13.4406 1.89558 
13.5988 1.91789 
13.6333 1.92275 
14.0609 1.98306 
14.0816 1.98598 
14.295 2.01608 
14.4359 2.03594 
14.6072 2.06012 
15.0575 2.12362 
15.6182 2.20269 
16 2.25655 
16.6172 2.34359 
17.4519 2.4613 
17.9131 2.52635 
18.1817 2.56423 
18.7931 2.65047 
19.2805 2.7192 
19.3172 2.72438 
19.2525 2.71526 
19.735 2.7833 
19.6439 2.77046 
19.6568 2.77228 
19.685 2.77626 
19.2497 2.71486 
19.2192 2.71056 
19.2645 2.71695 
18.6473 2.62989 
18.5875 2.62147 
18.5624 2.61793 
19.1056 2.69454 
18.9986 2.67945 
19.0381 2.68502 
19.085 2.69164 
18.7896 2.64997 
19.0467 2.68623 
19.0063 2.68054 
19.0018 2.6799 
18.867 2.66089 
18.4683 2.60465 
18.4807 2.6064 
18.7109 2.63887 
18.8976 2.6652 
18.4558 2.60289 
18.6687 2.63292 
19.1887 2.70625 
18.9892 2.67812 
18.9568 2.67355 
19.5297 2.75435 
19.3457 2.7284 
18.9569 2.67357 
18.858 2.65961 
18.9711 2.67556 
19.0481 2.68642 
18.9096 2.6669 
19.1808 2.70515 
18.5244 2.61257 
18.7964 2.65093 
18.696 2.63677 
18.8235 2.65475 
18.7751 2.64793 
18.3656 2.59017 
18.2453 2.5732 
17.876 2.52112 
17.7039 2.49685 
17.5261 2.47177 
17.2855 2.43784 
16.489 2.3255 
16.1557 2.2785 
16.041 2.26233 
15.786 2.22636 
15.1884 2.14208 
14.9385 2.10683 
14.7994 2.08722 
14.8102 2.08874 
14.6987 2.07301 


0.939083 0.939083 
0.935515 0.935515 
0.91433 0.91433 
0.895135 0.895135 
0.87222 0.87222 
0.871555 0.871555 
0.849574 0.849574 
0.859511 0.859511 
0.863684 0.863684 
0.839394 0.839394 
0.84524 0.84524 
0.84243 0.84243 
0.845444 0.845444 
0.835374 0.835374 
0.827653 0.827653 
0.825501 0.825501 
0.834387 0.834387 
0.838884 0.838884 
0.832585 0.832585 
0.836433 0.836433 
0.840509 0.840509 
0.857729 0.857729 
0.867825 0.867825 
0.870023 0.870023 
0.897314 0.897314 
0.898631 0.898631 
0.912253 0.912253 
0.921241 0.921241 
0.932179 0.932179 
0.960914 0.960914 
0.996692 0.996692 
1.02106 1.02106 
1.06045 1.06045 
1.11371 1.11371 
1.14314 1.14314 
1.16029 1.16029 
1.19931 1.19931 
1.23041 1.23041 
1.23275 1.23275 
1.22862 1.22862 
1.25941 1.25941 
1.2536 1.2536 
1.25442 1.25442 
1.25622 1.25622 
1.22844 1.22844 
1.2265 1.2265 
1.22939 1.22939 
1.19 1.19 
1.18618 1.18618 
1.18458 1.18458 
1.21925 1.21925 
1.21242 1.21242 
1.21494 1.21494 
1.21794 1.21794 
1.19908 1.19908 
1.21549 1.21549 
1.21291 1.21291 
1.21262 1.21262 
1.20402 1.20402 
1.17858 1.17858 
1.17937 1.17937 
1.19406 1.19406 
1.20597 1.20597 
1.17778 1.17778 
1.19137 1.19137 
1.22455 1.22455 
1.21182 1.21182 
1.20975 1.20975 
1.24631 1.24631 
1.23457 1.23457 
1.20976 1.20976 
1.20344 1.20344 
1.21066 1.21066 
1.21558 1.21558 
1.20674 1.20674 
1.22405 1.22405 
1.18216 1.18216 
1.19952 1.19952 
1.19311 1.19311 
1.20125 1.20125 
1.19816 1.19816 
1.17202 1.17202 
1.16434 1.16434 
1.14078 1.14078 
1.1298 1.1298 
1.11845 1.11845 
1.1031 1.1031 
1.05226 1.05226 
1.031 1.031 
1.02368 1.02368 
1.0074 1.0074 
0.969267 0.969267 
0.953318 0.953318 
0.944444 0.944444 
0.945133 0.945133 
0.938014 0.938014 


8.51748 1.74669 
8.48512 1.74006 
8.29297 1.70065 
8.11887 1.66495 
7.91104 1.62233 
7.905 1.62109 
7.70563 1.58021 
7.79577 1.59869 
7.83361 1.60645 
7.6133 1.56127 
7.66633 1.57215 
7.64084 1.56692 
7.66817 1.57253 
7.57684 1.5538 
7.50681 1.53943 
7.4873 1.53543 
7.56789 1.55196 
7.60868 1.56032 
7.55155 1.54861 
7.58644 1.55576 
7.62341 1.56335 
7.7796 1.59538 
7.87117 1.61415 
7.8911 1.61824 
8.13864 1.669 
8.15059 1.67145 
8.27413 1.69679 
8.35566 1.71351 
8.45486 1.73385 
8.71549 1.7873 
9.04 1.85385 
9.26104 1.89918 
9.61827 1.97243 
10.1014 2.07151 
10.3683 2.12625 
10.5238 2.15813 
10.8777 2.23071 
11.1598 2.28856 
11.1811 2.29292 
11.1436 2.28524 
11.4229 2.34251 
11.3702 2.3317 
11.3776 2.33323 
11.394 2.33658 
11.142 2.28491 
11.1243 2.28129 
11.1506 2.28666 
10.7933 2.2134 
10.7587 2.2063 
10.7442 2.20332 
11.0586 2.26781 
10.9967 2.2551 
11.0195 2.25979 
11.0467 2.26536 
10.8757 2.23029 
11.0245 2.26081 
11.0011 2.25602 
10.9985 2.25548 
10.9205 2.23948 
10.6897 2.19215 
10.6969 2.19363 
10.8301 2.22095 
10.9382 2.24311 
10.6825 2.19067 
10.8057 2.21594 
11.1067 2.27766 
10.9912 2.25399 
10.9724 2.25014 
11.304 2.31814 
11.1976 2.2963 
10.9725 2.25015 
10.9152 2.23841 
10.9807 2.25183 
11.0253 2.26097 
10.9451 2.24454 
11.1021 2.27673 
10.7222 2.19882 
10.8796 2.2311 
10.8215 2.21918 
10.8953 2.23432 
10.8673 2.22857 
10.6302 2.17996 
10.5606 2.16568 
10.3468 2.12184 
10.2473 2.10142 
10.1443 2.08031 
10.0051 2.05176 
9.54403 1.95721 
9.35112 1.91765 
9.28477 1.90404 
9.13715 1.87377 
8.79126 1.80284 
8.64659 1.77317 
8.5661 1.75667 
8.57235 1.75795 
8.50778 1.74471 


0.939083 0.939083 
0.935515 0.935515 
0.91433 0.91433 
0.895135 0.895135 
0.87222 0.87222 
0.871555 0.871555 
0.849574 0.849574 
0.859511 0.859511 
0.863684 0.863684 
0.839394 0.839394 
0.84524 0.84524 
0.84243 0.84243 
0.845444 0.845444 
0.835374 0.835374 
0.827653 0.827653 
0.825501 0.825501 
0.834387 0.834387 
0.838884 0.838884 
0.832585 0.832585 
0.836433 0.836433 
0.840509 0.840509 
0.857729 0.857729 
0.867825 0.867825 
0.870023 0.870023 
0.897314 0.897314 
0.898631 0.898631 
0.912253 0.912253 
0.921241 0.921241 
0.932179 0.932179 
0.960914 0.960914 
0.996692 0.996692 
1.02106 1.02106 
1.06045 1.06045 
1.11371 1.11371 
1.14314 1.14314 
1.16029 1.16029 
1.19931 1.19931 
1.23041 1.23041 
1.23275 1.23275 
1.22862 1.22862 
1.25941 1.25941 
1.2536 1.2536 
1.25442 1.25442 
1.25622 1.25622 
1.22844 1.22844 
1.2265 1.2265 
1.22939 1.22939 
1.19 1.19 
1.18618 1.18618 
1.18458 1.18458 
1.21925 1.21925 
1.21242 1.21242 
1.21494 1.21494 
1.21794 1.21794 
1.19908 1.19908 
1.21549 1.21549 
1.21291 1.21291 
1.21262 1.21262 
1.20402 1.20402 
1.17858 1.17858 
1.17937 1.17937 
1.19406 1.19406 
1.20597 1.20597 
1.17778 1.17778 
1.19137 1.19137 
1.22455 1.22455 
1.21182 1.21182 
1.20975 1.20975 
1.24631 1.24631 
1.23457 1.23457 
1.20976 1.20976 
1.20344 1.20344 
1.21066 1.21066 
1.21558 1.21558 
1.20674 1.20674 
1.22405 1.22405 
1.18216 1.18216 
1.19952 1.19952 
1.19311 1.19311 
1.20125 1.20125 
1.19816 1.19816 
1.17202 1.17202 
1.16434 1.16434 
1.14078 1.14078 
1.1298 1.1298 
1.11845 1.11845 
1.1031 1.1031 
1.05226 1.05226 
1.031 1.031 
1.02368 1.02368 
1.0074 1.0074 
0.969267 0.969267 
0.953318 0.953318 
0.944444 0.944444 
0.945133 0.945133 
0.938014 0.938014 


14.5088 0.657358 
14.4537 0.65486 
14.1264 0.640031 
13.8298 0.626594 
13.4758 0.610554 
13.4655 0.610088 
13.1259 0.594702 
13.2794 0.601658 
13.3439 0.604579 
12.9686 0.587576 
13.059 0.591668 
13.0155 0.589701 
13.0621 0.591811 
12.9065 0.584762 
12.7872 0.579357 
12.754 0.577851 
12.8913 0.584071 
12.9608 0.587219 
12.8634 0.582809 
12.9229 0.585503 
12.9859 0.588356 
13.2519 0.60041 
13.4079 0.607477 
13.4418 0.609016 
13.8635 0.62812 
13.8839 0.629042 
14.0943 0.638577 
14.2332 0.644869 
14.4022 0.652525 
14.8461 0.67264 
15.3989 0.697685 
15.7754 0.714744 
16.3839 0.742314 
17.2069 0.779599 
17.6616 0.800201 
17.9264 0.8122 
18.5293 0.839514 
19.0098 0.861285 
19.046 0.862926 
18.9822 0.860037 
19.4579 0.881589 
19.3681 0.87752 
19.3809 0.878097 
19.4087 0.879357 
18.9795 0.859911 
18.9494 0.858548 
18.9941 0.860572 
18.3855 0.832998 
18.3265 0.830329 
18.3018 0.829208 
18.8374 0.853475 
18.7319 0.848695 
18.7709 0.85046 
18.8171 0.852554 
18.5258 0.839357 
18.7793 0.850842 
18.7395 0.849039 
18.735 0.848836 
18.6021 0.842815 
18.209 0.825003 
18.2212 0.825558 
18.4482 0.835842 
18.6323 0.84418 
18.1967 0.824445 
18.4066 0.833957 
18.9193 0.857184 
18.7226 0.848275 
18.6906 0.846825 
19.2555 0.872417 
19.0741 0.8642 
18.6908 0.846832 
18.5932 0.842411 
18.7047 0.847463 
18.7806 0.850903 
18.6442 0.844719 
18.9116 0.856834 
18.2644 0.827512 
18.5325 0.839661 
18.4335 0.835177 
18.5593 0.840872 
18.5115 0.83871 
18.1077 0.820415 
17.9891 0.815041 
17.625 0.798543 
17.4554 0.790858 
17.28 0.782913 
17.0428 0.772167 
16.2575 0.736585 
15.9289 0.721697 
15.8158 0.716575 
15.5644 0.705183 
14.9752 0.678487 
14.7288 0.667322 
14.5917 0.661111 
14.6023 0.661593 
14.4923 0.65661 


8.51748 1.74669 
8.48512 1.74006 
8.29297 1.70065 
8.11887 1.66495 
7.91104 1.62233 
7.905 1.62109 
7.70563 1.58021 
7.79577 1.59869 
7.83361 1.60645 
7.6133 1.56127 
7.66633 1.57215 
7.64084 1.56692 
7.66817 1.57253 
7.57684 1.5538 
7.50681 1.53943 
7.4873 1.53543 
7.56789 1.55196 
7.60868 1.56032 
7.55155 1.54861 
7.58644 1.55576 
7.62341 1.56335 
7.7796 1.59538 
7.87117 1.61415 
7.8911 1.61824 
8.13864 1.669 
8.15059 1.67145 
8.27413 1.69679 
8.35566 1.71351 
8.45486 1.73385 
8.71549 1.7873 
9.04 1.85385 
9.26104 1.89918 
9.61827 1.97243 
10.1014 2.07151 
10.3683 2.12625 
10.5238 2.15813 
10.8777 2.23071 
11.1598 2.28856 
11.1811 2.29292 
11.1436 2.28524 
11.4229 2.34251 
11.3702 2.3317 
11.3776 2.33323 
11.394 2.33658 
11.142 2.28491 
11.1243 2.28129 
11.1506 2.28666 
10.7933 2.2134 
10.7587 2.2063 
10.7442 2.20332 
11.0586 2.26781 
10.9967 2.2551 
11.0195 2.25979 
11.0467 2.26536 
10.8757 2.23029 
11.0245 2.26081 
11.0011 2.25602 
10.9985 2.25548 
10.9205 2.23948 
10.6897 2.19215 
10.6969 2.19363 
10.8301 2.22095 
10.9382 2.24311 
10.6825 2.19067 
10.8057 2.21594 
11.1067 2.27766 
10.9912 2.25399 
10.9724 2.25014 
11.304 2.31814 
11.1976 2.2963 
10.9725 2.25015 
10.9152 2.23841 
10.9807 2.25183 
11.0253 2.26097 
10.9451 2.24454 
11.1021 2.27673 
10.7222 2.19882 
10.8796 2.2311 
10.8215 2.21918 
10.8953 2.23432 
10.8673 2.22857 
10.6302 2.17996 
10.5606 2.16568 
10.3468 2.12184 
10.2473 2.10142 
10.1443 2.08031 
10.0051 2.05176 
9.54403 1.95721 
9.35112 1.91765 
9.28477 1.90404 
9.13715 1.87377 
8.79126 1.80284 
8.64659 1.77317 
8.5661 1.75667 
8.57235 1.75795 
8.50778 1.74471 


24.2941 5.98196 
24.2018 5.95923 
23.6537 5.82428 
23.1571 5.70201 
22.5643 5.55604 
22.5471 5.55181 
21.9785 5.41178 
22.2356 5.47509 
22.3435 5.50167 
21.7151 5.34694 
21.8664 5.38418 
21.7937 5.36628 
21.8716 5.38548 
21.6111 5.32133 
21.4114 5.27215 
21.3557 5.25844 
21.5856 5.31505 
21.7019 5.34369 
21.539 5.30357 
21.6385 5.32808 
21.744 5.35404 
22.1894 5.46373 
22.4506 5.52805 
22.5075 5.54204 
23.2135 5.71589 
23.2476 5.72428 
23.6 5.81105 
23.8325 5.86831 
24.1155 5.93798 
24.8588 6.12102 
25.7844 6.34893 
26.4149 6.50417 
27.4338 6.75506 
28.8117 7.09435 
29.5731 7.28183 
30.0166 7.39102 
31.0261 7.63958 
31.8306 7.8377 
31.8913 7.85263 
31.7845 7.82633 
32.581 8.02246 
32.4306 7.98543 
32.452 7.99069 
32.4985 8.00215 
31.7798 7.82519 
31.7295 7.81279 
31.8043 7.83121 
30.7852 7.58028 
30.6866 7.55599 
30.6451 7.54579 
31.542 7.76662 
31.3653 7.72312 
31.4306 7.73918 
31.508 7.75825 
31.0202 7.63815 
31.4447 7.74266 
31.378 7.72625 
31.3705 7.72441 
31.148 7.66962 
30.4898 7.50753 
30.5103 7.51258 
30.8903 7.60616 
31.1985 7.68204 
30.4691 7.50245 
30.8207 7.58901 
31.6791 7.80038 
31.3498 7.7193 
31.2962 7.70611 
32.242 7.93899 
31.9384 7.86422 
31.2965 7.70617 
31.1331 7.66594 
31.3198 7.71191 
31.4469 7.74321 
31.2184 7.68694 
31.6661 7.79719 
30.5825 7.53036 
31.0315 7.64091 
30.8658 7.60011 
31.0762 7.65194 
30.9963 7.63226 
30.3202 7.46578 
30.1216 7.41687 
29.5119 7.26674 
29.2279 7.19681 
28.9342 7.12451 
28.5371 7.02672 
27.2221 6.70292 
26.6718 6.56744 
26.4826 6.52083 
26.0615 6.41716 
25.075 6.17423 
24.6623 6.07263 
24.4328 6.01611 
24.4506 6.02049 
24.2664 5.97515 


