-159.982 -47.8442 
-158.389 -47.3677 
-155.216 -46.419 
-152.495 -45.605 
-146.113 -43.6966 
-146.427 -43.7905 
-144.533 -43.2239 
-146.603 -43.843 
-144.464 -43.2034 
-144.332 -43.1638 
-143.728 -42.9833 
-143.517 -42.9202 
-143.762 -42.9934 
-143.226 -42.8332 
-139.941 -41.8506 
-141.4 -42.287 
-139.55 -41.7338 
-140.318 -41.9635 
-141.084 -42.1927 
-142.423 -42.5931 
-143.539 -42.9268 
-145.407 -43.4853 
-146.576 -43.8349 
-148.735 -44.4806 
-151.811 -45.4005 
-153.247 -45.8299 
-153.206 -45.8176 
-158.453 -47.3871 
-160.836 -48.0995 
-165.762 -49.5729 
-167.209 -50.0056 
-177.062 -52.9522 
-180.365 -53.9401 
-187.891 -56.1908 
-193.272 -57.7999 
-197.03 -58.9239 
-204.232 -61.0776 
-208.912 -62.4771 
-207.471 -62.0463 
-207.476 -62.0478 
-214.348 -64.1028 
-212.509 -63.553 
-215.292 -64.3853 
-212.483 -63.5452 
-208.808 -62.446 
-207.594 -62.083 
-208.022 -62.2112 
-202.125 -60.4476 
-199.16 -59.5609 
-200.606 -59.9932 
-204.665 -61.2071 
-207.53 -62.0638 
-206.14 -61.6482 
-208.894 -62.4717 
-204.214 -61.0722 
-208.87 -62.4647 
-208.141 -62.2466 
-204.26 -61.0859 
-203.399 -60.8284 
-201.794 -60.3486 
-202.34 -60.5119 
-200.99 -60.108 
-205.994 -61.6045 
-202.652 -60.6052 
-203.567 -60.8788 
-207.177 -61.9585 
-205.216 -61.3719 
-206.355 -61.7126 
-211.876 -63.3636 
-207.501 -62.0552 
-206.929 -61.884 
-206.033 -61.6164 
-204.259 -61.0858 
-203.845 -60.9618 
-203.811 -60.9516 
-205.758 -61.5339 
-201.28 -60.1947 
-204.235 -61.0786 
-203.76 -60.9366 
-202.22 -60.4758 
-203.288 -60.7953 
-202.064 -60.4294 
-195.278 -58.3997 
-192.269 -57.5 
-191.835 -57.3701 
-190.882 -57.0852 
-188.462 -56.3614 
-181.817 -54.3741 
-176.642 -52.8264 
-175.953 -52.6205 
-169.072 -50.5627 
-165.614 -49.5284 
-162.203 -48.5084 
-160.315 -47.9438 
-162.143 -48.4905 
-157.92 -47.2275 


-124.545 -37.6925 
-123.305 -37.3172 
-120.835 -36.5697 
-118.716 -35.9285 
-113.748 -34.425 
-113.993 -34.499 
-112.518 -34.0526 
-114.13 -34.5403 
-112.465 -34.0365 
-112.362 -34.0053 
-111.892 -33.8631 
-111.727 -33.8134 
-111.918 -33.871 
-111.501 -33.7449 
-108.943 -32.9707 
-110.079 -33.3145 
-108.639 -32.8787 
-109.237 -33.0596 
-109.834 -33.2402 
-110.876 -33.5557 
-111.745 -33.8185 
-113.198 -34.2585 
-114.109 -34.534 
-115.789 -35.0426 
-118.184 -35.7674 
-119.302 -36.1057 
-119.27 -36.096 
-123.355 -37.3324 
-125.21 -37.8937 
-129.045 -39.0545 
-130.172 -39.3954 
-137.842 -41.7167 
-140.414 -42.495 
-146.273 -44.2682 
-150.462 -45.5359 
-153.387 -46.4214 
-158.994 -48.1181 
-162.637 -49.2207 
-161.515 -48.8812 
-161.519 -48.8825 
-166.869 -50.5014 
-165.438 -50.0683 
-167.604 -50.724 
-165.417 -50.0621 
-162.556 -49.1962 
-161.611 -48.9102 
-161.945 -49.0112 
-157.354 -47.6218 
-155.046 -46.9232 
-156.171 -47.2638 
-159.331 -48.2201 
-161.561 -48.8951 
-160.479 -48.5677 
-162.623 -49.2164 
-158.98 -48.1139 
-162.605 -49.2109 
-162.037 -49.039 
-159.015 -48.1247 
-158.345 -47.9218 
-157.096 -47.5438 
-157.521 -47.6724 
-156.47 -47.3542 
-160.365 -48.5332 
-157.764 -47.746 
-158.476 -47.9615 
-161.287 -48.8121 
-159.76 -48.35 
-160.647 -48.6183 
-164.944 -49.919 
-161.539 -48.8883 
-161.093 -48.7534 
-160.396 -48.5426 
-159.015 -48.1246 
-158.692 -48.0269 
-158.666 -48.0188 
-160.182 -48.4776 
-156.695 -47.4225 
-158.996 -48.1189 
-158.627 -48.007 
-157.427 -47.644 
-158.259 -47.8957 
-157.306 -47.6074 
-152.023 -46.0084 
-149.681 -45.2996 
-149.343 -45.1973 
-148.601 -44.9729 
-146.717 -44.4026 
-141.544 -42.837 
-137.515 -41.6177 
-136.979 -41.4555 
-131.622 -39.8342 
-128.929 -39.0194 
-126.274 -38.2159 
-124.805 -37.771 
-126.228 -38.2017 
-122.94 -37.2067 


0.958763 0.272589 
0.949215 0.269875 
0.930203 0.264469 
0.913892 0.259832 
0.875648 0.248959 
0.87753 0.249494 
0.866176 0.246266 
0.878582 0.249793 
0.865766 0.246149 
0.864973 0.245924 
0.861356 0.244895 
0.860091 0.244536 
0.861557 0.244952 
0.858348 0.24404 
0.838657 0.238442 
0.847401 0.240928 
0.836316 0.237776 
0.840919 0.239085 
0.845511 0.24039 
0.853536 0.242672 
0.860222 0.244573 
0.871414 0.247755 
0.87842 0.249747 
0.891359 0.253426 
0.909794 0.258667 
0.918399 0.261113 
0.918153 0.261043 
0.949603 0.269985 
0.963881 0.274045 
0.993406 0.282439 
1.00208 0.284904 
1.06112 0.301692 
1.08092 0.307321 
1.12602 0.320144 
1.15827 0.329312 
1.18079 0.335716 
1.22395 0.347986 
1.252 0.35596 
1.24336 0.353505 
1.24339 0.353514 
1.28458 0.365222 
1.27356 0.36209 
1.29024 0.366832 
1.2734 0.362045 
1.25137 0.355783 
1.2441 0.353715 
1.24667 0.354445 
1.21133 0.344397 
1.19356 0.339345 
1.20222 0.341808 
1.22655 0.348724 
1.24372 0.353605 
1.23539 0.351237 
1.25189 0.355929 
1.22384 0.347956 
1.25175 0.355889 
1.24738 0.354646 
1.22412 0.348034 
1.21896 0.346566 
1.20934 0.343833 
1.21262 0.344763 
1.20452 0.342462 
1.23451 0.350988 
1.21449 0.345295 
1.21997 0.346853 
1.2416 0.353005 
1.22985 0.349663 
1.23668 0.351604 
1.26976 0.36101 
1.24354 0.353556 
1.24011 0.352581 
1.23475 0.351056 
1.22412 0.348033 
1.22163 0.347327 
1.22143 0.347268 
1.2331 0.350586 
1.20626 0.342956 
1.22397 0.347992 
1.22113 0.347183 
1.21189 0.344557 
1.2183 0.346378 
1.21096 0.344293 
1.17029 0.332729 
1.15226 0.327603 
1.14966 0.326863 
1.14395 0.32524 
1.12944 0.321116 
1.08962 0.309794 
1.0586 0.300976 
1.05448 0.299803 
1.01324 0.288078 
0.992514 0.282185 
0.972074 0.276374 
0.96076 0.273157 
0.971714 0.276272 
0.946406 0.269076 


2.25591 1.12796 
2.23345 1.11672 
2.18871 1.09436 
2.15033 1.07517 
2.06035 1.03017 
2.06478 1.03239 
2.03806 1.01903 
2.06725 1.03363 
2.0371 1.01855 
2.03523 1.01761 
2.02672 1.01336 
2.02374 1.01187 
2.02719 1.0136 
2.01964 1.00982 
1.97331 0.986655 
1.99388 0.996942 
1.9678 0.983901 
1.97863 0.989316 
1.98944 0.994719 
2.00832 1.00416 
2.02405 1.01203 
2.05039 1.02519 
2.06687 1.03344 
2.09732 1.04866 
2.14069 1.07035 
2.16094 1.08047 
2.16036 1.08018 
2.23436 1.11718 
2.26795 1.13398 
2.33743 1.16871 
2.35783 1.17891 
2.49676 1.24838 
2.54334 1.27167 
2.64947 1.32473 
2.72534 1.36267 
2.77834 1.38917 
2.87989 1.43994 
2.94588 1.47294 
2.92556 1.46278 
2.92563 1.46282 
3.02253 1.51127 
2.99661 1.4983 
3.03585 1.51793 
2.99624 1.49812 
2.94441 1.47221 
2.9273 1.46365 
2.93334 1.46667 
2.85018 1.42509 
2.80837 1.40419 
2.82875 1.41438 
2.88599 1.443 
2.92639 1.46319 
2.90679 1.4534 
2.94562 1.47281 
2.87963 1.43982 
2.94529 1.47265 
2.935 1.4675 
2.88028 1.44014 
2.86813 1.43407 
2.84551 1.42276 
2.85321 1.42661 
2.83417 1.41708 
2.90473 1.45237 
2.85761 1.42881 
2.87051 1.43526 
2.92142 1.46071 
2.89376 1.44688 
2.90983 1.45491 
2.98767 1.49384 
2.92598 1.46299 
2.91791 1.45896 
2.90529 1.45265 
2.88027 1.44014 
2.87443 1.43721 
2.87395 1.43697 
2.9014 1.4507 
2.83826 1.41913 
2.87993 1.43997 
2.87324 1.43662 
2.85151 1.42575 
2.86658 1.43329 
2.84932 1.42466 
2.75362 1.37681 
2.7112 1.3556 
2.70507 1.35254 
2.69164 1.34582 
2.65751 1.32876 
2.56381 1.2819 
2.49083 1.24542 
2.48113 1.24056 
2.38409 1.19205 
2.33533 1.16766 
2.28723 1.14362 
2.26061 1.13031 
2.28639 1.14319 
2.22684 1.11342 


2.6507 0.451183 
2.6243 0.446689 
2.57174 0.437743 
2.52664 0.430067 
2.42091 0.41207 
2.42611 0.412955 
2.39472 0.407612 
2.42902 0.41345 
2.39359 0.407419 
2.3914 0.407046 
2.38139 0.405344 
2.3779 0.404749 
2.38195 0.405439 
2.37308 0.403928 
2.31864 0.394662 
2.34281 0.398777 
2.31217 0.39356 
2.32489 0.395726 
2.33759 0.397888 
2.35978 0.401664 
2.37826 0.40481 
2.4092 0.410077 
2.42857 0.413374 
2.46435 0.419463 
2.51531 0.428138 
2.5391 0.432188 
2.53842 0.432072 
2.62537 0.446872 
2.66485 0.453591 
2.74648 0.467485 
2.77045 0.471566 
2.9337 0.499352 
2.98843 0.508669 
3.11312 0.529894 
3.20228 0.545068 
3.26454 0.555667 
3.38387 0.575977 
3.46141 0.589175 
3.43753 0.585112 
3.43762 0.585127 
3.55147 0.604506 
3.52101 0.599321 
3.56712 0.60717 
3.52058 0.599247 
3.45968 0.588882 
3.43957 0.585459 
3.44667 0.586667 
3.34896 0.570036 
3.29984 0.561674 
3.32379 0.565751 
3.39104 0.577198 
3.43851 0.585278 
3.41548 0.581359 
3.46111 0.589124 
3.38357 0.575927 
3.46072 0.589058 
3.44863 0.587001 
3.38433 0.576056 
3.37006 0.573627 
3.34348 0.569103 
3.35253 0.570643 
3.33015 0.566834 
3.41306 0.580946 
3.3577 0.571523 
3.37285 0.574102 
3.43267 0.584284 
3.40017 0.578753 
3.41905 0.581965 
3.51052 0.597535 
3.43803 0.585197 
3.42855 0.583582 
3.41372 0.581058 
3.38432 0.576055 
3.37745 0.574886 
3.37689 0.574789 
3.40915 0.58028 
3.33495 0.567651 
3.38392 0.575987 
3.37605 0.574648 
3.35052 0.570302 
3.36823 0.573316 
3.34795 0.569864 
3.23551 0.550724 
3.18566 0.54224 
3.17846 0.541015 
3.16268 0.538328 
3.12258 0.531502 
3.01248 0.512762 
2.92673 0.498167 
2.91532 0.496225 
2.80131 0.476819 
2.74401 0.467065 
2.6875 0.457447 
2.65622 0.452122 
2.6865 0.457277 
2.61653 0.445367 


2.03972 0.140995 
2.01941 0.13959 
1.97896 0.136795 
1.94426 0.134396 
1.8629 0.128772 
1.8669 0.129049 
1.84275 0.127379 
1.86914 0.129203 
1.84187 0.127319 
1.84019 0.127202 
1.83249 0.12667 
1.8298 0.126484 
1.83292 0.1267 
1.82609 0.126228 
1.7842 0.123332 
1.8028 0.124618 
1.77922 0.122988 
1.78901 0.123665 
1.79878 0.12434 
1.81586 0.12552 
1.83008 0.126503 
1.85389 0.128149 
1.8688 0.129179 
1.89632 0.131082 
1.93554 0.133793 
1.95385 0.135059 
1.95333 0.135022 
2.02023 0.139648 
2.05061 0.141747 
2.11342 0.146089 
2.13187 0.147364 
2.25749 0.156048 
2.29961 0.158959 
2.39556 0.165592 
2.46416 0.170334 
2.51208 0.173646 
2.6039 0.179993 
2.66356 0.184117 
2.64519 0.182848 
2.64526 0.182852 
2.73287 0.188908 
2.70943 0.187288 
2.74491 0.189741 
2.7091 0.187265 
2.66224 0.184026 
2.64676 0.182956 
2.65223 0.183334 
2.57704 0.178136 
2.53924 0.175523 
2.55767 0.176797 
2.60942 0.180374 
2.64594 0.182899 
2.62823 0.181675 
2.66333 0.184101 
2.60367 0.179977 
2.66303 0.184081 
2.65373 0.183438 
2.60425 0.180017 
2.59327 0.179258 
2.57282 0.177845 
2.57978 0.178326 
2.56256 0.177136 
2.62636 0.181546 
2.58376 0.178601 
2.59542 0.179407 
2.64145 0.182589 
2.61644 0.18086 
2.63097 0.181864 
2.70135 0.18673 
2.64558 0.182874 
2.63828 0.182369 
2.62687 0.181581 
2.60425 0.180017 
2.59896 0.179652 
2.59853 0.179622 
2.62335 0.181338 
2.56626 0.177391 
2.60394 0.179996 
2.59789 0.179577 
2.57824 0.178219 
2.59186 0.179161 
2.57626 0.178083 
2.48973 0.172101 
2.45138 0.16945 
2.44584 0.169067 
2.43369 0.168228 
2.40283 0.166094 
2.31811 0.160238 
2.25213 0.155677 
2.24335 0.15507 
2.15562 0.149006 
2.11152 0.145958 
2.06804 0.142952 
2.04397 0.141288 
2.06727 0.142899 
2.01343 0.139177 


6.24136 0.357186 
6.1792 0.353629 
6.05544 0.346546 
5.94926 0.34047 
5.7003 0.326222 
5.71255 0.326923 
5.63864 0.322693 
5.7194 0.327315 
5.63597 0.32254 
5.6308 0.322245 
5.60726 0.320897 
5.59902 0.320426 
5.60857 0.320972 
5.58768 0.319777 
5.45949 0.312441 
5.51641 0.315698 
5.44425 0.311569 
5.47422 0.313283 
5.50411 0.314994 
5.55635 0.317984 
5.59988 0.320475 
5.67273 0.324644 
5.71834 0.327255 
5.80257 0.332075 
5.92258 0.338943 
5.9786 0.342149 
5.977 0.342057 
6.18173 0.353774 
6.27468 0.359093 
6.46688 0.370092 
6.52333 0.373323 
6.90771 0.395321 
7.03658 0.402696 
7.33019 0.419499 
7.54011 0.431512 
7.68673 0.439903 
7.96768 0.455982 
8.15026 0.466431 
8.09405 0.463214 
8.09425 0.463225 
8.36233 0.478567 
8.29061 0.474463 
8.39918 0.480676 
8.28958 0.474404 
8.1462 0.466198 
8.09885 0.463488 
8.11557 0.464445 
7.8855 0.451279 
7.76983 0.444659 
7.82622 0.447886 
7.98458 0.456949 
8.09634 0.463345 
8.04213 0.460242 
8.14955 0.46639 
7.96699 0.455942 
8.14864 0.466338 
8.12018 0.464709 
7.96877 0.456044 
7.93517 0.454121 
7.87259 0.45054 
7.89389 0.451759 
7.8412 0.448743 
8.03643 0.459916 
7.90607 0.452456 
7.94175 0.454498 
8.0826 0.462558 
8.00608 0.458179 
8.05052 0.460722 
8.2659 0.473048 
8.09522 0.463281 
8.07289 0.462003 
8.03797 0.460004 
7.96876 0.456043 
7.95259 0.455118 
7.95125 0.455041 
8.02721 0.459389 
7.85251 0.44939 
7.96782 0.45599 
7.94929 0.454929 
7.88917 0.451489 
7.93087 0.453875 
7.88312 0.451143 
7.61835 0.43599 
7.50098 0.429273 
7.48404 0.428303 
7.44688 0.426177 
7.35245 0.420773 
7.0932 0.405936 
6.89131 0.394382 
6.86445 0.392845 
6.59599 0.377482 
6.46107 0.36976 
6.32801 0.362145 
6.25436 0.35793 
6.32567 0.362011 
6.16092 0.352583 


1.27835 0.25191 
1.26562 0.249401 
1.24027 0.244406 
1.21852 0.240121 
1.16753 0.230072 
1.17004 0.230567 
1.1549 0.227584 
1.17144 0.230843 
1.15435 0.227476 
1.1533 0.227267 
1.14847 0.226317 
1.14679 0.225985 
1.14874 0.22637 
1.14446 0.225527 
1.11821 0.220353 
1.12987 0.22265 
1.11509 0.219738 
1.12122 0.220947 
1.12735 0.222154 
1.13805 0.224262 
1.14696 0.226019 
1.16189 0.22896 
1.17123 0.230801 
1.18848 0.2342 
1.21306 0.239044 
1.22453 0.241305 
1.2242 0.24124 
1.26614 0.249504 
1.28517 0.253255 
1.32454 0.261013 
1.3361 0.263291 
1.41483 0.278805 
1.44123 0.284007 
1.50137 0.295857 
1.54436 0.30433 
1.57439 0.310248 
1.63194 0.321587 
1.66933 0.328956 
1.65782 0.326688 
1.65786 0.326696 
1.71277 0.337516 
1.69808 0.334621 
1.72032 0.339003 
1.69787 0.33458 
1.6685 0.328792 
1.6588 0.326881 
1.66222 0.327556 
1.6151 0.31827 
1.59141 0.313602 
1.60296 0.315878 
1.63539 0.322269 
1.65829 0.32678 
1.64718 0.324592 
1.66919 0.328928 
1.63179 0.321559 
1.669 0.328891 
1.66317 0.327742 
1.63216 0.321631 
1.62528 0.320275 
1.61246 0.317749 
1.61682 0.318609 
1.60603 0.316482 
1.64601 0.324362 
1.61931 0.3191 
1.62662 0.32054 
1.65547 0.326225 
1.6398 0.323137 
1.6489 0.324931 
1.69301 0.333623 
1.65806 0.326735 
1.65348 0.325833 
1.64633 0.324424 
1.63215 0.32163 
1.62884 0.320978 
1.62857 0.320924 
1.64413 0.32399 
1.60834 0.316938 
1.63196 0.321593 
1.62817 0.320845 
1.61586 0.318419 
1.62439 0.320101 
1.61462 0.318174 
1.56039 0.307488 
1.53635 0.302751 
1.53287 0.302066 
1.52526 0.300567 
1.50592 0.296755 
1.45283 0.286292 
1.41147 0.278143 
1.40597 0.277059 
1.35099 0.266224 
1.32335 0.260778 
1.2961 0.255408 
1.28101 0.252435 
1.29562 0.255313 
1.26187 0.248663 


1.73893 0.357186 
1.72161 0.353629 
1.68713 0.346546 
1.65755 0.34047 
1.58819 0.326222 
1.5916 0.326923 
1.57101 0.322693 
1.59351 0.327315 
1.57026 0.32254 
1.56882 0.322245 
1.56226 0.320897 
1.55997 0.320426 
1.56263 0.320972 
1.55681 0.319777 
1.52109 0.312441 
1.53695 0.315698 
1.51685 0.311569 
1.5252 0.313283 
1.53353 0.314994 
1.54808 0.317984 
1.56021 0.320475 
1.58051 0.324644 
1.59321 0.327255 
1.61668 0.332075 
1.65012 0.338943 
1.66572 0.342149 
1.66528 0.342057 
1.72232 0.353774 
1.74822 0.359093 
1.80177 0.370092 
1.81749 0.373323 
1.92459 0.395321 
1.96049 0.402696 
2.0423 0.419499 
2.10078 0.431512 
2.14163 0.439903 
2.21991 0.455982 
2.27078 0.466431 
2.25512 0.463214 
2.25518 0.463225 
2.32987 0.478567 
2.30988 0.474463 
2.34013 0.480676 
2.3096 0.474404 
2.26965 0.466198 
2.25646 0.463488 
2.26111 0.464445 
2.19701 0.451279 
2.16479 0.444659 
2.1805 0.447886 
2.22462 0.456949 
2.25576 0.463345 
2.24065 0.460242 
2.27058 0.46639 
2.21972 0.455942 
2.27033 0.466338 
2.2624 0.464709 
2.22022 0.456044 
2.21085 0.454121 
2.19342 0.45054 
2.19935 0.451759 
2.18467 0.448743 
2.23906 0.459916 
2.20274 0.452456 
2.21269 0.454498 
2.25193 0.462558 
2.23061 0.458179 
2.24299 0.460722 
2.303 0.473048 
2.25545 0.463281 
2.24922 0.462003 
2.23949 0.460004 
2.22021 0.456043 
2.21571 0.455118 
2.21533 0.455041 
2.2365 0.459389 
2.18782 0.44939 
2.21995 0.45599 
2.21479 0.454929 
2.19804 0.451489 
2.20965 0.453875 
2.19635 0.451143 
2.12258 0.43599 
2.08988 0.429273 
2.08516 0.428303 
2.07481 0.426177 
2.0485 0.420773 
1.97627 0.405936 
1.92002 0.394382 
1.91253 0.392845 
1.83774 0.377482 
1.80015 0.36976 
1.76308 0.362145 
1.74255 0.35793 
1.76242 0.362011 
1.71652 0.352583 


5.57399 1.43814 
5.51847 1.42382 
5.40795 1.3953 
5.31312 1.37084 
5.09078 1.31347 
5.10172 1.3163 
5.03571 1.29926 
5.10784 1.31787 
5.03332 1.29865 
5.02871 1.29746 
5.00768 1.29203 
5.00033 1.29014 
5.00886 1.29234 
4.9902 1.28752 
4.87572 1.25799 
4.92656 1.2711 
4.86211 1.25447 
4.88887 1.26138 
4.91557 1.26827 
4.96222 1.2803 
5.0011 1.29033 
5.06616 1.30712 
5.10689 1.31763 
5.18212 1.33704 
5.28929 1.36469 
5.33932 1.3776 
5.33789 1.37723 
5.52073 1.42441 
5.60374 1.44582 
5.77539 1.49011 
5.8258 1.50312 
6.16908 1.59169 
6.28418 1.62138 
6.54639 1.68904 
6.73386 1.7374 
6.86481 1.77119 
7.11572 1.83593 
7.27877 1.878 
7.22857 1.86505 
7.22875 1.86509 
7.46817 1.92686 
7.40412 1.91034 
7.50108 1.93535 
7.4032 1.9101 
7.27515 1.87706 
7.23286 1.86615 
7.24779 1.87 
7.04232 1.81699 
6.93902 1.79034 
6.98938 1.80333 
7.1308 1.83982 
7.23062 1.86557 
7.1822 1.85308 
7.27814 1.87783 
7.1151 1.83577 
7.27733 1.87762 
7.25191 1.87107 
7.11669 1.83618 
7.08668 1.82844 
7.03079 1.81402 
7.04981 1.81892 
7.00276 1.80678 
7.17711 1.85177 
7.06069 1.82173 
7.09255 1.82995 
7.21834 1.86241 
7.15001 1.84477 
7.1897 1.85501 
7.38204 1.90464 
7.22962 1.86531 
7.20967 1.86017 
7.17849 1.85212 
7.11667 1.83617 
7.10223 1.83245 
7.10104 1.83214 
7.16888 1.84964 
7.01286 1.80939 
7.11584 1.83596 
7.09929 1.83169 
7.0456 1.81784 
7.08284 1.82744 
7.0402 1.81644 
6.80374 1.75543 
6.69892 1.72839 
6.68378 1.72448 
6.6506 1.71592 
6.56627 1.69416 
6.33474 1.63443 
6.15444 1.58791 
6.13045 1.58172 
5.8907 1.51986 
5.7702 1.48877 
5.65137 1.45811 
5.58559 1.44114 
5.64928 1.45757 
5.50214 1.41961 


2.4815 0.610976 
2.45679 0.604892 
2.40758 0.592776 
2.36537 0.582382 
2.26638 0.558011 
2.27125 0.55921 
2.24187 0.551975 
2.27398 0.559881 
2.24081 0.551714 
2.23875 0.551208 
2.22939 0.548903 
2.22612 0.548097 
2.22991 0.549031 
2.22161 0.546986 
2.17064 0.534438 
2.19327 0.54001 
2.16458 0.532946 
2.1765 0.53588 
2.18838 0.538806 
2.20915 0.54392 
2.22646 0.548181 
2.25542 0.555313 
2.27356 0.559778 
2.30705 0.568023 
2.35476 0.579771 
2.37703 0.585254 
2.3764 0.585098 
2.4578 0.605139 
2.49475 0.614238 
2.57117 0.633053 
2.59361 0.638579 
2.74644 0.676206 
2.79768 0.688822 
2.91441 0.717564 
2.99788 0.738113 
3.05617 0.752466 
3.16787 0.779969 
3.24046 0.797842 
3.21812 0.792339 
3.2182 0.792359 
3.32478 0.818602 
3.29627 0.811581 
3.33944 0.822209 
3.29586 0.81148 
3.23885 0.797444 
3.22002 0.792809 
3.22667 0.794445 
3.1352 0.771924 
3.08921 0.760601 
3.11163 0.766121 
3.17459 0.781623 
3.21903 0.792564 
3.19747 0.787256 
3.24018 0.797773 
3.1676 0.779901 
3.23982 0.797683 
3.22851 0.794897 
3.16831 0.780076 
3.15495 0.776787 
3.13007 0.77066 
3.13853 0.772745 
3.11759 0.767587 
3.19521 0.786698 
3.14338 0.773937 
3.15756 0.77743 
3.21356 0.791218 
3.18314 0.783728 
3.20081 0.788078 
3.28644 0.809161 
3.21858 0.792454 
3.2097 0.790268 
3.19582 0.786849 
3.1683 0.780074 
3.16187 0.778491 
3.16134 0.77836 
3.19154 0.785796 
3.12208 0.768694 
3.16793 0.779982 
3.16056 0.778169 
3.13666 0.772284 
3.15324 0.776365 
3.13425 0.771691 
3.02898 0.745773 
2.98232 0.734283 
2.97558 0.732624 
2.96081 0.728986 
2.92326 0.719743 
2.82019 0.694365 
2.73992 0.674601 
2.72924 0.671972 
2.6225 0.645692 
2.56886 0.632484 
2.51596 0.619459 
2.48667 0.612249 
2.51503 0.61923 
2.44952 0.603102 


4.53063 -0.0375986 
4.4855 -0.0372241 
4.39567 -0.0364785 
4.31859 -0.0358389 
4.13787 -0.0343391 
4.14676 -0.034413 
4.09311 -0.0339677 
4.15173 -0.0344542 
4.09117 -0.0339516 
4.08742 -0.0339205 
4.07033 -0.0337787 
4.06435 -0.033729 
4.07128 -0.0337866 
4.05611 -0.0336607 
3.96306 -0.0328885 
4.00438 -0.0332314 
3.952 -0.0327967 
3.97375 -0.0329772 
3.99545 -0.0331573 
4.03338 -0.033472 
4.06497 -0.0337342 
4.11786 -0.0341731 
4.15097 -0.0344479 
4.21211 -0.0349553 
4.29922 -0.0356782 
4.33989 -0.0360157 
4.33872 -0.036006 
4.48734 -0.0372393 
4.55481 -0.0377993 
4.69433 -0.0389571 
4.73531 -0.0392971 
5.01433 -0.0416127 
5.10788 -0.042389 
5.32101 -0.0441578 
5.47339 -0.0454224 
5.57982 -0.0463056 
5.78377 -0.0479981 
5.9163 -0.049098 
5.8755 -0.0487594 
5.87565 -0.0487606 
6.07025 -0.0503755 
6.01819 -0.0499435 
6.097 -0.0505975 
6.01744 -0.0499373 
5.91336 -0.0490735 
5.87898 -0.0487882 
5.89112 -0.048889 
5.72411 -0.047503 
5.64015 -0.0468062 
5.68108 -0.0471459 
5.79603 -0.0480999 
5.87716 -0.0487732 
5.83781 -0.0484466 
5.91579 -0.0490937 
5.78326 -0.0479939 
5.91513 -0.0490882 
5.89447 -0.0489168 
5.78456 -0.0480047 
5.76017 -0.0478022 
5.71474 -0.0474252 
5.7302 -0.0475536 
5.69196 -0.0472361 
5.83367 -0.0484122 
5.73904 -0.0476269 
5.76494 -0.0478418 
5.86719 -0.0486904 
5.81164 -0.0482294 
5.8439 -0.0484971 
6.00024 -0.0497946 
5.87635 -0.0487664 
5.86014 -0.0486318 
5.83479 -0.0484215 
5.78455 -0.0480046 
5.77281 -0.0479071 
5.77184 -0.0478991 
5.82698 -0.0483567 
5.70016 -0.0473043 
5.78387 -0.0479989 
5.77042 -0.0478873 
5.72678 -0.0475252 
5.75704 -0.0477763 
5.72239 -0.0474887 
5.53019 -0.0458937 
5.44499 -0.0451867 
5.43269 -0.0450845 
5.40571 -0.0448607 
5.33717 -0.0442919 
5.14898 -0.0427302 
5.00242 -0.0415139 
4.98293 -0.0413521 
4.78806 -0.0397349 
4.69011 -0.0389221 
4.59353 -0.0381206 
4.54006 -0.0376769 
4.59183 -0.0381065 
4.47223 -0.037114 


21.5252 2.02092 
21.3108 2.0008 
20.884 1.96072 
20.5178 1.92634 
19.6592 1.84573 
19.7014 1.8497 
19.4465 1.82576 
19.725 1.85191 
19.4373 1.8249 
19.4195 1.82323 
19.3383 1.8156 
19.3099 1.81294 
19.3428 1.81603 
19.2708 1.80926 
18.8287 1.76776 
19.025 1.78619 
18.7761 1.76282 
18.8794 1.77252 
18.9826 1.7822 
19.1627 1.79912 
19.3128 1.81321 
19.5641 1.8368 
19.7214 1.85157 
20.0119 1.87884 
20.4258 1.9177 
20.619 1.93584 
20.6134 1.93532 
21.3195 2.00162 
21.6401 2.03171 
22.3029 2.09394 
22.4976 2.11222 
23.8233 2.23668 
24.2677 2.27841 
25.2803 2.37348 
26.0043 2.44145 
26.51 2.48893 
27.4789 2.5799 
28.1086 2.63901 
27.9147 2.62082 
27.9154 2.62088 
28.84 2.70768 
28.5926 2.68446 
28.9671 2.71962 
28.5891 2.68413 
28.0946 2.6377 
27.9313 2.62237 
27.9889 2.62778 
27.1955 2.55329 
26.7965 2.51583 
26.991 2.53409 
27.5372 2.58537 
27.9226 2.62156 
27.7356 2.604 
28.1061 2.63879 
27.4765 2.57967 
28.103 2.63849 
28.0048 2.62928 
27.4827 2.58025 
27.3668 2.56937 
27.151 2.54911 
27.2244 2.556 
27.0427 2.53894 
27.716 2.60216 
27.2664 2.55995 
27.3895 2.5715 
27.8752 2.61711 
27.6113 2.59233 
27.7646 2.60672 
28.5074 2.67646 
27.9188 2.62119 
27.8417 2.61396 
27.7213 2.60266 
27.4826 2.58024 
27.4268 2.57501 
27.4222 2.57458 
27.6842 2.59917 
27.0817 2.5426 
27.4794 2.57994 
27.4155 2.57394 
27.2081 2.55448 
27.3519 2.56798 
27.1873 2.55252 
26.2741 2.46679 
25.8694 2.42878 
25.8109 2.42329 
25.6828 2.41126 
25.3571 2.38069 
24.463 2.29675 
23.7667 2.23137 
23.6741 2.22268 
22.7482 2.13575 
22.2829 2.09206 
21.824 2.04898 
21.57 2.02513 
21.8159 2.04822 
21.2477 1.99487 


27.8699 7.04973 
27.5924 6.97952 
27.0397 6.83973 
26.5656 6.71979 
25.4539 6.43859 
25.5086 6.45243 
25.1786 6.36894 
25.5392 6.46016 
25.1666 6.36593 
25.1436 6.36009 
25.0384 6.3335 
25.0017 6.3242 
25.0443 6.33498 
24.951 6.31138 
24.3786 6.16659 
24.6328 6.23089 
24.3106 6.14938 
24.4443 6.18323 
24.5778 6.21699 
24.8111 6.276 
25.0055 6.32516 
25.3308 6.40746 
25.5345 6.45897 
25.9106 6.55411 
26.4465 6.68966 
26.6966 6.75293 
26.6894 6.75113 
27.6037 6.98238 
28.0187 7.08736 
28.877 7.30446 
29.129 7.36822 
30.8454 7.80238 
31.4209 7.94795 
32.732 8.27959 
33.6693 8.51669 
34.324 8.6823 
35.5786 8.99964 
36.3939 9.20587 
36.1429 9.14238 
36.1438 9.1426 
37.3408 9.44541 
37.0206 9.3644 
37.5054 9.48703 
37.016 9.36323 
36.3757 9.20128 
36.1643 9.1478 
36.2389 9.16668 
35.2116 8.90681 
34.6951 8.77616 
34.9469 8.83986 
35.654 9.01872 
36.1531 9.14497 
35.911 9.08373 
36.3907 9.20507 
35.5755 8.99886 
36.3866 9.20404 
36.2595 9.17189 
35.5834 9.00087 
35.4334 8.96292 
35.154 8.89223 
35.2491 8.91629 
35.0138 8.85678 
35.8855 9.07729 
35.3034 8.93004 
35.4628 8.97035 
36.0917 9.12944 
35.75 9.04301 
35.9485 9.09321 
36.9102 9.33648 
36.1481 9.1437 
36.0484 9.11847 
35.8924 9.07903 
35.5834 9.00085 
35.5112 8.98259 
35.5052 8.98108 
35.8444 9.06688 
35.0643 8.86955 
35.5792 8.99979 
35.4965 8.97887 
35.228 8.91097 
35.4142 8.95806 
35.201 8.90413 
34.0187 8.60507 
33.4946 8.4725 
33.4189 8.45335 
33.253 8.41138 
32.8313 8.30472 
31.6737 8.0119 
30.7722 7.78386 
30.6522 7.75352 
29.4535 7.45029 
28.851 7.29789 
28.2569 7.1476 
27.928 7.06441 
28.2464 7.14496 
27.5107 6.95887 


0.939964 0.939964 
0.930603 0.930603 
0.911964 0.911964 
0.895972 0.895972 
0.858479 0.858479 
0.860324 0.860324 
0.849193 0.849193 
0.861355 0.861355 
0.84879 0.84879 
0.848012 0.848012 
0.844466 0.844466 
0.843226 0.843226 
0.844664 0.844664 
0.841518 0.841518 
0.822213 0.822213 
0.830785 0.830785 
0.819917 0.819917 
0.82443 0.82443 
0.828932 0.828932 
0.8368 0.8368 
0.843355 0.843355 
0.854328 0.854328 
0.861196 0.861196 
0.873881 0.873881 
0.891955 0.891955 
0.900391 0.900391 
0.90015 0.90015 
0.930984 0.930984 
0.944981 0.944981 
0.973927 0.973927 
0.982429 0.982429 
1.04032 1.04032 
1.05973 1.05973 
1.10395 1.10395 
1.13556 1.13556 
1.15764 1.15764 
1.19995 1.19995 
1.22745 1.22745 
1.21898 1.21898 
1.21901 1.21901 
1.25939 1.25939 
1.24859 1.24859 
1.26494 1.26494 
1.24843 1.24843 
1.22684 1.22684 
1.21971 1.21971 
1.22222 1.22222 
1.18758 1.18758 
1.17016 1.17016 
1.17865 1.17865 
1.2025 1.2025 
1.21933 1.21933 
1.21116 1.21116 
1.22734 1.22734 
1.19985 1.19985 
1.22721 1.22721 
1.22292 1.22292 
1.20012 1.20012 
1.19506 1.19506 
1.18563 1.18563 
1.18884 1.18884 
1.1809 1.1809 
1.21031 1.21031 
1.19067 1.19067 
1.19605 1.19605 
1.21726 1.21726 
1.20574 1.20574 
1.21243 1.21243 
1.24486 1.24486 
1.21916 1.21916 
1.2158 1.2158 
1.21054 1.21054 
1.20011 1.20011 
1.19768 1.19768 
1.19748 1.19748 
1.20892 1.20892 
1.18261 1.18261 
1.19997 1.19997 
1.19718 1.19718 
1.18813 1.18813 
1.19441 1.19441 
1.18722 1.18722 
1.14734 1.14734 
1.12967 1.12967 
1.12711 1.12711 
1.12152 1.12152 
1.1073 1.1073 
1.06825 1.06825 
1.03785 1.03785 
1.0338 1.0338 
0.993372 0.993372 
0.973052 0.973052 
0.953014 0.953014 
0.941921 0.941921 
0.952661 0.952661 
0.927849 0.927849 


8.65707 1.47574 
8.57085 1.46105 
8.39919 1.43178 
8.25191 1.40668 
7.90659 1.34781 
7.92358 1.35071 
7.82106 1.33323 
7.93308 1.35233 
7.81736 1.3326 
7.8102 1.33138 
7.77753 1.32581 
7.76611 1.32387 
7.77935 1.32612 
7.75038 1.32118 
7.57258 1.29087 
7.65153 1.30433 
7.55144 1.28727 
7.593 1.29436 
7.63447 1.30142 
7.70693 1.31378 
7.7673 1.32407 
7.86836 1.34129 
7.93162 1.35208 
8.04845 1.37199 
8.21491 1.40037 
8.2926 1.41361 
8.29038 1.41324 
8.57436 1.46164 
8.70328 1.48362 
8.96987 1.52907 
9.04817 1.54241 
9.58132 1.6333 
9.76008 1.66377 
10.1673 1.73319 
10.4585 1.78283 
10.6619 1.81749 
11.0516 1.88393 
11.3048 1.92709 
11.2268 1.9138 
11.2271 1.91385 
11.599 1.97724 
11.4995 1.96028 
11.6501 1.98595 
11.4981 1.96004 
11.2992 1.92613 
11.2335 1.91494 
11.2567 1.91889 
10.9376 1.86449 
10.7771 1.83714 
10.8553 1.85048 
11.075 1.88792 
11.23 1.91435 
11.1548 1.90153 
11.3038 1.92693 
11.0506 1.88376 
11.3026 1.92671 
11.2631 1.91998 
11.0531 1.88418 
11.0065 1.87624 
10.9197 1.86144 
10.9492 1.86648 
10.8761 1.85402 
11.1469 1.90018 
10.9661 1.86936 
11.0156 1.87779 
11.211 1.9111 
11.1048 1.893 
11.1665 1.90351 
11.4652 1.95444 
11.2285 1.91408 
11.1975 1.9088 
11.1491 1.90054 
11.053 1.88418 
11.0306 1.88036 
11.0288 1.88004 
11.1341 1.898 
10.8918 1.85669 
11.0517 1.88396 
11.0261 1.87958 
10.9427 1.86536 
11.0005 1.87522 
10.9343 1.86393 
10.567 1.80133 
10.4042 1.77358 
10.3807 1.76957 
10.3292 1.76078 
10.1982 1.73846 
9.83862 1.67716 
9.55858 1.62942 
9.52132 1.62307 
9.14896 1.55959 
8.96181 1.52769 
8.77726 1.49623 
8.67509 1.47882 
8.77401 1.49568 
8.54549 1.45672 


0.939964 0.939964 
0.930603 0.930603 
0.911964 0.911964 
0.895972 0.895972 
0.858479 0.858479 
0.860324 0.860324 
0.849193 0.849193 
0.861355 0.861355 
0.84879 0.84879 
0.848012 0.848012 
0.844466 0.844466 
0.843226 0.843226 
0.844664 0.844664 
0.841518 0.841518 
0.822213 0.822213 
0.830785 0.830785 
0.819917 0.819917 
0.82443 0.82443 
0.828932 0.828932 
0.8368 0.8368 
0.843355 0.843355 
0.854328 0.854328 
0.861196 0.861196 
0.873881 0.873881 
0.891955 0.891955 
0.900391 0.900391 
0.90015 0.90015 
0.930984 0.930984 
0.944981 0.944981 
0.973927 0.973927 
0.982429 0.982429 
1.04032 1.04032 
1.05973 1.05973 
1.10395 1.10395 
1.13556 1.13556 
1.15764 1.15764 
1.19995 1.19995 
1.22745 1.22745 
1.21898 1.21898 
1.21901 1.21901 
1.25939 1.25939 
1.24859 1.24859 
1.26494 1.26494 
1.24843 1.24843 
1.22684 1.22684 
1.21971 1.21971 
1.22222 1.22222 
1.18758 1.18758 
1.17016 1.17016 
1.17865 1.17865 
1.2025 1.2025 
1.21933 1.21933 
1.21116 1.21116 
1.22734 1.22734 
1.19985 1.19985 
1.22721 1.22721 
1.22292 1.22292 
1.20012 1.20012 
1.19506 1.19506 
1.18563 1.18563 
1.18884 1.18884 
1.1809 1.1809 
1.21031 1.21031 
1.19067 1.19067 
1.19605 1.19605 
1.21726 1.21726 
1.20574 1.20574 
1.21243 1.21243 
1.24486 1.24486 
1.21916 1.21916 
1.2158 1.2158 
1.21054 1.21054 
1.20011 1.20011 
1.19768 1.19768 
1.19748 1.19748 
1.20892 1.20892 
1.18261 1.18261 
1.19997 1.19997 
1.19718 1.19718 
1.18813 1.18813 
1.19441 1.19441 
1.18722 1.18722 
1.14734 1.14734 
1.12967 1.12967 
1.12711 1.12711 
1.12152 1.12152 
1.1073 1.1073 
1.06825 1.06825 
1.03785 1.03785 
1.0338 1.0338 
0.993372 0.993372 
0.973052 0.973052 
0.953014 0.953014 
0.941921 0.941921 
0.952661 0.952661 
0.927849 0.927849 


21.5252 2.02092 
21.3108 2.0008 
20.884 1.96072 
20.5178 1.92634 
19.6592 1.84573 
19.7014 1.8497 
19.4465 1.82576 
19.725 1.85191 
19.4373 1.8249 
19.4195 1.82323 
19.3383 1.8156 
19.3099 1.81294 
19.3428 1.81603 
19.2708 1.80926 
18.8287 1.76776 
19.025 1.78619 
18.7761 1.76282 
18.8794 1.77252 
18.9826 1.7822 
19.1627 1.79912 
19.3128 1.81321 
19.5641 1.8368 
19.7214 1.85157 
20.0119 1.87884 
20.4258 1.9177 
20.619 1.93584 
20.6134 1.93532 
21.3195 2.00162 
21.6401 2.03171 
22.3029 2.09394 
22.4976 2.11222 
23.8233 2.23668 
24.2677 2.27841 
25.2803 2.37348 
26.0043 2.44145 
26.51 2.48893 
27.4789 2.5799 
28.1086 2.63901 
27.9147 2.62082 
27.9154 2.62088 
28.84 2.70768 
28.5926 2.68446 
28.9671 2.71962 
28.5891 2.68413 
28.0946 2.6377 
27.9313 2.62237 
27.9889 2.62778 
27.1955 2.55329 
26.7965 2.51583 
26.991 2.53409 
27.5372 2.58537 
27.9226 2.62156 
27.7356 2.604 
28.1061 2.63879 
27.4765 2.57967 
28.103 2.63849 
28.0048 2.62928 
27.4827 2.58025 
27.3668 2.56937 
27.151 2.54911 
27.2244 2.556 
27.0427 2.53894 
27.716 2.60216 
27.2664 2.55995 
27.3895 2.5715 
27.8752 2.61711 
27.6113 2.59233 
27.7646 2.60672 
28.5074 2.67646 
27.9188 2.62119 
27.8417 2.61396 
27.7213 2.60266 
27.4826 2.58024 
27.4268 2.57501 
27.4222 2.57458 
27.6842 2.59917 
27.0817 2.5426 
27.4794 2.57994 
27.4155 2.57394 
27.2081 2.55448 
27.3519 2.56798 
27.1873 2.55252 
26.2741 2.46679 
25.8694 2.42878 
25.8109 2.42329 
25.6828 2.41126 
25.3571 2.38069 
24.463 2.29675 
23.7667 2.23137 
23.6741 2.22268 
22.7482 2.13575 
22.2829 2.09206 
21.824 2.04898 
21.57 2.02513 
21.8159 2.04822 
21.2477 1.99487 


10.1986 2.11492 
10.097 2.09386 
9.89481 2.05192 
9.7213 2.01594 
9.31449 1.93158 
9.33451 1.93573 
9.21374 1.91068 
9.3457 1.93805 
9.20937 1.90978 
9.20094 1.90803 
9.16246 1.90005 
9.149 1.89726 
9.1646 1.90049 
9.13046 1.89341 
8.92101 1.84998 
9.01402 1.86927 
8.8961 1.84481 
8.94507 1.85497 
8.99392 1.8651 
9.07928 1.8828 
9.1504 1.89755 
9.26945 1.92224 
9.34398 1.93769 
9.48161 1.96623 
9.67771 2.0069 
9.76925 2.02588 
9.76663 2.02534 
10.1012 2.09471 
10.253 2.12621 
10.5671 2.19134 
10.6594 2.21046 
11.2874 2.34071 
11.498 2.38438 
11.9778 2.48388 
12.3208 2.55501 
12.5604 2.60469 
13.0195 2.69989 
13.3178 2.76176 
13.226 2.74271 
13.2263 2.74278 
13.6644 2.83362 
13.5472 2.80932 
13.7246 2.84611 
13.5455 2.80897 
13.3112 2.76038 
13.2338 2.74434 
13.2611 2.75 
12.8852 2.67204 
12.6962 2.63285 
12.7883 2.65196 
13.0471 2.70562 
13.2297 2.74349 
13.1411 2.72512 
13.3167 2.76152 
13.0183 2.69966 
13.3152 2.76121 
13.2687 2.75157 
13.0213 2.70026 
12.9664 2.68888 
12.8641 2.66767 
12.8989 2.67489 
12.8128 2.65703 
13.1318 2.72319 
12.9188 2.67901 
12.9771 2.6911 
13.2073 2.73883 
13.0822 2.7129 
13.1548 2.72796 
13.5068 2.80094 
13.2279 2.74311 
13.1914 2.73554 
13.1343 2.72371 
13.0212 2.70026 
12.9948 2.69478 
12.9926 2.69432 
13.1168 2.72006 
12.8313 2.66086 
13.0197 2.69994 
12.9894 2.69366 
12.8912 2.67329 
12.9593 2.68742 
12.8813 2.67124 
12.4487 2.58152 
12.2569 2.54175 
12.2292 2.53601 
12.1685 2.52341 
12.0142 2.49142 
11.5906 2.40357 
11.2606 2.33516 
11.2168 2.32606 
10.7781 2.23509 
10.5576 2.18937 
10.3402 2.14428 
10.2198 2.11932 
10.3364 2.14349 
10.0672 2.08766 


10.1986 2.11492 
10.097 2.09386 
9.89481 2.05192 
9.7213 2.01594 
9.31449 1.93158 
9.33451 1.93573 
9.21374 1.91068 
9.3457 1.93805 
9.20937 1.90978 
9.20094 1.90803 
9.16246 1.90005 
9.149 1.89726 
9.1646 1.90049 
9.13046 1.89341 
8.92101 1.84998 
9.01402 1.86927 
8.8961 1.84481 
8.94507 1.85497 
8.99392 1.8651 
9.07928 1.8828 
9.1504 1.89755 
9.26945 1.92224 
9.34398 1.93769 
9.48161 1.96623 
9.67771 2.0069 
9.76925 2.02588 
9.76663 2.02534 
10.1012 2.09471 
10.253 2.12621 
10.5671 2.19134 
10.6594 2.21046 
11.2874 2.34071 
11.498 2.38438 
11.9778 2.48388 
12.3208 2.55501 
12.5604 2.60469 
13.0195 2.69989 
13.3178 2.76176 
13.226 2.74271 
13.2263 2.74278 
13.6644 2.83362 
13.5472 2.80932 
13.7246 2.84611 
13.5455 2.80897 
13.3112 2.76038 
13.2338 2.74434 
13.2611 2.75 
12.8852 2.67204 
12.6962 2.63285 
12.7883 2.65196 
13.0471 2.70562 
13.2297 2.74349 
13.1411 2.72512 
13.3167 2.76152 
13.0183 2.69966 
13.3152 2.76121 
13.2687 2.75157 
13.0213 2.70026 
12.9664 2.68888 
12.8641 2.66767 
12.8989 2.67489 
12.8128 2.65703 
13.1318 2.72319 
12.9188 2.67901 
12.9771 2.6911 
13.2073 2.73883 
13.0822 2.7129 
13.1548 2.72796 
13.5068 2.80094 
13.2279 2.74311 
13.1914 2.73554 
13.1343 2.72371 
13.0212 2.70026 
12.9948 2.69478 
12.9926 2.69432 
13.1168 2.72006 
12.8313 2.66086 
13.0197 2.69994 
12.9894 2.69366 
12.8912 2.67329 
12.9593 2.68742 
12.8813 2.67124 
12.4487 2.58152 
12.2569 2.54175 
12.2292 2.53601 
12.1685 2.52341 
12.0142 2.49142 
11.5906 2.40357 
11.2606 2.33516 
11.2168 2.32606 
10.7781 2.23509 
10.5576 2.18937 
10.3402 2.14428 
10.2198 2.11932 
10.3364 2.14349 
10.0672 2.08766 


22.5591 11.2796 
22.3345 11.1672 
21.8871 10.9436 
21.5033 10.7517 
20.6035 10.3017 
20.6478 10.3239 
20.3806 10.1903 
20.6725 10.3363 
20.371 10.1855 
20.3523 10.1762 
20.2672 10.1336 
20.2374 10.1187 
20.2719 10.136 
20.1964 10.0982 
19.7331 9.86655 
19.9388 9.96942 
19.678 9.83901 
19.7863 9.89316 
19.8944 9.94719 
20.0832 10.0416 
20.2405 10.1203 
20.5039 10.2519 
20.6687 10.3344 
20.9732 10.4866 
21.4069 10.7035 
21.6094 10.8047 
21.6036 10.8018 
22.3436 11.1718 
22.6795 11.3398 
23.3743 11.6871 
23.5783 11.7891 
24.9676 12.4838 
25.4334 12.7167 
26.4947 13.2473 
27.2534 13.6267 
27.7834 13.8917 
28.7989 14.3994 
29.4588 14.7294 
29.2556 14.6278 
29.2563 14.6282 
30.2253 15.1127 
29.9661 14.983 
30.3585 15.1793 
29.9624 14.9812 
29.4441 14.722 
29.273 14.6365 
29.3334 14.6667 
28.5018 14.2509 
28.0837 14.0419 
28.2875 14.1438 
28.8599 14.43 
29.2639 14.6319 
29.0679 14.534 
29.4562 14.7281 
28.7963 14.3982 
29.4529 14.7265 
29.3501 14.675 
28.8028 14.4014 
28.6813 14.3407 
28.4551 14.2276 
28.5321 14.2661 
28.3417 14.1708 
29.0473 14.5237 
28.5761 14.2881 
28.7051 14.3526 
29.2142 14.6071 
28.9376 14.4688 
29.0983 14.5491 
29.8767 14.9384 
29.2598 14.6299 
29.1791 14.5896 
29.0529 14.5265 
28.8027 14.4014 
28.7443 14.3721 
28.7395 14.3697 
29.014 14.507 
28.3826 14.1913 
28.7993 14.3997 
28.7324 14.3662 
28.5151 14.2575 
28.6658 14.3329 
28.4932 14.2466 
27.5362 13.7681 
27.112 13.556 
27.0507 13.5254 
26.9164 13.4582 
26.5751 13.2876 
25.6381 12.819 
24.9083 12.4542 
24.8113 12.4056 
23.8409 11.9205 
23.3533 11.6766 
22.8723 11.4362 
22.6061 11.3031 
22.8639 11.4319 
22.2684 11.1342 


27.8699 7.04973 
27.5924 6.97952 
27.0397 6.83973 
26.5656 6.71979 
25.4539 6.43859 
25.5086 6.45243 
25.1786 6.36894 
25.5392 6.46016 
25.1666 6.36593 
25.1436 6.36009 
25.0384 6.3335 
25.0017 6.3242 
25.0443 6.33498 
24.951 6.31138 
24.3786 6.16659 
24.6328 6.23089 
24.3106 6.14938 
24.4443 6.18323 
24.5778 6.21699 
24.8111 6.276 
25.0055 6.32516 
25.3308 6.40746 
25.5345 6.45897 
25.9106 6.55411 
26.4465 6.68966 
26.6966 6.75293 
26.6894 6.75113 
27.6037 6.98238 
28.0187 7.08736 
28.877 7.30446 
29.129 7.36822 
30.8454 7.80238 
31.4209 7.94795 
32.732 8.27959 
33.6693 8.51669 
34.324 8.6823 
35.5786 8.99964 
36.3939 9.20587 
36.1429 9.14238 
36.1438 9.1426 
37.3408 9.44541 
37.0206 9.3644 
37.5054 9.48703 
37.016 9.36323 
36.3757 9.20128 
36.1643 9.1478 
36.2389 9.16668 
35.2116 8.90681 
34.6951 8.77616 
34.9469 8.83986 
35.654 9.01872 
36.1531 9.14497 
35.911 9.08373 
36.3907 9.20507 
35.5755 8.99886 
36.3866 9.20404 
36.2595 9.17189 
35.5834 9.00087 
35.4334 8.96292 
35.154 8.89223 
35.2491 8.91629 
35.0138 8.85678 
35.8855 9.07729 
35.3034 8.93004 
35.4628 8.97035 
36.0917 9.12944 
35.75 9.04301 
35.9485 9.09321 
36.9102 9.33648 
36.1481 9.1437 
36.0484 9.11847 
35.8924 9.07903 
35.5834 9.00085 
35.5112 8.98259 
35.5052 8.98108 
35.8444 9.06688 
35.0643 8.86955 
35.5792 8.99979 
35.4965 8.97887 
35.228 8.91097 
35.4142 8.95806 
35.201 8.90413 
34.0187 8.60507 
33.4946 8.4725 
33.4189 8.45335 
33.253 8.41138 
32.8313 8.30472 
31.6737 8.0119 
30.7722 7.78386 
30.6522 7.75352 
29.4535 7.45029 
28.851 7.29789 
28.2569 7.1476 
27.928 7.06441 
28.2464 7.14496 
27.5107 6.95887 


0.939964 0.939964 
0.930603 0.930603 
0.911964 0.911964 
0.895972 0.895972 
0.858479 0.858479 
0.860324 0.860324 
0.849193 0.849193 
0.861355 0.861355 
0.84879 0.84879 
0.848012 0.848012 
0.844466 0.844466 
0.843226 0.843226 
0.844664 0.844664 
0.841518 0.841518 
0.822213 0.822213 
0.830785 0.830785 
0.819917 0.819917 
0.82443 0.82443 
0.828932 0.828932 
0.8368 0.8368 
0.843355 0.843355 
0.854328 0.854328 
0.861196 0.861196 
0.873881 0.873881 
0.891955 0.891955 
0.900391 0.900391 
0.90015 0.90015 
0.930984 0.930984 
0.944981 0.944981 
0.973927 0.973927 
0.982429 0.982429 
1.04032 1.04032 
1.05973 1.05973 
1.10395 1.10395 
1.13556 1.13556 
1.15764 1.15764 
1.19995 1.19995 
1.22745 1.22745 
1.21898 1.21898 
1.21901 1.21901 
1.25939 1.25939 
1.24859 1.24859 
1.26494 1.26494 
1.24843 1.24843 
1.22684 1.22684 
1.21971 1.21971 
1.22222 1.22222 
1.18758 1.18758 
1.17016 1.17016 
1.17865 1.17865 
1.2025 1.2025 
1.21933 1.21933 
1.21116 1.21116 
1.22734 1.22734 
1.19985 1.19985 
1.22721 1.22721 
1.22292 1.22292 
1.20012 1.20012 
1.19506 1.19506 
1.18563 1.18563 
1.18884 1.18884 
1.1809 1.1809 
1.21031 1.21031 
1.19067 1.19067 
1.19605 1.19605 
1.21726 1.21726 
1.20574 1.20574 
1.21243 1.21243 
1.24486 1.24486 
1.21916 1.21916 
1.2158 1.2158 
1.21054 1.21054 
1.20011 1.20011 
1.19768 1.19768 
1.19748 1.19748 
1.20892 1.20892 
1.18261 1.18261 
1.19997 1.19997 
1.19718 1.19718 
1.18813 1.18813 
1.19441 1.19441 
1.18722 1.18722 
1.14734 1.14734 
1.12967 1.12967 
1.12711 1.12711 
1.12152 1.12152 
1.1073 1.1073 
1.06825 1.06825 
1.03785 1.03785 
1.0338 1.0338 
0.993372 0.993372 
0.973052 0.973052 
0.953014 0.953014 
0.941921 0.941921 
0.952661 0.952661 
0.927849 0.927849 


14.7292 2.07732 
14.5825 2.05663 
14.2905 2.01544 
14.0399 1.9801 
13.4524 1.89724 
13.4813 1.90132 
13.3068 1.87672 
13.4974 1.90359 
13.3005 1.87583 
13.2884 1.87411 
13.2328 1.86627 
13.2134 1.86353 
13.2359 1.86671 
13.1866 1.85975 
12.8841 1.81709 
13.0184 1.83603 
12.8481 1.81202 
12.9188 1.82199 
12.9894 1.83194 
13.1127 1.84933 
13.2154 1.86381 
13.3873 1.88806 
13.4949 1.90324 
13.6937 1.93128 
13.9769 1.97122 
14.1091 1.98986 
14.1054 1.98933 
14.5885 2.05747 
14.8079 2.08841 
15.2614 2.15238 
15.3947 2.17117 
16.3018 2.2991 
16.6059 2.342 
17.2988 2.43972 
17.7942 2.50958 
18.1402 2.55838 
18.8033 2.6519 
19.2341 2.71266 
19.1015 2.69395 
19.1019 2.69402 
19.7346 2.78325 
19.5653 2.75938 
19.8216 2.79551 
19.5629 2.75903 
19.2245 2.71131 
19.1128 2.69555 
19.1522 2.70111 
18.6093 2.62454 
18.3363 2.58604 
18.4694 2.60481 
18.8431 2.65752 
19.1069 2.69472 
18.9789 2.67667 
19.2325 2.71243 
18.8016 2.65166 
19.2303 2.71212 
19.1631 2.70265 
18.8058 2.65226 
18.7265 2.64107 
18.5788 2.62025 
18.6291 2.62733 
18.5048 2.6098 
18.9655 2.67477 
18.6578 2.63139 
18.742 2.64326 
19.0744 2.69014 
18.8939 2.66467 
18.9987 2.67946 
19.507 2.75115 
19.1042 2.69434 
19.0515 2.68691 
18.9691 2.67529 
18.8058 2.65225 
18.7676 2.64687 
18.7645 2.64643 
18.9437 2.67171 
18.5314 2.61356 
18.8036 2.65194 
18.7598 2.64577 
18.618 2.62576 
18.7164 2.63964 
18.6037 2.62375 
17.9789 2.53563 
17.7019 2.49656 
17.6619 2.49092 
17.5742 2.47855 
17.3513 2.44712 
16.7395 2.36084 
16.2631 2.29364 
16.1997 2.2847 
15.5661 2.19535 
15.2477 2.15045 
14.9337 2.10616 
14.7599 2.08165 
14.9282 2.10538 
14.5394 2.05055 


0.939964 0.939964 
0.930603 0.930603 
0.911964 0.911964 
0.895972 0.895972 
0.858479 0.858479 
0.860324 0.860324 
0.849193 0.849193 
0.861355 0.861355 
0.84879 0.84879 
0.848012 0.848012 
0.844466 0.844466 
0.843226 0.843226 
0.844664 0.844664 
0.841518 0.841518 
0.822213 0.822213 
0.830785 0.830785 
0.819917 0.819917 
0.82443 0.82443 
0.828932 0.828932 
0.8368 0.8368 
0.843355 0.843355 
0.854328 0.854328 
0.861196 0.861196 
0.873881 0.873881 
0.891955 0.891955 
0.900391 0.900391 
0.90015 0.90015 
0.930984 0.930984 
0.944981 0.944981 
0.973927 0.973927 
0.982429 0.982429 
1.04032 1.04032 
1.05973 1.05973 
1.10395 1.10395 
1.13556 1.13556 
1.15764 1.15764 
1.19995 1.19995 
1.22745 1.22745 
1.21898 1.21898 
1.21901 1.21901 
1.25939 1.25939 
1.24859 1.24859 
1.26494 1.26494 
1.24843 1.24843 
1.22684 1.22684 
1.21971 1.21971 
1.22222 1.22222 
1.18758 1.18758 
1.17016 1.17016 
1.17865 1.17865 
1.2025 1.2025 
1.21933 1.21933 
1.21116 1.21116 
1.22734 1.22734 
1.19985 1.19985 
1.22721 1.22721 
1.22292 1.22292 
1.20012 1.20012 
1.19506 1.19506 
1.18563 1.18563 
1.18884 1.18884 
1.1809 1.1809 
1.21031 1.21031 
1.19067 1.19067 
1.19605 1.19605 
1.21726 1.21726 
1.20574 1.20574 
1.21243 1.21243 
1.24486 1.24486 
1.21916 1.21916 
1.2158 1.2158 
1.21054 1.21054 
1.20011 1.20011 
1.19768 1.19768 
1.19748 1.19748 
1.20892 1.20892 
1.18261 1.18261 
1.19997 1.19997 
1.19718 1.19718 
1.18813 1.18813 
1.19441 1.19441 
1.18722 1.18722 
1.14734 1.14734 
1.12967 1.12967 
1.12711 1.12711 
1.12152 1.12152 
1.1073 1.1073 
1.06825 1.06825 
1.03785 1.03785 
1.0338 1.0338 
0.993372 0.993372 
0.973052 0.973052 
0.953014 0.953014 
0.941921 0.941921 
0.952661 0.952661 
0.927849 0.927849 


14.5224 0.657975 
14.3778 0.651422 
14.0898 0.638375 
13.8428 0.627181 
13.2635 0.600935 
13.292 0.602227 
13.12 0.594435 
13.3079 0.602949 
13.1138 0.594153 
13.1018 0.593609 
13.047 0.591126 
13.0278 0.590258 
13.0501 0.591265 
13.0014 0.589062 
12.7032 0.575549 
12.8356 0.581549 
12.6677 0.573942 
12.7374 0.577101 
12.807 0.580253 
12.9286 0.58576 
13.0298 0.590348 
13.1994 0.598029 
13.3055 0.602837 
13.5015 0.611717 
13.7807 0.624368 
13.911 0.630274 
13.9073 0.630105 
14.3837 0.651689 
14.6 0.661487 
15.0472 0.681749 
15.1785 0.6877 
16.0729 0.728222 
16.3728 0.741808 
17.056 0.772761 
17.5444 0.794891 
17.8855 0.810348 
18.5393 0.839967 
18.9641 0.859214 
18.8333 0.853289 
18.8338 0.85331 
19.4575 0.881571 
19.2907 0.87401 
19.5433 0.885456 
19.2883 0.873902 
18.9546 0.858786 
18.8445 0.853794 
18.8834 0.855557 
18.348 0.831302 
18.0789 0.819109 
18.2101 0.825053 
18.5786 0.841747 
18.8386 0.85353 
18.7125 0.847815 
18.9624 0.85914 
18.5376 0.839893 
18.9603 0.859044 
18.8941 0.856043 
18.5418 0.840081 
18.4636 0.836539 
18.318 0.829942 
18.3676 0.832187 
18.245 0.826633 
18.6992 0.847213 
18.3959 0.833471 
18.4789 0.837232 
18.8066 0.852081 
18.6286 0.844015 
18.732 0.848699 
19.2331 0.871405 
18.836 0.853412 
18.7841 0.851057 
18.7028 0.847376 
18.5418 0.84008 
18.5041 0.838375 
18.501 0.838234 
18.6778 0.846242 
18.2713 0.827824 
18.5396 0.839981 
18.4965 0.838028 
18.3566 0.83169 
18.4536 0.836085 
18.3425 0.831052 
17.7264 0.80314 
17.4533 0.790766 
17.4139 0.78898 
17.3274 0.785062 
17.1077 0.775107 
16.5045 0.747778 
16.0347 0.726493 
15.9722 0.723662 
15.3476 0.695361 
15.0337 0.681137 
14.7241 0.66711 
14.5527 0.659345 
14.7186 0.666863 
14.3353 0.649494 


8.65707 1.47574 
8.57085 1.46105 
8.39919 1.43178 
8.25191 1.40668 
7.90659 1.34781 
7.92358 1.35071 
7.82106 1.33323 
7.93308 1.35233 
7.81736 1.3326 
7.8102 1.33138 
7.77753 1.32581 
7.76611 1.32387 
7.77935 1.32612 
7.75038 1.32118 
7.57258 1.29087 
7.65153 1.30433 
7.55144 1.28727 
7.593 1.29436 
7.63447 1.30142 
7.70693 1.31378 
7.7673 1.32407 
7.86836 1.34129 
7.93162 1.35208 
8.04845 1.37199 
8.21491 1.40037 
8.2926 1.41361 
8.29038 1.41324 
8.57436 1.46164 
8.70328 1.48362 
8.96987 1.52907 
9.04817 1.54241 
9.58132 1.6333 
9.76008 1.66377 
10.1673 1.73319 
10.4585 1.78283 
10.6619 1.81749 
11.0516 1.88393 
11.3048 1.92709 
11.2268 1.9138 
11.2271 1.91385 
11.599 1.97724 
11.4995 1.96028 
11.6501 1.98595 
11.4981 1.96004 
11.2992 1.92613 
11.2335 1.91494 
11.2567 1.91889 
10.9376 1.86449 
10.7771 1.83714 
10.8553 1.85048 
11.075 1.88792 
11.23 1.91435 
11.1548 1.90153 
11.3038 1.92693 
11.0506 1.88376 
11.3026 1.92671 
11.2631 1.91998 
11.0531 1.88418 
11.0065 1.87624 
10.9197 1.86144 
10.9492 1.86648 
10.8761 1.85402 
11.1469 1.90018 
10.9661 1.86936 
11.0156 1.87779 
11.211 1.9111 
11.1048 1.893 
11.1665 1.90351 
11.4652 1.95444 
11.2285 1.91408 
11.1975 1.9088 
11.1491 1.90054 
11.053 1.88418 
11.0306 1.88036 
11.0288 1.88004 
11.1341 1.898 
10.8918 1.85669 
11.0517 1.88396 
11.0261 1.87958 
10.9427 1.86536 
11.0005 1.87522 
10.9343 1.86393 
10.567 1.80133 
10.4042 1.77358 
10.3807 1.76957 
10.3292 1.76078 
10.1982 1.73846 
9.83862 1.67716 
9.55858 1.62942 
9.52132 1.62307 
9.14896 1.55959 
8.96181 1.52769 
8.77726 1.49623 
8.67509 1.47882 
8.77401 1.49568 
8.54549 1.45672 


8.65707 1.47574 
8.57085 1.46105 
8.39919 1.43178 
8.25191 1.40668 
7.90659 1.34781 
7.92358 1.35071 
7.82106 1.33323 
7.93308 1.35233 
7.81736 1.3326 
7.8102 1.33138 
7.77753 1.32581 
7.76611 1.32387 
7.77935 1.32612 
7.75038 1.32118 
7.57258 1.29087 
7.65153 1.30433 
7.55144 1.28727 
7.593 1.29436 
7.63447 1.30142 
7.70693 1.31378 
7.7673 1.32407 
7.86836 1.34129 
7.93162 1.35208 
8.04845 1.37199 
8.21491 1.40037 
8.2926 1.41361 
8.29038 1.41324 
8.57436 1.46164 
8.70328 1.48362 
8.96987 1.52907 
9.04817 1.54241 
9.58132 1.6333 
9.76008 1.66377 
10.1673 1.73319 
10.4585 1.78283 
10.6619 1.81749 
11.0516 1.88393 
11.3048 1.92709 
11.2268 1.9138 
11.2271 1.91385 
11.599 1.97724 
11.4995 1.96028 
11.6501 1.98595 
11.4981 1.96004 
11.2992 1.92613 
11.2335 1.91494 
11.2567 1.91889 
10.9376 1.86449 
10.7771 1.83714 
10.8553 1.85048 
11.075 1.88792 
11.23 1.91435 
11.1548 1.90153 
11.3038 1.92693 
11.0506 1.88376 
11.3026 1.92671 
11.2631 1.91998 
11.0531 1.88418 
11.0065 1.87624 
10.9197 1.86144 
10.9492 1.86648 
10.8761 1.85402 
11.1469 1.90018 
10.9661 1.86936 
11.0156 1.87779 
11.211 1.9111 
11.1048 1.893 
11.1665 1.90351 
11.4652 1.95444 
11.2285 1.91408 
11.1975 1.9088 
11.1491 1.90054 
11.053 1.88418 
11.0306 1.88036 
11.0288 1.88004 
11.1341 1.898 
10.8918 1.85669 
11.0517 1.88396 
11.0261 1.87958 
10.9427 1.86536 
11.0005 1.87522 
10.9343 1.86393 
10.567 1.80133 
10.4042 1.77358 
10.3807 1.76957 
10.3292 1.76078 
10.1982 1.73846 
9.83862 1.67716 
9.55858 1.62942 
9.52132 1.62307 
9.14896 1.55959 
8.96181 1.52769 
8.77726 1.49623 
8.67509 1.47882 
8.77401 1.49568 
8.54549 1.45672 


14.7292 2.07732 
14.5825 2.05663 
14.2905 2.01544 
14.0399 1.9801 
13.4524 1.89724 
13.4813 1.90132 
13.3068 1.87672 
13.4974 1.90359 
13.3005 1.87583 
13.2884 1.87411 
13.2328 1.86627 
13.2134 1.86353 
13.2359 1.86671 
13.1866 1.85975 
12.8841 1.81709 
13.0184 1.83603 
12.8481 1.81202 
12.9188 1.82199 
12.9894 1.83194 
13.1127 1.84933 
13.2154 1.86381 
13.3873 1.88806 
13.4949 1.90324 
13.6937 1.93128 
13.9769 1.97122 
14.1091 1.98986 
14.1054 1.98933 
14.5885 2.05747 
14.8079 2.08841 
15.2614 2.15238 
15.3947 2.17117 
16.3018 2.2991 
16.6059 2.342 
17.2988 2.43972 
17.7942 2.50958 
18.1402 2.55838 
18.8033 2.6519 
19.2341 2.71266 
19.1015 2.69395 
19.1019 2.69402 
19.7346 2.78325 
19.5653 2.75938 
19.8216 2.79551 
19.5629 2.75903 
19.2245 2.71131 
19.1128 2.69555 
19.1522 2.70111 
18.6093 2.62454 
18.3363 2.58604 
18.4694 2.60481 
18.8431 2.65752 
19.1069 2.69472 
18.9789 2.67667 
19.2325 2.71243 
18.8016 2.65166 
19.2303 2.71212 
19.1631 2.70265 
18.8058 2.65226 
18.7265 2.64107 
18.5788 2.62025 
18.6291 2.62733 
18.5048 2.6098 
18.9655 2.67477 
18.6578 2.63139 
18.742 2.64326 
19.0744 2.69014 
18.8939 2.66467 
18.9987 2.67946 
19.507 2.75115 
19.1042 2.69434 
19.0515 2.68691 
18.9691 2.67529 
18.8058 2.65225 
18.7676 2.64687 
18.7645 2.64643 
18.9437 2.67171 
18.5314 2.61356 
18.8036 2.65194 
18.7598 2.64577 
18.618 2.62576 
18.7164 2.63964 
18.6037 2.62375 
17.9789 2.53563 
17.7019 2.49656 
17.6619 2.49092 
17.5742 2.47855 
17.3513 2.44712 
16.7395 2.36084 
16.2631 2.29364 
16.1997 2.2847 
15.5661 2.19535 
15.2477 2.15045 
14.9337 2.10616 
14.7599 2.08165 
14.9282 2.10538 
14.5394 2.05055 


0.939964 0.939964 
0.930603 0.930603 
0.911964 0.911964 
0.895972 0.895972 
0.858479 0.858479 
0.860324 0.860324 
0.849193 0.849193 
0.861355 0.861355 
0.84879 0.84879 
0.848012 0.848012 
0.844466 0.844466 
0.843226 0.843226 
0.844664 0.844664 
0.841518 0.841518 
0.822213 0.822213 
0.830785 0.830785 
0.819917 0.819917 
0.82443 0.82443 
0.828932 0.828932 
0.8368 0.8368 
0.843355 0.843355 
0.854328 0.854328 
0.861196 0.861196 
0.873881 0.873881 
0.891955 0.891955 
0.900391 0.900391 
0.90015 0.90015 
0.930984 0.930984 
0.944981 0.944981 
0.973927 0.973927 
0.982429 0.982429 
1.04032 1.04032 
1.05973 1.05973 
1.10395 1.10395 
1.13556 1.13556 
1.15764 1.15764 
1.19995 1.19995 
1.22745 1.22745 
1.21898 1.21898 
1.21901 1.21901 
1.25939 1.25939 
1.24859 1.24859 
1.26494 1.26494 
1.24843 1.24843 
1.22684 1.22684 
1.21971 1.21971 
1.22222 1.22222 
1.18758 1.18758 
1.17016 1.17016 
1.17865 1.17865 
1.2025 1.2025 
1.21933 1.21933 
1.21116 1.21116 
1.22734 1.22734 
1.19985 1.19985 
1.22721 1.22721 
1.22292 1.22292 
1.20012 1.20012 
1.19506 1.19506 
1.18563 1.18563 
1.18884 1.18884 
1.1809 1.1809 
1.21031 1.21031 
1.19067 1.19067 
1.19605 1.19605 
1.21726 1.21726 
1.20574 1.20574 
1.21243 1.21243 
1.24486 1.24486 
1.21916 1.21916 
1.2158 1.2158 
1.21054 1.21054 
1.20011 1.20011 
1.19768 1.19768 
1.19748 1.19748 
1.20892 1.20892 
1.18261 1.18261 
1.19997 1.19997 
1.19718 1.19718 
1.18813 1.18813 
1.19441 1.19441 
1.18722 1.18722 
1.14734 1.14734 
1.12967 1.12967 
1.12711 1.12711 
1.12152 1.12152 
1.1073 1.1073 
1.06825 1.06825 
1.03785 1.03785 
1.0338 1.0338 
0.993372 0.993372 
0.973052 0.973052 
0.953014 0.953014 
0.941921 0.941921 
0.952661 0.952661 
0.927849 0.927849 


8.52547 1.74833 
8.44056 1.73092 
8.27151 1.69625 
8.12647 1.66651 
7.7864 1.59677 
7.80314 1.6002 
7.70218 1.5795 
7.81249 1.60212 
7.69853 1.57875 
7.69147 1.5773 
7.65931 1.57071 
7.64806 1.5684 
7.6611 1.57107 
7.63256 1.56522 
7.45747 1.52932 
7.53522 1.54526 
7.43665 1.52505 
7.47758 1.53344 
7.51842 1.54181 
7.58978 1.55645 
7.64923 1.56864 
7.74875 1.58905 
7.81105 1.60183 
7.9261 1.62542 
8.09003 1.65904 
8.16655 1.67473 
8.16436 1.67428 
8.44402 1.73163 
8.57098 1.75767 
8.83352 1.81151 
8.91063 1.82732 
9.43568 1.93499 
9.61172 1.97109 
10.0128 2.05334 
10.2995 2.11214 
10.4998 2.15321 
10.8836 2.23191 
11.133 2.28305 
11.0562 2.26731 
11.0565 2.26737 
11.4226 2.34246 
11.3247 2.32237 
11.473 2.35278 
11.3233 2.32208 
11.1274 2.28192 
11.0627 2.26865 
11.0856 2.27334 
10.7713 2.20889 
10.6133 2.17649 
10.6903 2.19228 
10.9066 2.23664 
11.0593 2.26795 
10.9853 2.25276 
11.132 2.28286 
10.8826 2.23172 
11.1307 2.2826 
11.0919 2.27463 
10.8851 2.23222 
10.8392 2.2228 
10.7537 2.20527 
10.7828 2.21124 
10.7108 2.19648 
10.9775 2.25117 
10.7994 2.21465 
10.8481 2.22465 
11.0405 2.2641 
10.936 2.24267 
10.9967 2.25512 
11.2909 2.31545 
11.0578 2.26764 
11.0273 2.26138 
10.9796 2.2516 
10.885 2.23221 
10.8629 2.22768 
10.8611 2.22731 
10.9649 2.24859 
10.7262 2.19965 
10.8838 2.23195 
10.8584 2.22676 
10.7763 2.20992 
10.8333 2.2216 
10.7681 2.20822 
10.4064 2.13406 
10.2461 2.10118 
10.2229 2.09643 
10.1722 2.08602 
10.0432 2.05957 
9.68906 1.98695 
9.41328 1.9304 
9.37659 1.92287 
9.00989 1.84767 
8.82559 1.80988 
8.64383 1.77261 
8.54323 1.75197 
8.64064 1.77195 
8.41559 1.7258 


0.939964 0.939964 
0.930603 0.930603 
0.911964 0.911964 
0.895972 0.895972 
0.858479 0.858479 
0.860324 0.860324 
0.849193 0.849193 
0.861355 0.861355 
0.84879 0.84879 
0.848012 0.848012 
0.844466 0.844466 
0.843226 0.843226 
0.844664 0.844664 
0.841518 0.841518 
0.822213 0.822213 
0.830785 0.830785 
0.819917 0.819917 
0.82443 0.82443 
0.828932 0.828932 
0.8368 0.8368 
0.843355 0.843355 
0.854328 0.854328 
0.861196 0.861196 
0.873881 0.873881 
0.891955 0.891955 
0.900391 0.900391 
0.90015 0.90015 
0.930984 0.930984 
0.944981 0.944981 
0.973927 0.973927 
0.982429 0.982429 
1.04032 1.04032 
1.05973 1.05973 
1.10395 1.10395 
1.13556 1.13556 
1.15764 1.15764 
1.19995 1.19995 
1.22745 1.22745 
1.21898 1.21898 
1.21901 1.21901 
1.25939 1.25939 
1.24859 1.24859 
1.26494 1.26494 
1.24843 1.24843 
1.22684 1.22684 
1.21971 1.21971 
1.22222 1.22222 
1.18758 1.18758 
1.17016 1.17016 
1.17865 1.17865 
1.2025 1.2025 
1.21933 1.21933 
1.21116 1.21116 
1.22734 1.22734 
1.19985 1.19985 
1.22721 1.22721 
1.22292 1.22292 
1.20012 1.20012 
1.19506 1.19506 
1.18563 1.18563 
1.18884 1.18884 
1.1809 1.1809 
1.21031 1.21031 
1.19067 1.19067 
1.19605 1.19605 
1.21726 1.21726 
1.20574 1.20574 
1.21243 1.21243 
1.24486 1.24486 
1.21916 1.21916 
1.2158 1.2158 
1.21054 1.21054 
1.20011 1.20011 
1.19768 1.19768 
1.19748 1.19748 
1.20892 1.20892 
1.18261 1.18261 
1.19997 1.19997 
1.19718 1.19718 
1.18813 1.18813 
1.19441 1.19441 
1.18722 1.18722 
1.14734 1.14734 
1.12967 1.12967 
1.12711 1.12711 
1.12152 1.12152 
1.1073 1.1073 
1.06825 1.06825 
1.03785 1.03785 
1.0338 1.0338 
0.993372 0.993372 
0.973052 0.973052 
0.953014 0.953014 
0.941921 0.941921 
0.952661 0.952661 
0.927849 0.927849 


14.5224 0.657975 
14.3778 0.651422 
14.0898 0.638375 
13.8428 0.627181 
13.2635 0.600935 
13.292 0.602227 
13.12 0.594435 
13.3079 0.602949 
13.1138 0.594153 
13.1018 0.593609 
13.047 0.591126 
13.0278 0.590258 
13.0501 0.591265 
13.0014 0.589062 
12.7032 0.575549 
12.8356 0.581549 
12.6677 0.573942 
12.7374 0.577101 
12.807 0.580253 
12.9286 0.58576 
13.0298 0.590348 
13.1994 0.598029 
13.3055 0.602837 
13.5015 0.611717 
13.7807 0.624368 
13.911 0.630274 
13.9073 0.630105 
14.3837 0.651689 
14.6 0.661487 
15.0472 0.681749 
15.1785 0.6877 
16.0729 0.728222 
16.3728 0.741808 
17.056 0.772761 
17.5444 0.794891 
17.8855 0.810348 
18.5393 0.839967 
18.9641 0.859214 
18.8333 0.853289 
18.8338 0.85331 
19.4575 0.881571 
19.2907 0.87401 
19.5433 0.885456 
19.2883 0.873902 
18.9546 0.858786 
18.8445 0.853794 
18.8834 0.855557 
18.348 0.831302 
18.0789 0.819109 
18.2101 0.825053 
18.5786 0.841747 
18.8386 0.85353 
18.7125 0.847815 
18.9624 0.85914 
18.5376 0.839893 
18.9603 0.859044 
18.8941 0.856043 
18.5418 0.840081 
18.4636 0.836539 
18.318 0.829942 
18.3676 0.832187 
18.245 0.826633 
18.6992 0.847213 
18.3959 0.833471 
18.4789 0.837232 
18.8066 0.852081 
18.6286 0.844015 
18.732 0.848699 
19.2331 0.871405 
18.836 0.853412 
18.7841 0.851057 
18.7028 0.847376 
18.5418 0.84008 
18.5041 0.838375 
18.501 0.838234 
18.6778 0.846242 
18.2713 0.827824 
18.5396 0.839981 
18.4965 0.838028 
18.3566 0.83169 
18.4536 0.836085 
18.3425 0.831052 
17.7264 0.80314 
17.4533 0.790766 
17.4139 0.78898 
17.3274 0.785062 
17.1077 0.775107 
16.5045 0.747778 
16.0347 0.726493 
15.9722 0.723662 
15.3476 0.695361 
15.0337 0.681137 
14.7241 0.66711 
14.5527 0.659345 
14.7186 0.666863 
14.3353 0.649494 


8.52547 1.74833 
8.44056 1.73092 
8.27151 1.69625 
8.12647 1.66651 
7.7864 1.59677 
7.80314 1.6002 
7.70218 1.5795 
7.81249 1.60212 
7.69853 1.57875 
7.69147 1.5773 
7.65931 1.57071 
7.64806 1.5684 
7.6611 1.57107 
7.63256 1.56522 
7.45747 1.52932 
7.53522 1.54526 
7.43665 1.52505 
7.47758 1.53344 
7.51842 1.54181 
7.58978 1.55645 
7.64923 1.56864 
7.74875 1.58905 
7.81105 1.60183 
7.9261 1.62542 
8.09003 1.65904 
8.16655 1.67473 
8.16436 1.67428 
8.44402 1.73163 
8.57098 1.75767 
8.83352 1.81151 
8.91063 1.82732 
9.43568 1.93499 
9.61172 1.97109 
10.0128 2.05334 
10.2995 2.11214 
10.4998 2.15321 
10.8836 2.23191 
11.133 2.28305 
11.0562 2.26731 
11.0565 2.26737 
11.4226 2.34246 
11.3247 2.32237 
11.473 2.35278 
11.3233 2.32208 
11.1274 2.28192 
11.0627 2.26865 
11.0856 2.27334 
10.7713 2.20889 
10.6133 2.17649 
10.6903 2.19228 
10.9066 2.23664 
11.0593 2.26795 
10.9853 2.25276 
11.132 2.28286 
10.8826 2.23172 
11.1307 2.2826 
11.0919 2.27463 
10.8851 2.23222 
10.8392 2.2228 
10.7537 2.20527 
10.7828 2.21124 
10.7108 2.19648 
10.9775 2.25117 
10.7994 2.21465 
10.8481 2.22465 
11.0405 2.2641 
10.936 2.24267 
10.9967 2.25512 
11.2909 2.31545 
11.0578 2.26764 
11.0273 2.26138 
10.9796 2.2516 
10.885 2.23221 
10.8629 2.22768 
10.8611 2.22731 
10.9649 2.24859 
10.7262 2.19965 
10.8838 2.23195 
10.8584 2.22676 
10.7763 2.20992 
10.8333 2.2216 
10.7681 2.20822 
10.4064 2.13406 
10.2461 2.10118 
10.2229 2.09643 
10.1722 2.08602 
10.0432 2.05957 
9.68906 1.98695 
9.41328 1.9304 
9.37659 1.92287 
9.00989 1.84767 
8.82559 1.80988 
8.64383 1.77261 
8.54323 1.75197 
8.64064 1.77195 
8.41559 1.7258 


24.3169 5.98757 
24.0747 5.92794 
23.5925 5.80921 
23.1788 5.70734 
22.2088 5.46851 
22.2566 5.48026 
21.9686 5.40936 
22.2833 5.48683 
21.9582 5.40679 
21.9381 5.40184 
21.8463 5.37925 
21.8143 5.37135 
21.8515 5.38051 
21.7701 5.36047 
21.2706 5.23749 
21.4924 5.2921 
21.2113 5.22287 
21.328 5.25162 
21.4445 5.2803 
21.648 5.33042 
21.8176 5.37217 
22.1015 5.44207 
22.2791 5.48582 
22.6073 5.56662 
23.0749 5.68175 
23.2931 5.73549 
23.2869 5.73396 
24.0845 5.93037 
24.4467 6.01953 
25.1955 6.20392 
25.4154 6.25807 
26.913 6.62682 
27.4151 6.75046 
28.5591 7.03213 
29.3769 7.23351 
29.9481 7.37417 
31.0428 7.6437 
31.7541 7.81885 
31.5351 7.76493 
31.5359 7.76512 
32.5804 8.0223 
32.3009 7.95349 
32.7239 8.05765 
32.2969 7.95251 
31.7383 7.81495 
31.5538 7.76953 
31.6189 7.78557 
30.7226 7.56485 
30.2719 7.45389 
30.4916 7.50798 
31.1086 7.6599 
31.544 7.76712 
31.3328 7.71511 
31.7514 7.81817 
31.0401 7.64303 
31.7478 7.8173 
31.6369 7.78999 
31.047 7.64474 
30.9161 7.61251 
30.6723 7.55247 
30.7553 7.5729 
30.55 7.52236 
31.3106 7.70964 
30.8027 7.58458 
30.9417 7.61881 
31.4905 7.75394 
31.1924 7.68053 
31.3655 7.72316 
32.2046 7.92978 
31.5397 7.76605 
31.4526 7.74462 
31.3166 7.71112 
31.0469 7.64472 
30.9839 7.62921 
30.9787 7.62793 
31.2747 7.7008 
30.594 7.5332 
31.0433 7.64382 
30.9711 7.62605 
30.7369 7.56838 
30.8993 7.60838 
30.7133 7.56258 
29.6818 7.30857 
29.2245 7.19597 
29.1584 7.17971 
29.0137 7.14407 
28.6458 7.05348 
27.6357 6.80478 
26.8491 6.61109 
26.7445 6.58532 
25.6985 6.32778 
25.1729 6.19834 
24.6545 6.0707 
24.3675 6.00004 
24.6453 6.06845 
24.0034 5.9104 


