-159.829 -47.7983 
-157.475 -47.0943 
-157.201 -47.0124 
-153.68 -45.9596 
-146.619 -43.8478 
-148.834 -44.5104 
-146.07 -43.6837 
-145.377 -43.4763 
-145.914 -43.6371 
-143.346 -42.8692 
-143.893 -43.0326 
-141.664 -42.366 
-142.595 -42.6444 
-142.13 -42.5053 
-139.756 -41.7953 
-141.255 -42.2437 
-141.295 -42.2557 
-141.989 -42.4633 
-142.089 -42.4931 
-142.878 -42.7291 
-143.761 -42.9932 
-146.709 -43.8748 
-148.311 -44.354 
-150.365 -44.9682 
-152.284 -45.5421 
-153.239 -45.8276 
-153.44 -45.8876 
-155.813 -46.5973 
-159.473 -47.692 
-163.997 -49.045 
-167.287 -50.029 
-176.24 -52.7064 
-180.062 -53.8493 
-185.846 -55.579 
-191.312 -57.2137 
-199.208 -59.5752 
-206.258 -61.6834 
-206.497 -61.7551 
-207.443 -62.0377 
-208.94 -62.4857 
-212.954 -63.6861 
-210.955 -63.0882 
-213.529 -63.8579 
-214.041 -64.0112 
-207.677 -62.1077 
-206.158 -61.6535 
-209.978 -62.796 
-203.695 -60.9169 
-199.879 -59.7759 
-201.813 -60.3542 
-204.952 -61.2928 
-205.434 -61.4371 
-208.773 -62.4358 
-209.327 -62.6013 
-206.861 -61.8638 
-205.963 -61.5952 
-208.725 -62.4213 
-205.517 -61.4619 
-204.887 -61.2736 
-200.392 -59.9293 
-202.451 -60.545 
-202.204 -60.471 
-205.672 -61.5083 
-202.103 -60.4408 
-204.559 -61.1754 
-205.571 -61.478 
-203.63 -60.8975 
-208.073 -62.2263 
-208.529 -62.3626 
-209.028 -62.5119 
-206.659 -61.8034 
-206.836 -61.8563 
-204.823 -61.2543 
-204.903 -61.2783 
-206.606 -61.7875 
-206.572 -61.7773 
-200.976 -60.1037 
-204.313 -61.102 
-205.922 -61.5831 
-205.293 -61.395 
-201.046 -60.1247 
-199.598 -59.6918 
-195.844 -58.5691 
-193.237 -57.7895 
-193.451 -57.8535 
-189.26 -56.6002 
-187.588 -56.1002 
-179.452 -53.6671 
-175.768 -52.5653 
-176.764 -52.863 
-170.116 -50.8747 
-164.547 -49.2093 
-160.216 -47.9141 
-160.087 -47.8756 
-161.938 -48.4292 
-158.275 -47.3337 


-124.426 -37.6565 
-122.593 -37.1018 
-122.38 -37.0373 
-119.64 -36.2079 
-114.142 -34.5441 
-115.867 -35.0661 
-113.715 -34.4149 
-113.175 -34.2515 
-113.594 -34.3781 
-111.595 -33.7732 
-112.02 -33.9019 
-110.285 -33.3767 
-111.009 -33.5961 
-110.647 -33.4865 
-108.799 -32.9272 
-109.966 -33.2804 
-109.998 -33.2899 
-110.538 -33.4534 
-110.616 -33.4769 
-111.23 -33.6628 
-111.917 -33.8709 
-114.213 -34.5654 
-115.46 -34.9429 
-117.059 -35.4268 
-118.553 -35.879 
-119.296 -36.1039 
-119.452 -36.1512 
-121.299 -36.7102 
-124.149 -37.5726 
-127.671 -38.6386 
-130.233 -39.4138 
-137.202 -41.5231 
-140.177 -42.4235 
-144.68 -43.7862 
-148.935 -45.0741 
-155.083 -46.9345 
-160.571 -48.5954 
-160.757 -48.6518 
-161.493 -48.8745 
-162.659 -49.2274 
-165.784 -50.1731 
-164.228 -49.7021 
-166.231 -50.3085 
-166.63 -50.4293 
-161.675 -48.9297 
-160.493 -48.5718 
-163.467 -49.4719 
-158.575 -47.9915 
-155.605 -47.0926 
-157.111 -47.5482 
-159.554 -48.2877 
-159.929 -48.4013 
-162.529 -49.1881 
-162.96 -49.3185 
-161.04 -48.7375 
-160.341 -48.5259 
-162.492 -49.1767 
-159.994 -48.4209 
-159.504 -48.2725 
-156.005 -47.2135 
-157.607 -47.6985 
-157.415 -47.6402 
-160.115 -48.4574 
-157.336 -47.6164 
-159.248 -48.1951 
-160.036 -48.4336 
-158.525 -47.9762 
-161.984 -49.0231 
-162.339 -49.1305 
-162.727 -49.2481 
-160.883 -48.6899 
-161.021 -48.7316 
-159.454 -48.2573 
-159.516 -48.2762 
-160.842 -48.6774 
-160.815 -48.6693 
-156.459 -47.3509 
-159.057 -48.1373 
-160.31 -48.5164 
-159.82 -48.3682 
-156.513 -47.3674 
-155.386 -47.0264 
-152.464 -46.1419 
-150.434 -45.5277 
-150.601 -45.5781 
-147.339 -44.5907 
-146.037 -44.1968 
-139.703 -42.2799 
-136.835 -41.4119 
-137.61 -41.6465 
-132.434 -40.0801 
-128.099 -38.768 
-124.727 -37.7477 
-124.627 -37.7174 
-126.068 -38.1534 
-123.216 -37.2904 


0.957845 0.272328 
0.943737 0.268317 
0.942096 0.267851 
0.920999 0.261853 
0.878679 0.249821 
0.891957 0.253596 
0.875391 0.248886 
0.871234 0.247704 
0.874456 0.24862 
0.859068 0.244245 
0.862344 0.245176 
0.848984 0.241378 
0.854564 0.242964 
0.851775 0.242171 
0.837549 0.238127 
0.846534 0.240681 
0.846775 0.24075 
0.850934 0.241932 
0.851532 0.242102 
0.856261 0.243447 
0.861553 0.244951 
0.879221 0.249975 
0.888823 0.252705 
0.901132 0.256204 
0.912632 0.259474 
0.918353 0.2611 
0.919556 0.261442 
0.933777 0.265486 
0.955713 0.271722 
0.982827 0.279431 
1.00255 0.285037 
1.0562 0.300292 
1.0791 0.306803 
1.11376 0.316658 
1.14652 0.325972 
1.19384 0.339427 
1.23609 0.351438 
1.23753 0.351846 
1.24319 0.353457 
1.25217 0.356009 
1.27622 0.362848 
1.26424 0.359442 
1.27967 0.363827 
1.28274 0.3647 
1.2446 0.353855 
1.23549 0.351267 
1.25839 0.357777 
1.22073 0.347071 
1.19787 0.34057 
1.20946 0.343865 
1.22826 0.349213 
1.23116 0.350034 
1.25117 0.355725 
1.25449 0.356668 
1.23971 0.352466 
1.23432 0.350935 
1.25088 0.355642 
1.23165 0.350176 
1.22788 0.349103 
1.20094 0.341444 
1.21328 0.344952 
1.2118 0.34453 
1.23258 0.35044 
1.21119 0.344358 
1.22591 0.348543 
1.23198 0.350268 
1.22034 0.34696 
1.24697 0.354531 
1.2497 0.355308 
1.25269 0.356158 
1.2385 0.352122 
1.23956 0.352423 
1.22749 0.348993 
1.22797 0.34913 
1.23818 0.352031 
1.23797 0.351973 
1.20444 0.342438 
1.22444 0.348125 
1.23408 0.350867 
1.23031 0.349795 
1.20486 0.342557 
1.19618 0.340091 
1.17368 0.333694 
1.15806 0.329253 
1.15934 0.329617 
1.13423 0.322477 
1.12421 0.319628 
1.07545 0.305765 
1.05337 0.299488 
1.05934 0.301184 
1.01949 0.289856 
0.986119 0.280367 
0.960166 0.272988 
0.959394 0.272769 
0.970487 0.275923 
0.948534 0.269681 


2.25375 1.12688 
2.22056 1.11028 
2.2167 1.10835 
2.16706 1.08353 
2.06748 1.03374 
2.09872 1.04936 
2.05974 1.02987 
2.04996 1.02498 
2.05754 1.02877 
2.02134 1.01067 
2.02904 1.01452 
1.99761 0.998805 
2.01074 1.00537 
2.00418 1.00209 
1.9707 0.985351 
1.99184 0.995922 
1.99241 0.996205 
2.0022 1.0011 
2.0036 1.0018 
2.01473 1.00737 
2.02718 1.01359 
2.06875 1.03438 
2.09135 1.04567 
2.12031 1.06016 
2.14737 1.07369 
2.16083 1.08042 
2.16366 1.08183 
2.19712 1.09856 
2.24874 1.12437 
2.31254 1.15627 
2.35893 1.17947 
2.48518 1.24259 
2.53906 1.26953 
2.62062 1.31031 
2.6977 1.34885 
2.80905 1.40452 
2.90845 1.45423 
2.91183 1.45591 
2.92516 1.46258 
2.94628 1.47314 
3.00288 1.50144 
2.97469 1.48734 
3.01098 1.50549 
3.01821 1.50911 
2.92846 1.46423 
2.90704 1.45352 
2.96091 1.48046 
2.87231 1.43615 
2.81851 1.40926 
2.84578 1.42289 
2.89003 1.44502 
2.89684 1.44842 
2.94393 1.47196 
2.95173 1.47587 
2.91696 1.45848 
2.90429 1.45215 
2.94324 1.47162 
2.89801 1.449 
2.88913 1.44456 
2.82575 1.41287 
2.85477 1.42739 
2.85128 1.42564 
2.9002 1.4501 
2.84986 1.42493 
2.8845 1.44225 
2.89877 1.44938 
2.8714 1.4357 
2.93405 1.46702 
2.94048 1.47024 
2.94751 1.47376 
2.91411 1.45705 
2.9166 1.4583 
2.88822 1.44411 
2.88935 1.44467 
2.91336 1.45668 
2.91288 1.45644 
2.83397 1.41698 
2.88104 1.44052 
2.90372 1.45186 
2.89485 1.44743 
2.83495 1.41748 
2.81455 1.40727 
2.76161 1.3808 
2.72485 1.36242 
2.72787 1.36393 
2.66877 1.33439 
2.6452 1.3226 
2.53047 1.26524 
2.47852 1.23926 
2.49256 1.24628 
2.39881 1.1994 
2.32028 1.16014 
2.25921 1.12961 
2.2574 1.1287 
2.2835 1.14175 
2.23184 1.11592 


2.64816 0.450751 
2.60916 0.444112 
2.60462 0.443339 
2.54629 0.433411 
2.42929 0.413496 
2.466 0.419744 
2.4202 0.411949 
2.40871 0.409993 
2.41761 0.411509 
2.37507 0.404267 
2.38413 0.405809 
2.34719 0.399522 
2.36262 0.402148 
2.35491 0.400835 
2.31558 0.394141 
2.34042 0.398369 
2.34108 0.398482 
2.35258 0.400439 
2.35423 0.400721 
2.36731 0.402946 
2.38194 0.405437 
2.43079 0.413751 
2.45733 0.41827 
2.49136 0.424062 
2.52316 0.429474 
2.53898 0.432166 
2.5423 0.432732 
2.58162 0.439424 
2.64227 0.449747 
2.71723 0.462507 
2.77174 0.471786 
2.92008 0.497035 
2.9834 0.507812 
3.07923 0.524124 
3.1698 0.53954 
3.30063 0.561809 
3.41743 0.58169 
3.4214 0.582366 
3.43706 0.585032 
3.46188 0.589256 
3.52838 0.600576 
3.49526 0.594938 
3.5379 0.602196 
3.5464 0.603642 
3.44094 0.585692 
3.41577 0.581408 
3.47907 0.592183 
3.37496 0.574462 
3.31175 0.563702 
3.34379 0.569156 
3.39579 0.578007 
3.40378 0.579367 
3.45911 0.588785 
3.46829 0.590347 
3.42742 0.583391 
3.41254 0.580858 
3.45831 0.588649 
3.40516 0.579602 
3.39473 0.577826 
3.32025 0.565149 
3.35436 0.570955 
3.35026 0.570257 
3.40773 0.580039 
3.34858 0.569972 
3.38928 0.576899 
3.40605 0.579754 
3.37389 0.574279 
3.44751 0.58681 
3.45506 0.588095 
3.46333 0.589503 
3.42408 0.582822 
3.42701 0.583321 
3.39365 0.577643 
3.39498 0.57787 
3.4232 0.582672 
3.42263 0.582575 
3.32991 0.566794 
3.38522 0.576207 
3.41188 0.580745 
3.40145 0.578971 
3.33107 0.566991 
3.30709 0.562909 
3.24489 0.552322 
3.2017 0.54497 
3.20524 0.545573 
3.13581 0.533755 
3.10811 0.529039 
2.9733 0.506094 
2.91226 0.495704 
2.92875 0.498511 
2.8186 0.479762 
2.72633 0.464056 
2.65458 0.451843 
2.65244 0.45148 
2.68311 0.4567 
2.62242 0.446369 


2.03777 0.14086 
2.00775 0.138785 
2.00426 0.138544 
1.95938 0.135441 
1.86935 0.129218 
1.89759 0.13117 
1.86235 0.128734 
1.85351 0.128123 
1.86036 0.128597 
1.82763 0.126334 
1.83459 0.126815 
1.80617 0.124851 
1.81804 0.125671 
1.81211 0.125261 
1.78184 0.123169 
1.80096 0.12449 
1.80147 0.124526 
1.81032 0.125137 
1.81159 0.125225 
1.82165 0.125921 
1.83291 0.126699 
1.8705 0.129297 
1.89093 0.130709 
1.91711 0.132519 
1.94158 0.134211 
1.95375 0.135052 
1.95631 0.135229 
1.98656 0.13732 
2.03323 0.140546 
2.09092 0.144533 
2.13287 0.147433 
2.24701 0.155324 
2.29574 0.158691 
2.36948 0.163789 
2.43917 0.168606 
2.53985 0.175565 
2.62973 0.181778 
2.63278 0.181989 
2.64483 0.182822 
2.66393 0.184142 
2.7151 0.18768 
2.68961 0.185918 
2.72243 0.188186 
2.72896 0.188638 
2.64782 0.183029 
2.62845 0.18169 
2.67716 0.185057 
2.59705 0.179519 
2.5484 0.176157 
2.57306 0.177861 
2.61307 0.180627 
2.61922 0.181052 
2.6618 0.183995 
2.66886 0.184483 
2.63742 0.18231 
2.62596 0.181518 
2.66118 0.183953 
2.62028 0.181126 
2.61225 0.180571 
2.55494 0.176609 
2.58119 0.178423 
2.57804 0.178205 
2.62226 0.181262 
2.57675 0.178116 
2.60807 0.180281 
2.62097 0.181173 
2.59622 0.179462 
2.65287 0.183378 
2.65868 0.18378 
2.66504 0.18422 
2.63484 0.182132 
2.6371 0.182288 
2.61143 0.180514 
2.61245 0.180584 
2.63416 0.182085 
2.63373 0.182055 
2.56238 0.177123 
2.60494 0.180065 
2.62545 0.181483 
2.61743 0.180928 
2.56327 0.177185 
2.54482 0.175909 
2.49695 0.172601 
2.46372 0.170303 
2.46645 0.170492 
2.41302 0.166798 
2.3917 0.165325 
2.28797 0.158154 
2.24099 0.154907 
2.25369 0.155785 
2.16892 0.149926 
2.09792 0.145018 
2.04271 0.141201 
2.04106 0.141087 
2.06466 0.142719 
2.01796 0.13949 


6.23538 0.356844 
6.14354 0.351588 
6.13286 0.350977 
5.99552 0.343117 
5.72003 0.327351 
5.80646 0.332298 
5.69862 0.326126 
5.67156 0.324577 
5.69254 0.325778 
5.59237 0.320045 
5.61369 0.321265 
5.52672 0.316288 
5.56304 0.318367 
5.54489 0.317328 
5.45228 0.312028 
5.51077 0.315375 
5.51234 0.315465 
5.53941 0.317015 
5.5433 0.317237 
5.57409 0.318999 
5.60854 0.320971 
5.72356 0.327553 
5.78606 0.33113 
5.86619 0.335716 
5.94106 0.34 
5.9783 0.342132 
5.98613 0.34258 
6.0787 0.347878 
6.22151 0.35605 
6.39801 0.366151 
6.52637 0.373497 
6.87565 0.393486 
7.02474 0.402018 
7.25038 0.414932 
7.46363 0.427136 
7.7717 0.444766 
8.04672 0.460505 
8.05606 0.46104 
8.09294 0.46315 
8.15137 0.466494 
8.30797 0.475456 
8.22997 0.470992 
8.33038 0.476739 
8.35038 0.477883 
8.10207 0.463673 
8.04281 0.460281 
8.19186 0.468811 
7.94672 0.454782 
7.79788 0.446264 
7.87332 0.450582 
7.99576 0.457589 
8.01458 0.458666 
8.14486 0.466122 
8.16646 0.467358 
8.07025 0.461852 
8.03521 0.459846 
8.14297 0.466013 
8.01782 0.458851 
7.99326 0.457445 
7.81789 0.44741 
7.89821 0.452006 
7.88855 0.451453 
8.02388 0.459198 
7.88461 0.451228 
7.98044 0.456712 
8.01992 0.458972 
7.9442 0.454638 
8.11753 0.464558 
8.13532 0.465576 
8.15479 0.46669 
8.06237 0.461401 
8.06927 0.461795 
7.99073 0.457301 
7.99386 0.45748 
8.0603 0.461282 
8.05896 0.461206 
7.84064 0.448712 
7.97086 0.456164 
8.03364 0.459756 
8.00909 0.458352 
7.84338 0.448868 
7.78691 0.445636 
7.64045 0.437255 
7.53875 0.431434 
7.5471 0.431912 
7.38361 0.422556 
7.31838 0.418823 
7.00097 0.400658 
6.85724 0.392432 
6.89607 0.394655 
6.6367 0.379811 
6.41944 0.367378 
6.25049 0.357709 
6.24547 0.357421 
6.31768 0.361554 
6.17477 0.353375 


1.27713 0.251669 
1.25832 0.247962 
1.25613 0.247531 
1.228 0.241988 
1.17157 0.230869 
1.18928 0.234357 
1.16719 0.230005 
1.16165 0.228913 
1.16594 0.229759 
1.14542 0.225716 
1.14979 0.226577 
1.13198 0.223066 
1.13942 0.224532 
1.1357 0.2238 
1.11673 0.220062 
1.12871 0.222423 
1.12903 0.222486 
1.13458 0.223579 
1.13538 0.223736 
1.14168 0.224978 
1.14874 0.226369 
1.17229 0.231011 
1.1851 0.233534 
1.20151 0.236768 
1.21684 0.23979 
1.22447 0.241293 
1.22607 0.241609 
1.24504 0.245345 
1.27428 0.251109 
1.31044 0.258233 
1.33673 0.263414 
1.40827 0.277511 
1.4388 0.283529 
1.48502 0.292636 
1.5287 0.301243 
1.59179 0.313677 
1.64812 0.324777 
1.65004 0.325154 
1.65759 0.326643 
1.66956 0.329001 
1.70163 0.335322 
1.68566 0.332174 
1.70622 0.336226 
1.71032 0.337033 
1.65946 0.327011 
1.64732 0.324619 
1.67785 0.330635 
1.62764 0.320741 
1.59716 0.314734 
1.61261 0.317779 
1.63769 0.322721 
1.64154 0.32348 
1.66823 0.328739 
1.67265 0.32961 
1.65294 0.325727 
1.64576 0.324312 
1.66784 0.328662 
1.64221 0.323611 
1.63717 0.322619 
1.60126 0.315542 
1.6177 0.318783 
1.61573 0.318393 
1.64344 0.323855 
1.61492 0.318234 
1.63455 0.322102 
1.64264 0.323696 
1.62712 0.320639 
1.66263 0.327635 
1.66627 0.328353 
1.67026 0.329139 
1.65133 0.325409 
1.65274 0.325687 
1.63666 0.322518 
1.6373 0.322644 
1.6509 0.325325 
1.65063 0.325271 
1.60592 0.31646 
1.63259 0.321716 
1.64544 0.324249 
1.64042 0.323259 
1.60647 0.31657 
1.59491 0.314291 
1.56491 0.30838 
1.54408 0.304275 
1.54579 0.304612 
1.5123 0.298013 
1.49894 0.29538 
1.43393 0.282569 
1.40449 0.276768 
1.41245 0.278335 
1.35933 0.267867 
1.31483 0.259098 
1.28022 0.252279 
1.27919 0.252076 
1.29398 0.254991 
1.26471 0.249223 


1.73727 0.356844 
1.71168 0.351588 
1.7087 0.350977 
1.67044 0.343117 
1.59368 0.327351 
1.61776 0.332298 
1.58772 0.326126 
1.58018 0.324577 
1.58602 0.325778 
1.55811 0.320045 
1.56405 0.321265 
1.53982 0.316288 
1.54994 0.318367 
1.54489 0.317328 
1.51908 0.312028 
1.53538 0.315375 
1.53582 0.315465 
1.54336 0.317015 
1.54444 0.317237 
1.55302 0.318999 
1.56262 0.320971 
1.59467 0.327553 
1.61208 0.33113 
1.63441 0.335716 
1.65526 0.34 
1.66564 0.342132 
1.66782 0.34258 
1.69361 0.347878 
1.7334 0.35605 
1.78258 0.366151 
1.81834 0.373497 
1.91566 0.393486 
1.95719 0.402018 
2.02006 0.414932 
2.07948 0.427136 
2.16531 0.444766 
2.24193 0.460505 
2.24454 0.46104 
2.25481 0.46315 
2.27109 0.466494 
2.31472 0.475456 
2.29299 0.470992 
2.32096 0.476739 
2.32654 0.477883 
2.25735 0.463673 
2.24084 0.460281 
2.28237 0.468811 
2.21407 0.454782 
2.1726 0.446264 
2.19362 0.450582 
2.22774 0.457589 
2.23298 0.458666 
2.26928 0.466122 
2.27529 0.467358 
2.24849 0.461852 
2.23872 0.459846 
2.26875 0.466013 
2.23388 0.458851 
2.22704 0.457445 
2.17818 0.44741 
2.20055 0.452006 
2.19786 0.451453 
2.23557 0.459198 
2.19677 0.451228 
2.22347 0.456712 
2.23447 0.458972 
2.21337 0.454638 
2.26166 0.464558 
2.26662 0.465576 
2.27204 0.46669 
2.24629 0.461401 
2.24821 0.461795 
2.22633 0.457301 
2.22721 0.45748 
2.24572 0.461282 
2.24534 0.461206 
2.18452 0.448712 
2.2208 0.456164 
2.23829 0.459756 
2.23145 0.458352 
2.18528 0.448868 
2.16955 0.445636 
2.12874 0.437255 
2.1004 0.431434 
2.10273 0.431912 
2.05718 0.422556 
2.03901 0.418823 
1.95057 0.400658 
1.91053 0.392432 
1.92135 0.394655 
1.84908 0.379811 
1.78855 0.367378 
1.74148 0.357709 
1.74008 0.357421 
1.7602 0.361554 
1.72038 0.353375 


5.56865 1.43677 
5.48663 1.41561 
5.47709 1.41314 
5.35443 1.3815 
5.1084 1.31802 
5.18559 1.33794 
5.08928 1.31309 
5.06512 1.30685 
5.08385 1.31168 
4.99439 1.2886 
5.01343 1.29352 
4.93576 1.27348 
4.9682 1.28185 
4.95199 1.27766 
4.86928 1.25632 
4.92151 1.2698 
4.92292 1.27016 
4.9471 1.2764 
4.95057 1.2773 
4.97806 1.28439 
5.00883 1.29233 
5.11155 1.31883 
5.16737 1.33323 
5.23893 1.3517 
5.30579 1.36895 
5.33905 1.37753 
5.34604 1.37933 
5.42872 1.40067 
5.55625 1.43357 
5.71389 1.47424 
5.82852 1.50382 
6.14046 1.5843 
6.2736 1.61865 
6.47512 1.67065 
6.66556 1.71978 
6.94069 1.79077 
7.1863 1.85414 
7.19465 1.85629 
7.22758 1.86479 
7.27976 1.87825 
7.41962 1.91434 
7.34996 1.89636 
7.43963 1.9195 
7.45749 1.92411 
7.23573 1.86689 
7.18281 1.85324 
7.31592 1.88758 
7.09699 1.8311 
6.96407 1.7968 
7.03145 1.81418 
7.14079 1.8424 
7.1576 1.84673 
7.27395 1.87675 
7.29324 1.88173 
7.20731 1.85956 
7.17602 1.85149 
7.27226 1.87632 
7.1605 1.84748 
7.13856 1.84182 
6.98194 1.80141 
7.05367 1.81992 
7.04505 1.81769 
7.1659 1.84887 
7.04153 1.81679 
7.12711 1.83887 
7.16237 1.84796 
7.09474 1.83051 
7.24954 1.87046 
7.26543 1.87455 
7.28282 1.87904 
7.20028 1.85775 
7.20644 1.85933 
7.1363 1.84124 
7.1391 1.84196 
7.19843 1.85727 
7.19723 1.85696 
7.00226 1.80665 
7.11856 1.83666 
7.17462 1.85112 
7.1527 1.84547 
7.0047 1.80728 
6.95427 1.79427 
6.82347 1.76053 
6.73265 1.73709 
6.7401 1.73902 
6.59409 1.70134 
6.53584 1.68631 
6.25237 1.61317 
6.12401 1.58006 
6.15869 1.589 
5.92706 1.52924 
5.73303 1.47918 
5.58214 1.44025 
5.57765 1.43909 
5.64214 1.45573 
5.51451 1.4228 


2.47913 0.610391 
2.44261 0.601401 
2.43837 0.600355 
2.38376 0.586911 
2.27423 0.559943 
2.30859 0.568404 
2.26572 0.557847 
2.25496 0.555198 
2.2633 0.557252 
2.22347 0.547445 
2.23195 0.549533 
2.19737 0.541019 
2.21181 0.544575 
2.20459 0.542798 
2.16777 0.533732 
2.19103 0.539458 
2.19165 0.539611 
2.20242 0.542262 
2.20396 0.542643 
2.2162 0.545656 
2.2299 0.549029 
2.27563 0.560288 
2.30048 0.566407 
2.33234 0.574251 
2.36211 0.581579 
2.37691 0.585225 
2.38003 0.585991 
2.41683 0.595054 
2.47361 0.609033 
2.54379 0.626312 
2.59482 0.638877 
2.73369 0.673069 
2.79297 0.687663 
2.88268 0.709751 
2.96747 0.730627 
3.08995 0.760784 
3.1993 0.787706 
3.20301 0.788621 
3.21767 0.792231 
3.24091 0.797951 
3.30317 0.81328 
3.27216 0.805645 
3.31208 0.815474 
3.32003 0.817432 
3.2213 0.793124 
3.19774 0.787323 
3.257 0.801914 
3.15954 0.777917 
3.10036 0.763347 
3.13036 0.770732 
3.17904 0.782718 
3.18652 0.78456 
3.23832 0.797314 
3.24691 0.799428 
3.20865 0.790009 
3.19472 0.786579 
3.23757 0.797128 
3.18781 0.784877 
3.17804 0.782472 
3.10832 0.765306 
3.14025 0.773168 
3.13641 0.772223 
3.19022 0.78547 
3.13484 0.771837 
3.17295 0.781218 
3.18864 0.785083 
3.15854 0.77767 
3.22745 0.794638 
3.23452 0.796379 
3.24227 0.798285 
3.20552 0.789238 
3.20826 0.789913 
3.17704 0.782225 
3.17828 0.782532 
3.2047 0.789035 
3.20416 0.788904 
3.11736 0.767533 
3.16914 0.78028 
3.1941 0.786425 
3.18434 0.784023 
3.11845 0.7678 
3.096 0.762273 
3.03777 0.747936 
2.99733 0.73798 
3.00065 0.738797 
2.93565 0.722793 
2.90972 0.716407 
2.78352 0.685336 
2.72637 0.671266 
2.74181 0.675067 
2.63869 0.649677 
2.55231 0.628409 
2.48513 0.61187 
2.48314 0.611379 
2.51185 0.618447 
2.45503 0.604458 


4.52629 -0.0375626 
4.45962 -0.0370093 
4.45187 -0.0369449 
4.35217 -0.0361176 
4.15219 -0.034458 
4.21493 -0.0349787 
4.13665 -0.0343291 
4.11701 -0.0341661 
4.13223 -0.0342924 
4.05952 -0.033689 
4.075 -0.0338174 
4.01187 -0.0332935 
4.03823 -0.0335123 
4.02506 -0.033403 
3.95783 -0.0328451 
4.00029 -0.0331974 
4.00143 -0.0332069 
4.02108 -0.03337 
4.0239 -0.0333934 
4.04625 -0.0335789 
4.07126 -0.0337864 
4.15475 -0.0344793 
4.20012 -0.0348558 
4.25829 -0.0353385 
4.31263 -0.0357895 
4.33967 -0.0360139 
4.34535 -0.036061 
4.41255 -0.0366187 
4.51621 -0.037479 
4.64434 -0.0385423 
4.73752 -0.0393155 
4.99106 -0.0414196 
5.09928 -0.0423177 
5.26308 -0.043677 
5.41788 -0.0449617 
5.6415 -0.0468175 
5.84114 -0.0484742 
5.84793 -0.0485305 
5.87469 -0.0487527 
5.91711 -0.0491047 
6.03078 -0.050048 
5.97417 -0.0495782 
6.04705 -0.050183 
6.06157 -0.0503035 
5.88132 -0.0488077 
5.8383 -0.0484506 
5.9465 -0.0493485 
5.76855 -0.0478718 
5.66051 -0.0469752 
5.71527 -0.0474296 
5.80415 -0.0481673 
5.81781 -0.0482806 
5.91239 -0.0490655 
5.92806 -0.0491955 
5.85822 -0.048616 
5.83278 -0.0484048 
5.91101 -0.0490541 
5.82017 -0.0483002 
5.80233 -0.0481522 
5.67504 -0.0470957 
5.73334 -0.0475795 
5.72633 -0.0475214 
5.82456 -0.0483366 
5.72347 -0.0474977 
5.79303 -0.048075 
5.82169 -0.0483128 
5.76672 -0.0478566 
5.89255 -0.0489008 
5.90546 -0.0490079 
5.91959 -0.0491252 
5.8525 -0.0485685 
5.85751 -0.04861 
5.8005 -0.048137 
5.80277 -0.0481558 
5.851 -0.048556 
5.85003 -0.048548 
5.69155 -0.0472328 
5.78608 -0.0480173 
5.83165 -0.0483954 
5.81383 -0.0482476 
5.69353 -0.0472493 
5.65255 -0.0469091 
5.54623 -0.0460268 
5.47241 -0.0454142 
5.47847 -0.0454645 
5.35979 -0.0444796 
5.31244 -0.0440866 
5.08203 -0.0421745 
4.97769 -0.0413087 
5.00588 -0.0415426 
4.81761 -0.0399801 
4.6599 -0.0386714 
4.53725 -0.0376536 
4.53361 -0.0376233 
4.58603 -0.0380583 
4.48229 -0.0371974 


21.5046 2.01899 
21.1878 1.98925 
21.151 1.98579 
20.6773 1.94132 
19.7272 1.85212 
20.0253 1.88011 
19.6534 1.84519 
19.5601 1.83643 
19.6324 1.84322 
19.2869 1.81078 
19.3605 1.81769 
19.0605 1.78953 
19.1858 1.80129 
19.1232 1.79541 
18.8038 1.76542 
19.0055 1.78436 
19.0109 1.78487 
19.1043 1.79363 
19.1177 1.7949 
19.2239 1.80486 
19.3427 1.81602 
19.7394 1.85326 
19.9549 1.8735 
20.2313 1.89944 
20.4895 1.92369 
20.6179 1.93574 
20.6449 1.93828 
20.9642 1.96826 
21.4567 2.01449 
22.0654 2.07165 
22.5081 2.11321 
23.7127 2.2263 
24.2269 2.27458 
25.0051 2.34764 
25.7405 2.41669 
26.803 2.51644 
27.7515 2.60549 
27.7837 2.60851 
27.9109 2.62045 
28.1124 2.63937 
28.6525 2.69008 
28.3835 2.66483 
28.7298 2.69734 
28.7988 2.70381 
27.9424 2.62341 
27.738 2.60422 
28.252 2.65248 
27.4066 2.57311 
26.8933 2.52492 
27.1535 2.54934 
27.5758 2.58899 
27.6406 2.59508 
28.09 2.63727 
28.1645 2.64426 
27.8326 2.61311 
27.7118 2.60176 
28.0834 2.63666 
27.6518 2.59613 
27.5671 2.58818 
26.9623 2.5314 
27.2393 2.5574 
27.206 2.55428 
27.6727 2.59809 
27.1924 2.553 
27.5229 2.58403 
27.6591 2.59681 
27.3979 2.57229 
27.9957 2.62842 
28.0571 2.63418 
28.1242 2.64048 
27.8055 2.61056 
27.8293 2.61279 
27.5584 2.58736 
27.5692 2.58837 
27.7983 2.60988 
27.7937 2.60945 
27.0408 2.53876 
27.4899 2.58093 
27.7064 2.60125 
27.6217 2.59331 
27.0502 2.53965 
26.8555 2.52136 
26.3503 2.47394 
25.9996 2.44101 
26.0284 2.44371 
25.4645 2.39078 
25.2396 2.36965 
24.1449 2.26688 
23.6492 2.22034 
23.7831 2.23291 
22.8886 2.14893 
22.1393 2.07859 
21.5567 2.02388 
21.5393 2.02225 
21.7884 2.04563 
21.2955 1.99936 


27.8432 7.04298 
27.4331 6.93924 
27.3854 6.92718 
26.7722 6.77205 
25.542 6.46088 
25.928 6.55851 
25.4464 6.4367 
25.3256 6.40613 
25.4192 6.42983 
24.9719 6.31668 
25.0671 6.34076 
24.6788 6.24253 
24.841 6.28356 
24.7599 6.26305 
24.3464 6.15845 
24.6076 6.22451 
24.6146 6.22628 
24.7355 6.25687 
24.7529 6.26126 
24.8903 6.29603 
25.0442 6.33495 
25.5577 6.46486 
25.8369 6.53546 
26.1947 6.62597 
26.529 6.71053 
26.6953 6.7526 
26.7302 6.76144 
27.1436 6.86601 
27.7813 7.0273 
28.5694 7.22667 
29.1426 7.37166 
30.7023 7.76618 
31.368 7.93457 
32.3756 8.18944 
33.3278 8.43031 
34.7034 8.77827 
35.9315 9.08891 
35.9732 9.09947 
36.1379 9.14112 
36.3988 9.20712 
37.0981 9.384 
36.7498 9.2959 
37.1981 9.40931 
37.2875 9.43191 
36.1787 9.15143 
35.914 9.0845 
36.5796 9.25285 
35.485 8.97596 
34.8204 8.80785 
35.1572 8.89306 
35.704 9.03136 
35.788 9.05261 
36.3698 9.19977 
36.4662 9.22417 
36.0366 9.11549 
35.8801 9.07591 
36.3613 9.19763 
35.8025 9.05628 
35.6928 9.02853 
34.9097 8.83045 
35.2683 8.92117 
35.2252 8.91026 
35.8295 9.06311 
35.2076 8.90581 
35.6356 9.01405 
35.8119 9.05865 
35.4737 8.97311 
36.2477 9.1689 
36.3271 9.18899 
36.4141 9.21098 
36.0014 9.10659 
36.0322 9.11438 
35.6815 9.02568 
35.6955 9.02921 
35.9921 9.10425 
35.9862 9.10274 
35.0113 8.85615 
35.5928 9.00323 
35.8731 9.07414 
35.7635 9.04642 
35.0235 8.85923 
34.7714 8.79546 
34.1174 8.63002 
33.6632 8.51515 
33.7005 8.52458 
32.9705 8.33992 
32.6792 8.26624 
31.2618 7.90772 
30.62 7.74537 
30.7935 7.78924 
29.6353 7.49628 
28.6651 7.25088 
27.9107 7.06004 
27.8883 7.05437 
28.2107 7.13593 
27.5726 6.97451 


0.939064 0.939064 
0.925233 0.925233 
0.923624 0.923624 
0.90294 0.90294 
0.86145 0.86145 
0.874467 0.874467 
0.858226 0.858226 
0.854151 0.854151 
0.85731 0.85731 
0.842224 0.842224 
0.845435 0.845435 
0.832337 0.832337 
0.837808 0.837808 
0.835074 0.835074 
0.821126 0.821126 
0.829935 0.829935 
0.830171 0.830171 
0.834249 0.834249 
0.834835 0.834835 
0.839471 0.839471 
0.84466 0.84466 
0.861981 0.861981 
0.871395 0.871395 
0.883463 0.883463 
0.894737 0.894737 
0.900346 0.900346 
0.901525 0.901525 
0.915467 0.915467 
0.936974 0.936974 
0.963556 0.963556 
0.982888 0.982888 
1.03549 1.03549 
1.05794 1.05794 
1.09193 1.09193 
1.12404 1.12404 
1.17044 1.17044 
1.21185 1.21185 
1.21326 1.21326 
1.21882 1.21882 
1.22762 1.22762 
1.2512 1.2512 
1.23945 1.23945 
1.25458 1.25458 
1.25759 1.25759 
1.22019 1.22019 
1.21127 1.21127 
1.23371 1.23371 
1.1968 1.1968 
1.17438 1.17438 
1.18574 1.18574 
1.20418 1.20418 
1.20701 1.20701 
1.22664 1.22664 
1.22989 1.22989 
1.2154 1.2154 
1.21012 1.21012 
1.22635 1.22635 
1.2075 1.2075 
1.2038 1.2038 
1.17739 1.17739 
1.18949 1.18949 
1.18804 1.18804 
1.20842 1.20842 
1.18744 1.18744 
1.20187 1.20187 
1.20782 1.20782 
1.19642 1.19642 
1.22252 1.22252 
1.2252 1.2252 
1.22813 1.22813 
1.21421 1.21421 
1.21525 1.21525 
1.20342 1.20342 
1.20389 1.20389 
1.2139 1.2139 
1.2137 1.2137 
1.18082 1.18082 
1.20043 1.20043 
1.20989 1.20989 
1.20619 1.20619 
1.18123 1.18123 
1.17273 1.17273 
1.15067 1.15067 
1.13535 1.13535 
1.13661 1.13661 
1.11199 1.11199 
1.10217 1.10217 
1.05436 1.05436 
1.03272 1.03272 
1.03857 1.03857 
0.999504 0.999504 
0.966784 0.966784 
0.941339 0.941339 
0.940582 0.940582 
0.951457 0.951457 
0.929935 0.929935 


8.64878 1.47433 
8.52139 1.45262 
8.50657 1.45009 
8.31608 1.41762 
7.93395 1.35248 
8.05385 1.37291 
7.90426 1.34742 
7.86673 1.34102 
7.89583 1.34598 
7.75688 1.32229 
7.78646 1.32733 
7.66583 1.30677 
7.71621 1.31536 
7.69103 1.31107 
7.56257 1.28917 
7.6437 1.303 
7.64588 1.30337 
7.68343 1.30977 
7.68883 1.31069 
7.73153 1.31797 
7.77932 1.32612 
7.93885 1.35331 
8.02555 1.36809 
8.13669 1.38704 
8.24053 1.40474 
8.29219 1.41354 
8.30305 1.41539 
8.43146 1.43728 
8.62953 1.47105 
8.87435 1.51278 
9.05239 1.54313 
9.53686 1.62572 
9.74365 1.66097 
10.0566 1.71432 
10.3524 1.76474 
10.7797 1.83758 
11.1612 1.90261 
11.1741 1.90482 
11.2253 1.91354 
11.3063 1.92736 
11.5236 1.96438 
11.4154 1.94594 
11.5546 1.96968 
11.5824 1.97441 
11.238 1.9157 
11.1558 1.90169 
11.3625 1.93693 
11.0225 1.87897 
10.816 1.84378 
10.9207 1.86161 
11.0905 1.89056 
11.1166 1.89501 
11.2973 1.92582 
11.3273 1.93093 
11.1938 1.90818 
11.1452 1.89989 
11.2947 1.92537 
11.1211 1.89578 
11.087 1.88997 
10.8438 1.84851 
10.9552 1.8675 
10.9418 1.86521 
11.1295 1.89721 
10.9363 1.86428 
11.0693 1.88694 
11.124 1.89628 
11.019 1.87837 
11.2594 1.91936 
11.2841 1.92356 
11.3111 1.92817 
11.1829 1.90631 
11.1925 1.90794 
11.0835 1.88938 
11.0879 1.89012 
11.18 1.90582 
11.1782 1.90551 
10.8754 1.85389 
11.056 1.88468 
11.143 1.89952 
11.109 1.89372 
10.8791 1.85453 
10.8008 1.84118 
10.5977 1.80655 
10.4566 1.78251 
10.4682 1.78448 
10.2414 1.74582 
10.1509 1.7304 
9.71068 1.65535 
9.51132 1.62136 
9.56518 1.63055 
9.20543 1.56922 
8.90408 1.51785 
8.66973 1.4779 
8.66276 1.47671 
8.76292 1.49379 
8.5647 1.46 


0.939064 0.939064 
0.925233 0.925233 
0.923624 0.923624 
0.90294 0.90294 
0.86145 0.86145 
0.874467 0.874467 
0.858226 0.858226 
0.854151 0.854151 
0.85731 0.85731 
0.842224 0.842224 
0.845435 0.845435 
0.832337 0.832337 
0.837808 0.837808 
0.835074 0.835074 
0.821126 0.821126 
0.829935 0.829935 
0.830171 0.830171 
0.834249 0.834249 
0.834835 0.834835 
0.839471 0.839471 
0.84466 0.84466 
0.861981 0.861981 
0.871395 0.871395 
0.883463 0.883463 
0.894737 0.894737 
0.900346 0.900346 
0.901525 0.901525 
0.915467 0.915467 
0.936974 0.936974 
0.963556 0.963556 
0.982888 0.982888 
1.03549 1.03549 
1.05794 1.05794 
1.09193 1.09193 
1.12404 1.12404 
1.17044 1.17044 
1.21185 1.21185 
1.21326 1.21326 
1.21882 1.21882 
1.22762 1.22762 
1.2512 1.2512 
1.23945 1.23945 
1.25458 1.25458 
1.25759 1.25759 
1.22019 1.22019 
1.21127 1.21127 
1.23371 1.23371 
1.1968 1.1968 
1.17438 1.17438 
1.18574 1.18574 
1.20418 1.20418 
1.20701 1.20701 
1.22664 1.22664 
1.22989 1.22989 
1.2154 1.2154 
1.21012 1.21012 
1.22635 1.22635 
1.2075 1.2075 
1.2038 1.2038 
1.17739 1.17739 
1.18949 1.18949 
1.18804 1.18804 
1.20842 1.20842 
1.18744 1.18744 
1.20187 1.20187 
1.20782 1.20782 
1.19642 1.19642 
1.22252 1.22252 
1.2252 1.2252 
1.22813 1.22813 
1.21421 1.21421 
1.21525 1.21525 
1.20342 1.20342 
1.20389 1.20389 
1.2139 1.2139 
1.2137 1.2137 
1.18082 1.18082 
1.20043 1.20043 
1.20989 1.20989 
1.20619 1.20619 
1.18123 1.18123 
1.17273 1.17273 
1.15067 1.15067 
1.13535 1.13535 
1.13661 1.13661 
1.11199 1.11199 
1.10217 1.10217 
1.05436 1.05436 
1.03272 1.03272 
1.03857 1.03857 
0.999504 0.999504 
0.966784 0.966784 
0.941339 0.941339 
0.940582 0.940582 
0.951457 0.951457 
0.929935 0.929935 


21.5046 2.01899 
21.1878 1.98925 
21.151 1.98579 
20.6773 1.94132 
19.7272 1.85212 
20.0253 1.88011 
19.6534 1.84519 
19.5601 1.83643 
19.6324 1.84322 
19.2869 1.81078 
19.3605 1.81769 
19.0605 1.78953 
19.1858 1.80129 
19.1232 1.79541 
18.8038 1.76542 
19.0055 1.78436 
19.0109 1.78487 
19.1043 1.79363 
19.1177 1.7949 
19.2239 1.80486 
19.3427 1.81602 
19.7394 1.85326 
19.9549 1.8735 
20.2313 1.89944 
20.4895 1.92369 
20.6179 1.93574 
20.6449 1.93828 
20.9642 1.96826 
21.4567 2.01449 
22.0654 2.07165 
22.5081 2.11321 
23.7127 2.2263 
24.2269 2.27458 
25.0051 2.34764 
25.7405 2.41669 
26.803 2.51644 
27.7515 2.60549 
27.7837 2.60851 
27.9109 2.62045 
28.1124 2.63937 
28.6525 2.69008 
28.3835 2.66483 
28.7298 2.69734 
28.7988 2.70381 
27.9424 2.62341 
27.738 2.60422 
28.252 2.65248 
27.4066 2.57311 
26.8933 2.52492 
27.1535 2.54934 
27.5758 2.58899 
27.6406 2.59508 
28.09 2.63727 
28.1645 2.64426 
27.8326 2.61311 
27.7118 2.60176 
28.0834 2.63666 
27.6518 2.59613 
27.5671 2.58818 
26.9623 2.5314 
27.2393 2.5574 
27.206 2.55428 
27.6727 2.59809 
27.1924 2.553 
27.5229 2.58403 
27.6591 2.59681 
27.3979 2.57229 
27.9957 2.62842 
28.0571 2.63418 
28.1242 2.64048 
27.8055 2.61056 
27.8293 2.61279 
27.5584 2.58736 
27.5692 2.58837 
27.7983 2.60988 
27.7937 2.60945 
27.0408 2.53876 
27.4899 2.58093 
27.7064 2.60125 
27.6217 2.59331 
27.0502 2.53965 
26.8555 2.52136 
26.3503 2.47394 
25.9996 2.44101 
26.0284 2.44371 
25.4645 2.39078 
25.2396 2.36965 
24.1449 2.26688 
23.6492 2.22034 
23.7831 2.23291 
22.8886 2.14893 
22.1393 2.07859 
21.5567 2.02388 
21.5393 2.02225 
21.7884 2.04563 
21.2955 1.99936 


10.1888 2.11289 
10.0388 2.08177 
10.0213 2.07815 
9.7969 2.03161 
9.34673 1.93826 
9.48797 1.96755 
9.31175 1.93101 
9.26754 1.92184 
9.30181 1.92895 
9.13813 1.895 
9.17297 1.90223 
9.03086 1.87276 
9.09021 1.88507 
9.06055 1.87892 
8.90922 1.84753 
9.00479 1.86735 
9.00736 1.86789 
9.0516 1.87706 
9.05796 1.87838 
9.10826 1.88881 
9.16456 1.90049 
9.3525 1.93946 
9.45464 1.96064 
9.58557 1.98779 
9.7079 2.01316 
9.76876 2.02578 
9.78155 2.02843 
9.93282 2.0598 
10.1662 2.10819 
10.4546 2.168 
10.6643 2.2115 
11.2351 2.32985 
11.4787 2.38037 
11.8474 2.45683 
12.1958 2.52909 
12.6992 2.63348 
13.1486 2.72667 
13.1639 2.72984 
13.2242 2.74234 
13.3196 2.76214 
13.5755 2.8152 
13.4481 2.78877 
13.6121 2.82279 
13.6448 2.82957 
13.2391 2.74543 
13.1422 2.72535 
13.3858 2.77586 
12.9852 2.69279 
12.742 2.64235 
12.8653 2.66792 
13.0654 2.70941 
13.0961 2.71578 
13.309 2.75993 
13.3443 2.76725 
13.1871 2.73465 
13.1298 2.72277 
13.3059 2.75929 
13.1014 2.71688 
13.0613 2.70856 
12.7747 2.64914 
12.906 2.67635 
12.8902 2.67308 
13.1113 2.71893 
12.8837 2.67174 
13.0403 2.70422 
13.1048 2.71759 
12.9811 2.69193 
13.2643 2.75067 
13.2934 2.7567 
13.3252 2.7633 
13.1742 2.73198 
13.1855 2.73432 
13.0571 2.7077 
13.0623 2.70876 
13.1708 2.73128 
13.1686 2.73082 
12.8119 2.65685 
13.0247 2.70097 
13.1273 2.72224 
13.0871 2.71392 
12.8164 2.65777 
12.7241 2.63864 
12.4848 2.58901 
12.3186 2.55455 
12.3322 2.55738 
12.0651 2.50197 
11.9585 2.47987 
11.4398 2.37232 
11.205 2.32361 
11.2684 2.33677 
10.8446 2.24888 
10.4896 2.17526 
10.2135 2.11801 
10.2053 2.11631 
10.3233 2.14078 
10.0898 2.09235 


10.1888 2.11289 
10.0388 2.08177 
10.0213 2.07815 
9.7969 2.03161 
9.34673 1.93826 
9.48797 1.96755 
9.31175 1.93101 
9.26754 1.92184 
9.30181 1.92895 
9.13813 1.895 
9.17297 1.90223 
9.03086 1.87276 
9.09021 1.88507 
9.06055 1.87892 
8.90922 1.84753 
9.00479 1.86735 
9.00736 1.86789 
9.0516 1.87706 
9.05796 1.87838 
9.10826 1.88881 
9.16456 1.90049 
9.3525 1.93946 
9.45464 1.96064 
9.58557 1.98779 
9.7079 2.01316 
9.76876 2.02578 
9.78155 2.02843 
9.93282 2.0598 
10.1662 2.10819 
10.4546 2.168 
10.6643 2.2115 
11.2351 2.32985 
11.4787 2.38037 
11.8474 2.45683 
12.1958 2.52909 
12.6992 2.63348 
13.1486 2.72667 
13.1639 2.72984 
13.2242 2.74234 
13.3196 2.76214 
13.5755 2.8152 
13.4481 2.78877 
13.6121 2.82279 
13.6448 2.82957 
13.2391 2.74543 
13.1422 2.72535 
13.3858 2.77586 
12.9852 2.69279 
12.742 2.64235 
12.8653 2.66792 
13.0654 2.70941 
13.0961 2.71578 
13.309 2.75993 
13.3443 2.76725 
13.1871 2.73465 
13.1298 2.72277 
13.3059 2.75929 
13.1014 2.71688 
13.0613 2.70856 
12.7747 2.64914 
12.906 2.67635 
12.8902 2.67308 
13.1113 2.71893 
12.8837 2.67174 
13.0403 2.70422 
13.1048 2.71759 
12.9811 2.69193 
13.2643 2.75067 
13.2934 2.7567 
13.3252 2.7633 
13.1742 2.73198 
13.1855 2.73432 
13.0571 2.7077 
13.0623 2.70876 
13.1708 2.73128 
13.1686 2.73082 
12.8119 2.65685 
13.0247 2.70097 
13.1273 2.72224 
13.0871 2.71392 
12.8164 2.65777 
12.7241 2.63864 
12.4848 2.58901 
12.3186 2.55455 
12.3322 2.55738 
12.0651 2.50197 
11.9585 2.47987 
11.4398 2.37232 
11.205 2.32361 
11.2684 2.33677 
10.8446 2.24888 
10.4896 2.17526 
10.2135 2.11801 
10.2053 2.11631 
10.3233 2.14078 
10.0898 2.09235 


22.5375 11.2688 
22.2056 11.1028 
22.167 11.0835 
21.6706 10.8353 
20.6748 10.3374 
20.9872 10.4936 
20.5974 10.2987 
20.4996 10.2498 
20.5754 10.2877 
20.2134 10.1067 
20.2904 10.1452 
19.9761 9.98805 
20.1074 10.0537 
20.0418 10.0209 
19.707 9.85351 
19.9184 9.95922 
19.9241 9.96205 
20.022 10.011 
20.036 10.018 
20.1473 10.0737 
20.2718 10.1359 
20.6876 10.3438 
20.9135 10.4567 
21.2031 10.6016 
21.4737 10.7369 
21.6083 10.8042 
21.6366 10.8183 
21.9712 10.9856 
22.4874 11.2437 
23.1254 11.5627 
23.5893 11.7947 
24.8518 12.4259 
25.3906 12.6953 
26.2062 13.1031 
26.977 13.4885 
28.0905 14.0452 
29.0845 14.5423 
29.1183 14.5591 
29.2516 14.6258 
29.4628 14.7314 
30.0288 15.0144 
29.7469 14.8734 
30.1098 15.0549 
30.1821 15.0911 
29.2846 14.6423 
29.0704 14.5352 
29.6091 14.8046 
28.7231 14.3615 
28.1851 14.0926 
28.4578 14.2289 
28.9004 14.4502 
28.9684 14.4842 
29.4393 14.7196 
29.5173 14.7587 
29.1696 14.5848 
29.0429 14.5215 
29.4324 14.7162 
28.9801 14.49 
28.8913 14.4456 
28.2574 14.1287 
28.5477 14.2739 
28.5128 14.2564 
29.002 14.501 
28.4986 14.2493 
28.845 14.4225 
28.9877 14.4938 
28.714 14.357 
29.3405 14.6702 
29.4048 14.7024 
29.4751 14.7376 
29.1411 14.5705 
29.166 14.583 
28.8822 14.4411 
28.8935 14.4467 
29.1336 14.5668 
29.1288 14.5644 
28.3397 14.1698 
28.8104 14.4052 
29.0372 14.5186 
28.9485 14.4743 
28.3496 14.1748 
28.1455 14.0727 
27.6161 13.808 
27.2485 13.6242 
27.2787 13.6393 
26.6877 13.3439 
26.452 13.226 
25.3047 12.6524 
24.7852 12.3926 
24.9256 12.4628 
23.9881 11.994 
23.2028 11.6014 
22.5921 11.2961 
22.574 11.287 
22.835 11.4175 
22.3184 11.1592 


27.8432 7.04298 
27.4331 6.93924 
27.3854 6.92718 
26.7722 6.77205 
25.542 6.46088 
25.928 6.55851 
25.4464 6.4367 
25.3256 6.40613 
25.4192 6.42983 
24.9719 6.31668 
25.0671 6.34076 
24.6788 6.24253 
24.841 6.28356 
24.7599 6.26305 
24.3464 6.15845 
24.6076 6.22451 
24.6146 6.22628 
24.7355 6.25687 
24.7529 6.26126 
24.8903 6.29603 
25.0442 6.33495 
25.5577 6.46486 
25.8369 6.53546 
26.1947 6.62597 
26.529 6.71053 
26.6953 6.7526 
26.7302 6.76144 
27.1436 6.86601 
27.7813 7.0273 
28.5694 7.22667 
29.1426 7.37166 
30.7023 7.76618 
31.368 7.93457 
32.3756 8.18944 
33.3278 8.43031 
34.7034 8.77827 
35.9315 9.08891 
35.9732 9.09947 
36.1379 9.14112 
36.3988 9.20712 
37.0981 9.384 
36.7498 9.2959 
37.1981 9.40931 
37.2875 9.43191 
36.1787 9.15143 
35.914 9.0845 
36.5796 9.25285 
35.485 8.97596 
34.8204 8.80785 
35.1572 8.89306 
35.704 9.03136 
35.788 9.05261 
36.3698 9.19977 
36.4662 9.22417 
36.0366 9.11549 
35.8801 9.07591 
36.3613 9.19763 
35.8025 9.05628 
35.6928 9.02853 
34.9097 8.83045 
35.2683 8.92117 
35.2252 8.91026 
35.8295 9.06311 
35.2076 8.90581 
35.6356 9.01405 
35.8119 9.05865 
35.4737 8.97311 
36.2477 9.1689 
36.3271 9.18899 
36.4141 9.21098 
36.0014 9.10659 
36.0322 9.11438 
35.6815 9.02568 
35.6955 9.02921 
35.9921 9.10425 
35.9862 9.10274 
35.0113 8.85615 
35.5928 9.00323 
35.8731 9.07414 
35.7635 9.04642 
35.0235 8.85923 
34.7714 8.79546 
34.1174 8.63002 
33.6632 8.51515 
33.7005 8.52458 
32.9705 8.33992 
32.6792 8.26624 
31.2618 7.90772 
30.62 7.74537 
30.7935 7.78924 
29.6353 7.49628 
28.6651 7.25088 
27.9107 7.06004 
27.8883 7.05437 
28.2107 7.13593 
27.5726 6.97451 


0.939064 0.939064 
0.925233 0.925233 
0.923624 0.923624 
0.90294 0.90294 
0.86145 0.86145 
0.874467 0.874467 
0.858226 0.858226 
0.854151 0.854151 
0.85731 0.85731 
0.842224 0.842224 
0.845435 0.845435 
0.832337 0.832337 
0.837808 0.837808 
0.835074 0.835074 
0.821126 0.821126 
0.829935 0.829935 
0.830171 0.830171 
0.834249 0.834249 
0.834835 0.834835 
0.839471 0.839471 
0.84466 0.84466 
0.861981 0.861981 
0.871395 0.871395 
0.883463 0.883463 
0.894737 0.894737 
0.900346 0.900346 
0.901525 0.901525 
0.915467 0.915467 
0.936974 0.936974 
0.963556 0.963556 
0.982888 0.982888 
1.03549 1.03549 
1.05794 1.05794 
1.09193 1.09193 
1.12404 1.12404 
1.17044 1.17044 
1.21185 1.21185 
1.21326 1.21326 
1.21882 1.21882 
1.22762 1.22762 
1.2512 1.2512 
1.23945 1.23945 
1.25458 1.25458 
1.25759 1.25759 
1.22019 1.22019 
1.21127 1.21127 
1.23371 1.23371 
1.1968 1.1968 
1.17438 1.17438 
1.18574 1.18574 
1.20418 1.20418 
1.20701 1.20701 
1.22664 1.22664 
1.22989 1.22989 
1.2154 1.2154 
1.21012 1.21012 
1.22635 1.22635 
1.2075 1.2075 
1.2038 1.2038 
1.17739 1.17739 
1.18949 1.18949 
1.18804 1.18804 
1.20842 1.20842 
1.18744 1.18744 
1.20187 1.20187 
1.20782 1.20782 
1.19642 1.19642 
1.22252 1.22252 
1.2252 1.2252 
1.22813 1.22813 
1.21421 1.21421 
1.21525 1.21525 
1.20342 1.20342 
1.20389 1.20389 
1.2139 1.2139 
1.2137 1.2137 
1.18082 1.18082 
1.20043 1.20043 
1.20989 1.20989 
1.20619 1.20619 
1.18123 1.18123 
1.17273 1.17273 
1.15067 1.15067 
1.13535 1.13535 
1.13661 1.13661 
1.11199 1.11199 
1.10217 1.10217 
1.05436 1.05436 
1.03272 1.03272 
1.03857 1.03857 
0.999504 0.999504 
0.966784 0.966784 
0.941339 0.941339 
0.940582 0.940582 
0.951457 0.951457 
0.929935 0.929935 


14.7151 2.07533 
14.4984 2.04476 
14.4732 2.04121 
14.1491 1.9955 
13.4989 1.9038 
13.7029 1.93257 
13.4484 1.89668 
13.3846 1.88767 
13.434 1.89466 
13.1976 1.86131 
13.248 1.86841 
13.0427 1.83947 
13.1284 1.85155 
13.0856 1.84551 
12.867 1.81469 
13.0051 1.83416 
13.0088 1.83468 
13.0727 1.84369 
13.0819 1.84499 
13.1545 1.85523 
13.2358 1.8667 
13.5072 1.90498 
13.6548 1.92578 
13.8439 1.95245 
14.0205 1.97737 
14.1084 1.98977 
14.1269 1.99237 
14.3454 2.02318 
14.6824 2.07071 
15.0989 2.12946 
15.4018 2.17218 
16.2261 2.28843 
16.578 2.33805 
17.1105 2.41315 
17.6137 2.48413 
18.3407 2.58666 
18.9898 2.6782 
19.0118 2.68131 
19.0989 2.69358 
19.2367 2.71303 
19.6063 2.76515 
19.4222 2.73919 
19.6592 2.77261 
19.7064 2.77927 
19.1204 2.69662 
18.9805 2.6769 
19.3323 2.72651 
18.7538 2.64492 
18.4025 2.59538 
18.5806 2.62049 
18.8695 2.66124 
18.9139 2.6675 
19.2214 2.71087 
19.2724 2.71805 
19.0453 2.68603 
18.9626 2.67437 
19.2169 2.71024 
18.9216 2.66858 
18.8636 2.66041 
18.4498 2.60204 
18.6393 2.62877 
18.6165 2.62556 
18.9359 2.6706 
18.6072 2.62425 
18.8334 2.65614 
18.9265 2.66928 
18.7478 2.64408 
19.1569 2.70177 
19.1989 2.70769 
19.2448 2.71417 
19.0267 2.68341 
19.043 2.68571 
18.8577 2.65957 
18.865 2.66061 
19.0218 2.68272 
19.0187 2.68227 
18.5034 2.60961 
18.8108 2.65295 
18.9589 2.67385 
18.901 2.66568 
18.5099 2.61052 
18.3766 2.59173 
18.031 2.54298 
17.791 2.50913 
17.8107 2.51191 
17.4249 2.4575 
17.2709 2.43578 
16.5219 2.33014 
16.1827 2.2823 
16.2743 2.29523 
15.6622 2.2089 
15.1495 2.13659 
14.7508 2.08036 
14.7389 2.07869 
14.9093 2.10272 
14.5721 2.05516 


0.939064 0.939064 
0.925233 0.925233 
0.923624 0.923624 
0.90294 0.90294 
0.86145 0.86145 
0.874467 0.874467 
0.858226 0.858226 
0.854151 0.854151 
0.85731 0.85731 
0.842224 0.842224 
0.845435 0.845435 
0.832337 0.832337 
0.837808 0.837808 
0.835074 0.835074 
0.821126 0.821126 
0.829935 0.829935 
0.830171 0.830171 
0.834249 0.834249 
0.834835 0.834835 
0.839471 0.839471 
0.84466 0.84466 
0.861981 0.861981 
0.871395 0.871395 
0.883463 0.883463 
0.894737 0.894737 
0.900346 0.900346 
0.901525 0.901525 
0.915467 0.915467 
0.936974 0.936974 
0.963556 0.963556 
0.982888 0.982888 
1.03549 1.03549 
1.05794 1.05794 
1.09193 1.09193 
1.12404 1.12404 
1.17044 1.17044 
1.21185 1.21185 
1.21326 1.21326 
1.21882 1.21882 
1.22762 1.22762 
1.2512 1.2512 
1.23945 1.23945 
1.25458 1.25458 
1.25759 1.25759 
1.22019 1.22019 
1.21127 1.21127 
1.23371 1.23371 
1.1968 1.1968 
1.17438 1.17438 
1.18574 1.18574 
1.20418 1.20418 
1.20701 1.20701 
1.22664 1.22664 
1.22989 1.22989 
1.2154 1.2154 
1.21012 1.21012 
1.22635 1.22635 
1.2075 1.2075 
1.2038 1.2038 
1.17739 1.17739 
1.18949 1.18949 
1.18804 1.18804 
1.20842 1.20842 
1.18744 1.18744 
1.20187 1.20187 
1.20782 1.20782 
1.19642 1.19642 
1.22252 1.22252 
1.2252 1.2252 
1.22813 1.22813 
1.21421 1.21421 
1.21525 1.21525 
1.20342 1.20342 
1.20389 1.20389 
1.2139 1.2139 
1.2137 1.2137 
1.18082 1.18082 
1.20043 1.20043 
1.20989 1.20989 
1.20619 1.20619 
1.18123 1.18123 
1.17273 1.17273 
1.15067 1.15067 
1.13535 1.13535 
1.13661 1.13661 
1.11199 1.11199 
1.10217 1.10217 
1.05436 1.05436 
1.03272 1.03272 
1.03857 1.03857 
0.999504 0.999504 
0.966784 0.966784 
0.941339 0.941339 
0.940582 0.940582 
0.951457 0.951457 
0.929935 0.929935 


14.5085 0.657345 
14.2948 0.647663 
14.27 0.646537 
13.9504 0.632058 
13.3094 0.603015 
13.5105 0.612127 
13.2596 0.600758 
13.1966 0.597906 
13.2454 0.600117 
13.0124 0.589557 
13.062 0.591804 
12.8596 0.582636 
12.9441 0.586465 
12.9019 0.584552 
12.6864 0.574788 
12.8225 0.580954 
12.8261 0.58112 
12.8891 0.583974 
12.8982 0.584384 
12.9698 0.58763 
13.05 0.591262 
13.3176 0.603387 
13.4631 0.609977 
13.6495 0.618424 
13.8237 0.626316 
13.9103 0.630242 
13.9286 0.631068 
14.144 0.640827 
14.4762 0.655882 
14.8869 0.674489 
15.1856 0.688021 
15.9983 0.724843 
16.3452 0.74056 
16.8702 0.764347 
17.3664 0.786829 
18.0832 0.819305 
18.7232 0.848298 
18.7449 0.849284 
18.8307 0.853171 
18.9667 0.859331 
19.331 0.87584 
19.1496 0.867618 
19.3832 0.878202 
19.4297 0.880311 
18.852 0.854134 
18.7141 0.847886 
19.0609 0.8636 
18.4905 0.837757 
18.1442 0.822066 
18.3197 0.830019 
18.6046 0.842927 
18.6484 0.84491 
18.9515 0.858645 
19.0018 0.860922 
18.7779 0.850779 
18.6964 0.847085 
18.9471 0.858446 
18.6559 0.845253 
18.5988 0.842663 
18.1907 0.824176 
18.3776 0.832642 
18.3551 0.831624 
18.67 0.84589 
18.346 0.831209 
18.5689 0.841312 
18.6608 0.845474 
18.4846 0.83749 
18.8879 0.855764 
18.9293 0.857639 
18.9746 0.859692 
18.7596 0.849949 
18.7756 0.850676 
18.5929 0.842397 
18.6002 0.842726 
18.7548 0.84973 
18.7516 0.849589 
18.2437 0.826574 
18.5467 0.840302 
18.6927 0.84692 
18.6356 0.844332 
18.25 0.826862 
18.1186 0.820909 
17.7779 0.805469 
17.5412 0.794748 
17.5606 0.795628 
17.1802 0.778392 
17.0284 0.771516 
16.2899 0.738054 
15.9555 0.722901 
16.0458 0.726995 
15.4423 0.699653 
14.9368 0.676749 
14.5437 0.658937 
14.532 0.658408 
14.7 0.66602 
14.3675 0.650954 


8.64878 1.47433 
8.52139 1.45262 
8.50657 1.45009 
8.31608 1.41762 
7.93395 1.35248 
8.05385 1.37291 
7.90426 1.34742 
7.86673 1.34102 
7.89583 1.34598 
7.75688 1.32229 
7.78646 1.32733 
7.66583 1.30677 
7.71621 1.31536 
7.69103 1.31107 
7.56257 1.28917 
7.6437 1.303 
7.64588 1.30337 
7.68343 1.30977 
7.68883 1.31069 
7.73153 1.31797 
7.77932 1.32612 
7.93885 1.35331 
8.02555 1.36809 
8.13669 1.38704 
8.24053 1.40474 
8.29219 1.41354 
8.30305 1.41539 
8.43146 1.43728 
8.62953 1.47105 
8.87435 1.51278 
9.05239 1.54313 
9.53686 1.62572 
9.74365 1.66097 
10.0566 1.71432 
10.3524 1.76474 
10.7797 1.83758 
11.1612 1.90261 
11.1741 1.90482 
11.2253 1.91354 
11.3063 1.92736 
11.5236 1.96438 
11.4154 1.94594 
11.5546 1.96968 
11.5824 1.97441 
11.238 1.9157 
11.1558 1.90169 
11.3625 1.93693 
11.0225 1.87897 
10.816 1.84378 
10.9207 1.86161 
11.0905 1.89056 
11.1166 1.89501 
11.2973 1.92582 
11.3273 1.93093 
11.1938 1.90818 
11.1452 1.89989 
11.2947 1.92537 
11.1211 1.89578 
11.087 1.88997 
10.8438 1.84851 
10.9552 1.8675 
10.9418 1.86521 
11.1295 1.89721 
10.9363 1.86428 
11.0693 1.88694 
11.124 1.89628 
11.019 1.87837 
11.2594 1.91936 
11.2841 1.92356 
11.3111 1.92817 
11.1829 1.90631 
11.1925 1.90794 
11.0835 1.88938 
11.0879 1.89012 
11.18 1.90582 
11.1782 1.90551 
10.8754 1.85389 
11.056 1.88468 
11.143 1.89952 
11.109 1.89372 
10.8791 1.85453 
10.8008 1.84118 
10.5977 1.80655 
10.4566 1.78251 
10.4682 1.78448 
10.2414 1.74582 
10.1509 1.7304 
9.71068 1.65535 
9.51132 1.62136 
9.56518 1.63055 
9.20543 1.56922 
8.90408 1.51785 
8.66973 1.4779 
8.66276 1.47671 
8.76292 1.49379 
8.5647 1.46 


8.64878 1.47433 
8.52139 1.45262 
8.50657 1.45009 
8.31608 1.41762 
7.93395 1.35248 
8.05385 1.37291 
7.90426 1.34742 
7.86673 1.34102 
7.89583 1.34598 
7.75688 1.32229 
7.78646 1.32733 
7.66583 1.30677 
7.71621 1.31536 
7.69103 1.31107 
7.56257 1.28917 
7.6437 1.303 
7.64588 1.30337 
7.68343 1.30977 
7.68883 1.31069 
7.73153 1.31797 
7.77932 1.32612 
7.93885 1.35331 
8.02555 1.36809 
8.13669 1.38704 
8.24053 1.40474 
8.29219 1.41354 
8.30305 1.41539 
8.43146 1.43728 
8.62953 1.47105 
8.87435 1.51278 
9.05239 1.54313 
9.53686 1.62572 
9.74365 1.66097 
10.0566 1.71432 
10.3524 1.76474 
10.7797 1.83758 
11.1612 1.90261 
11.1741 1.90482 
11.2253 1.91354 
11.3063 1.92736 
11.5236 1.96438 
11.4154 1.94594 
11.5546 1.96968 
11.5824 1.97441 
11.238 1.9157 
11.1558 1.90169 
11.3625 1.93693 
11.0225 1.87897 
10.816 1.84378 
10.9207 1.86161 
11.0905 1.89056 
11.1166 1.89501 
11.2973 1.92582 
11.3273 1.93093 
11.1938 1.90818 
11.1452 1.89989 
11.2947 1.92537 
11.1211 1.89578 
11.087 1.88997 
10.8438 1.84851 
10.9552 1.8675 
10.9418 1.86521 
11.1295 1.89721 
10.9363 1.86428 
11.0693 1.88694 
11.124 1.89628 
11.019 1.87837 
11.2594 1.91936 
11.2841 1.92356 
11.3111 1.92817 
11.1829 1.90631 
11.1925 1.90794 
11.0835 1.88938 
11.0879 1.89012 
11.18 1.90582 
11.1782 1.90551 
10.8754 1.85389 
11.056 1.88468 
11.143 1.89952 
11.109 1.89372 
10.8791 1.85453 
10.8008 1.84118 
10.5977 1.80655 
10.4566 1.78251 
10.4682 1.78448 
10.2414 1.74582 
10.1509 1.7304 
9.71068 1.65535 
9.51132 1.62136 
9.56518 1.63055 
9.20543 1.56922 
8.90408 1.51785 
8.66973 1.4779 
8.66276 1.47671 
8.76292 1.49379 
8.5647 1.46 


14.7151 2.07533 
14.4984 2.04476 
14.4732 2.04121 
14.1491 1.9955 
13.4989 1.9038 
13.7029 1.93257 
13.4484 1.89668 
13.3846 1.88767 
13.434 1.89466 
13.1976 1.86131 
13.248 1.86841 
13.0427 1.83947 
13.1284 1.85155 
13.0856 1.84551 
12.867 1.81469 
13.0051 1.83416 
13.0088 1.83468 
13.0727 1.84369 
13.0819 1.84499 
13.1545 1.85523 
13.2358 1.8667 
13.5072 1.90498 
13.6548 1.92578 
13.8439 1.95245 
14.0205 1.97737 
14.1084 1.98977 
14.1269 1.99237 
14.3454 2.02318 
14.6824 2.07071 
15.0989 2.12946 
15.4018 2.17218 
16.2261 2.28843 
16.578 2.33805 
17.1105 2.41315 
17.6137 2.48413 
18.3407 2.58666 
18.9898 2.6782 
19.0118 2.68131 
19.0989 2.69358 
19.2367 2.71303 
19.6063 2.76515 
19.4222 2.73919 
19.6592 2.77261 
19.7064 2.77927 
19.1204 2.69662 
18.9805 2.6769 
19.3323 2.72651 
18.7538 2.64492 
18.4025 2.59538 
18.5806 2.62049 
18.8695 2.66124 
18.9139 2.6675 
19.2214 2.71087 
19.2724 2.71805 
19.0453 2.68603 
18.9626 2.67437 
19.2169 2.71024 
18.9216 2.66858 
18.8636 2.66041 
18.4498 2.60204 
18.6393 2.62877 
18.6165 2.62556 
18.9359 2.6706 
18.6072 2.62425 
18.8334 2.65614 
18.9265 2.66928 
18.7478 2.64408 
19.1569 2.70177 
19.1989 2.70769 
19.2448 2.71417 
19.0267 2.68341 
19.043 2.68571 
18.8577 2.65957 
18.865 2.66061 
19.0218 2.68272 
19.0187 2.68227 
18.5034 2.60961 
18.8108 2.65295 
18.9589 2.67385 
18.901 2.66568 
18.5099 2.61052 
18.3766 2.59173 
18.031 2.54298 
17.791 2.50913 
17.8107 2.51191 
17.4249 2.4575 
17.2709 2.43578 
16.5219 2.33014 
16.1827 2.2823 
16.2743 2.29523 
15.6622 2.2089 
15.1495 2.13659 
14.7508 2.08036 
14.7389 2.07869 
14.9093 2.10272 
14.5721 2.05516 


0.939064 0.939064 
0.925233 0.925233 
0.923624 0.923624 
0.90294 0.90294 
0.86145 0.86145 
0.874467 0.874467 
0.858226 0.858226 
0.854151 0.854151 
0.85731 0.85731 
0.842224 0.842224 
0.845435 0.845435 
0.832337 0.832337 
0.837808 0.837808 
0.835074 0.835074 
0.821126 0.821126 
0.829935 0.829935 
0.830171 0.830171 
0.834249 0.834249 
0.834835 0.834835 
0.839471 0.839471 
0.84466 0.84466 
0.861981 0.861981 
0.871395 0.871395 
0.883463 0.883463 
0.894737 0.894737 
0.900346 0.900346 
0.901525 0.901525 
0.915467 0.915467 
0.936974 0.936974 
0.963556 0.963556 
0.982888 0.982888 
1.03549 1.03549 
1.05794 1.05794 
1.09193 1.09193 
1.12404 1.12404 
1.17044 1.17044 
1.21185 1.21185 
1.21326 1.21326 
1.21882 1.21882 
1.22762 1.22762 
1.2512 1.2512 
1.23945 1.23945 
1.25458 1.25458 
1.25759 1.25759 
1.22019 1.22019 
1.21127 1.21127 
1.23371 1.23371 
1.1968 1.1968 
1.17438 1.17438 
1.18574 1.18574 
1.20418 1.20418 
1.20701 1.20701 
1.22664 1.22664 
1.22989 1.22989 
1.2154 1.2154 
1.21012 1.21012 
1.22635 1.22635 
1.2075 1.2075 
1.2038 1.2038 
1.17739 1.17739 
1.18949 1.18949 
1.18804 1.18804 
1.20842 1.20842 
1.18744 1.18744 
1.20187 1.20187 
1.20782 1.20782 
1.19642 1.19642 
1.22252 1.22252 
1.2252 1.2252 
1.22813 1.22813 
1.21421 1.21421 
1.21525 1.21525 
1.20342 1.20342 
1.20389 1.20389 
1.2139 1.2139 
1.2137 1.2137 
1.18082 1.18082 
1.20043 1.20043 
1.20989 1.20989 
1.20619 1.20619 
1.18123 1.18123 
1.17273 1.17273 
1.15067 1.15067 
1.13535 1.13535 
1.13661 1.13661 
1.11199 1.11199 
1.10217 1.10217 
1.05436 1.05436 
1.03272 1.03272 
1.03857 1.03857 
0.999504 0.999504 
0.966784 0.966784 
0.941339 0.941339 
0.940582 0.940582 
0.951457 0.951457 
0.929935 0.929935 


8.51731 1.74666 
8.39186 1.72093 
8.37727 1.71794 
8.18967 1.67947 
7.81335 1.6023 
7.93142 1.62651 
7.78411 1.5963 
7.74715 1.58872 
7.7758 1.5946 
7.63897 1.56654 
7.6681 1.57251 
7.5493 1.54815 
7.59891 1.55832 
7.57412 1.55324 
7.44762 1.52729 
7.52751 1.54368 
7.52965 1.54412 
7.56664 1.5517 
7.57195 1.55279 
7.614 1.56142 
7.66107 1.57107 
7.81817 1.60329 
7.90355 1.62079 
8.013 1.64324 
8.11527 1.66421 
8.16614 1.67464 
8.17683 1.67684 
8.30329 1.70277 
8.49835 1.74277 
8.73946 1.79221 
8.91479 1.82817 
9.39189 1.92601 
9.59554 1.96777 
9.90376 2.03098 
10.1951 2.09072 
10.6159 2.17701 
10.9915 2.25405 
11.0043 2.25667 
11.0547 2.267 
11.1345 2.28337 
11.3484 2.32723 
11.2418 2.30538 
11.379 2.33351 
11.4063 2.33911 
11.0671 2.26956 
10.9862 2.25296 
11.1898 2.29471 
10.8549 2.22604 
10.6516 2.18435 
10.7547 2.20548 
10.9219 2.23978 
10.9476 2.24505 
11.1256 2.28154 
11.1551 2.28759 
11.0237 2.26064 
10.9758 2.25083 
11.123 2.28101 
10.9521 2.24596 
10.9185 2.23907 
10.679 2.18995 
10.7887 2.21245 
10.7755 2.20975 
10.9603 2.24765 
10.7701 2.20864 
10.901 2.23549 
10.9549 2.24655 
10.8515 2.22533 
11.0883 2.27389 
11.1126 2.27887 
11.1392 2.28432 
11.0129 2.25844 
11.0223 2.26037 
10.9151 2.23837 
10.9193 2.23924 
11.0101 2.25785 
11.0082 2.25748 
10.71 2.19633 
10.8879 2.2328 
10.9737 2.25039 
10.9401 2.24351 
10.7138 2.19709 
10.6366 2.18127 
10.4366 2.14025 
10.2977 2.11176 
10.3091 2.1141 
10.0857 2.0683 
9.99664 2.05003 
9.56307 1.96111 
9.36674 1.92085 
9.41978 1.93173 
9.0655 1.85908 
8.76873 1.79822 
8.53794 1.75089 
8.53108 1.74948 
8.62972 1.76971 
8.43451 1.72968 


0.939064 0.939064 
0.925233 0.925233 
0.923624 0.923624 
0.90294 0.90294 
0.86145 0.86145 
0.874467 0.874467 
0.858226 0.858226 
0.854151 0.854151 
0.85731 0.85731 
0.842224 0.842224 
0.845435 0.845435 
0.832337 0.832337 
0.837808 0.837808 
0.835074 0.835074 
0.821126 0.821126 
0.829935 0.829935 
0.830171 0.830171 
0.834249 0.834249 
0.834835 0.834835 
0.839471 0.839471 
0.84466 0.84466 
0.861981 0.861981 
0.871395 0.871395 
0.883463 0.883463 
0.894737 0.894737 
0.900346 0.900346 
0.901525 0.901525 
0.915467 0.915467 
0.936974 0.936974 
0.963556 0.963556 
0.982888 0.982888 
1.03549 1.03549 
1.05794 1.05794 
1.09193 1.09193 
1.12404 1.12404 
1.17044 1.17044 
1.21185 1.21185 
1.21326 1.21326 
1.21882 1.21882 
1.22762 1.22762 
1.2512 1.2512 
1.23945 1.23945 
1.25458 1.25458 
1.25759 1.25759 
1.22019 1.22019 
1.21127 1.21127 
1.23371 1.23371 
1.1968 1.1968 
1.17438 1.17438 
1.18574 1.18574 
1.20418 1.20418 
1.20701 1.20701 
1.22664 1.22664 
1.22989 1.22989 
1.2154 1.2154 
1.21012 1.21012 
1.22635 1.22635 
1.2075 1.2075 
1.2038 1.2038 
1.17739 1.17739 
1.18949 1.18949 
1.18804 1.18804 
1.20842 1.20842 
1.18744 1.18744 
1.20187 1.20187 
1.20782 1.20782 
1.19642 1.19642 
1.22252 1.22252 
1.2252 1.2252 
1.22813 1.22813 
1.21421 1.21421 
1.21525 1.21525 
1.20342 1.20342 
1.20389 1.20389 
1.2139 1.2139 
1.2137 1.2137 
1.18082 1.18082 
1.20043 1.20043 
1.20989 1.20989 
1.20619 1.20619 
1.18123 1.18123 
1.17273 1.17273 
1.15067 1.15067 
1.13535 1.13535 
1.13661 1.13661 
1.11199 1.11199 
1.10217 1.10217 
1.05436 1.05436 
1.03272 1.03272 
1.03857 1.03857 
0.999504 0.999504 
0.966784 0.966784 
0.941339 0.941339 
0.940582 0.940582 
0.951457 0.951457 
0.929935 0.929935 


14.5085 0.657345 
14.2948 0.647663 
14.27 0.646537 
13.9504 0.632058 
13.3094 0.603015 
13.5105 0.612127 
13.2596 0.600758 
13.1966 0.597906 
13.2454 0.600117 
13.0124 0.589557 
13.062 0.591804 
12.8596 0.582636 
12.9441 0.586465 
12.9019 0.584552 
12.6864 0.574788 
12.8225 0.580954 
12.8261 0.58112 
12.8891 0.583974 
12.8982 0.584384 
12.9698 0.58763 
13.05 0.591262 
13.3176 0.603387 
13.4631 0.609977 
13.6495 0.618424 
13.8237 0.626316 
13.9103 0.630242 
13.9286 0.631068 
14.144 0.640827 
14.4762 0.655882 
14.8869 0.674489 
15.1856 0.688021 
15.9983 0.724843 
16.3452 0.74056 
16.8702 0.764347 
17.3664 0.786829 
18.0832 0.819305 
18.7232 0.848298 
18.7449 0.849284 
18.8307 0.853171 
18.9667 0.859331 
19.331 0.87584 
19.1496 0.867618 
19.3832 0.878202 
19.4297 0.880311 
18.852 0.854134 
18.7141 0.847886 
19.0609 0.8636 
18.4905 0.837757 
18.1442 0.822066 
18.3197 0.830019 
18.6046 0.842927 
18.6484 0.84491 
18.9515 0.858645 
19.0018 0.860922 
18.7779 0.850779 
18.6964 0.847085 
18.9471 0.858446 
18.6559 0.845253 
18.5988 0.842663 
18.1907 0.824176 
18.3776 0.832642 
18.3551 0.831624 
18.67 0.84589 
18.346 0.831209 
18.5689 0.841312 
18.6608 0.845474 
18.4846 0.83749 
18.8879 0.855764 
18.9293 0.857639 
18.9746 0.859692 
18.7596 0.849949 
18.7756 0.850676 
18.5929 0.842397 
18.6002 0.842726 
18.7548 0.84973 
18.7516 0.849589 
18.2437 0.826574 
18.5467 0.840302 
18.6927 0.84692 
18.6356 0.844332 
18.25 0.826862 
18.1186 0.820909 
17.7779 0.805469 
17.5412 0.794748 
17.5606 0.795628 
17.1802 0.778392 
17.0284 0.771516 
16.2899 0.738054 
15.9555 0.722901 
16.0458 0.726995 
15.4423 0.699653 
14.9368 0.676749 
14.5437 0.658937 
14.532 0.658408 
14.7 0.66602 
14.3675 0.650954 


8.51731 1.74666 
8.39186 1.72093 
8.37727 1.71794 
8.18967 1.67947 
7.81335 1.6023 
7.93142 1.62651 
7.78411 1.5963 
7.74715 1.58872 
7.7758 1.5946 
7.63897 1.56654 
7.6681 1.57251 
7.5493 1.54815 
7.59891 1.55832 
7.57412 1.55324 
7.44762 1.52729 
7.52751 1.54368 
7.52965 1.54412 
7.56664 1.5517 
7.57195 1.55279 
7.614 1.56142 
7.66107 1.57107 
7.81817 1.60329 
7.90355 1.62079 
8.013 1.64324 
8.11527 1.66421 
8.16614 1.67464 
8.17683 1.67684 
8.30329 1.70277 
8.49835 1.74277 
8.73946 1.79221 
8.91479 1.82817 
9.39189 1.92601 
9.59554 1.96777 
9.90376 2.03098 
10.1951 2.09072 
10.6159 2.17701 
10.9915 2.25405 
11.0043 2.25667 
11.0547 2.267 
11.1345 2.28337 
11.3484 2.32723 
11.2418 2.30538 
11.379 2.33351 
11.4063 2.33911 
11.0671 2.26956 
10.9862 2.25296 
11.1898 2.29471 
10.8549 2.22604 
10.6516 2.18435 
10.7547 2.20548 
10.9219 2.23978 
10.9476 2.24505 
11.1256 2.28154 
11.1551 2.28759 
11.0237 2.26064 
10.9758 2.25083 
11.123 2.28101 
10.9521 2.24596 
10.9185 2.23907 
10.679 2.18995 
10.7887 2.21245 
10.7755 2.20975 
10.9603 2.24765 
10.7701 2.20864 
10.901 2.23549 
10.9549 2.24655 
10.8515 2.22533 
11.0883 2.27389 
11.1126 2.27887 
11.1392 2.28432 
11.0129 2.25844 
11.0223 2.26037 
10.9151 2.23837 
10.9193 2.23924 
11.0101 2.25785 
11.0082 2.25748 
10.71 2.19633 
10.8879 2.2328 
10.9737 2.25039 
10.9401 2.24351 
10.7138 2.19709 
10.6366 2.18127 
10.4366 2.14025 
10.2977 2.11176 
10.3091 2.1141 
10.0857 2.0683 
9.99664 2.05003 
9.56307 1.96111 
9.36674 1.92085 
9.41978 1.93173 
9.0655 1.85908 
8.76873 1.79822 
8.53794 1.75089 
8.53108 1.74948 
8.62972 1.76971 
8.43451 1.72968 


24.2936 5.98184 
23.9358 5.89373 
23.8941 5.88348 
23.3591 5.75173 
22.2857 5.48744 
22.6225 5.57036 
22.2023 5.4669 
22.0969 5.44094 
22.1786 5.46106 
21.7883 5.36497 
21.8714 5.38542 
21.5326 5.30199 
21.6741 5.33683 
21.6034 5.31942 
21.2425 5.23057 
21.4704 5.28669 
21.4765 5.28819 
21.582 5.31416 
21.5972 5.3179 
21.7171 5.34743 
21.8514 5.38048 
22.2995 5.49082 
22.543 5.55079 
22.8552 5.62766 
23.1469 5.69948 
23.292 5.73521 
23.3225 5.74271 
23.6831 5.83153 
24.2395 5.96852 
24.9272 6.13785 
25.4273 6.26099 
26.7881 6.59607 
27.369 6.73909 
28.2481 6.95556 
29.0789 7.16014 
30.2792 7.45568 
31.3507 7.71952 
31.3871 7.72848 
31.5308 7.76386 
31.7584 7.81992 
32.3685 7.97014 
32.0647 7.89532 
32.4559 7.99164 
32.5338 8.01083 
31.5663 7.77262 
31.3355 7.71577 
31.9162 7.85876 
30.9611 7.62358 
30.3812 7.4808 
30.6751 7.55317 
31.1522 7.67063 
31.2255 7.68869 
31.7331 7.81367 
31.8172 7.83439 
31.4424 7.74209 
31.3058 7.70847 
31.7257 7.81186 
31.2381 7.6918 
31.1424 7.66823 
30.4592 7.5 
30.7721 7.57704 
30.7345 7.56778 
31.2617 7.6976 
30.7191 7.564 
31.0925 7.65594 
31.2463 7.69381 
30.9513 7.62116 
31.6266 7.78745 
31.6959 7.80452 
31.7718 7.8232 
31.4117 7.73453 
31.4385 7.74115 
31.1326 7.66581 
31.1448 7.66881 
31.4036 7.73254 
31.3984 7.73126 
30.5478 7.52182 
31.0552 7.64675 
31.2997 7.70697 
31.2041 7.68342 
30.5585 7.52444 
30.3385 7.47027 
29.7678 7.32977 
29.3716 7.2322 
29.4041 7.24021 
28.7671 7.08337 
28.513 7.02079 
27.2764 6.71629 
26.7164 6.5784 
26.8677 6.61566 
25.8572 6.36684 
25.0107 6.15841 
24.3524 5.99633 
24.3329 5.99151 
24.6142 6.06078 
24.0574 5.92369 


