-159.525 -47.7077 
-156.618 -46.8382 
-156.112 -46.6868 
-153.732 -45.9751 
-148.334 -44.3607 
-148.002 -44.2614 
-144.273 -43.1461 
-143.865 -43.0242 
-145.842 -43.6156 
-143.175 -42.818 
-144.624 -43.2511 
-141.679 -42.3705 
-144.717 -43.279 
-143.205 -42.8268 
-141.183 -42.2221 
-139.272 -41.6506 
-139.768 -41.799 
-142.586 -42.6417 
-141.484 -42.3123 
-142.5 -42.616 
-141.643 -42.3599 
-146.704 -43.8732 
-147.15 -44.0066 
-149.203 -44.6207 
-152.796 -45.6952 
-155.062 -46.3728 
-155.277 -46.4372 
-156.048 -46.6676 
-160.202 -47.9101 
-166.683 -49.8482 
-168.911 -50.5146 
-174.549 -52.2005 
-181.319 -54.2253 
-189.118 -56.5577 
-194.48 -58.1611 
-198.045 -59.2272 
-205.894 -61.5747 
-208.742 -62.4264 
-209.471 -62.6443 
-206.686 -61.8114 
-213.599 -63.8789 
-211.252 -63.1769 
-213.105 -63.7313 
-213.829 -63.9476 
-208.679 -62.4075 
-209.797 -62.742 
-210.056 -62.8194 
-202.655 -60.6059 
-200.528 -59.9699 
-201.579 -60.2843 
-205.225 -61.3747 
-207.938 -62.1859 
-205.934 -61.5867 
-209.359 -62.6108 
-206.949 -61.8903 
-206.115 -61.6407 
-208.241 -62.2764 
-203.379 -60.8224 
-204.271 -61.0892 
-202.738 -60.6307 
-202.138 -60.4513 
-202.63 -60.5985 
-203.57 -60.8798 
-201.545 -60.2739 
-205.545 -61.4703 
-207.237 -61.9762 
-205.995 -61.605 
-205.562 -61.4753 
-208.544 -62.367 
-208.288 -62.2905 
-206.472 -61.7476 
-207.262 -61.9837 
-205.164 -61.3564 
-203.566 -60.8785 
-206.095 -61.6346 
-205.185 -61.3625 
-201.71 -60.3233 
-203.492 -60.8564 
-205.959 -61.5941 
-203.282 -60.7934 
-203.785 -60.9438 
-199.535 -59.6729 
-196.494 -58.7634 
-191.832 -57.3693 
-194.407 -58.1393 
-189.835 -56.7721 
-186.774 -55.8567 
-180.075 -53.8532 
-176.531 -52.7935 
-174.166 -52.086 
-170.672 -51.0411 
-166.71 -49.8564 
-162.37 -48.5582 
-160.065 -47.869 
-160.182 -47.904 
-158.482 -47.3956 


-124.19 -37.585 
-121.927 -36.9 
-121.532 -36.7807 
-119.68 -36.2201 
-115.477 -34.9483 
-115.219 -34.87 
-112.316 -33.9914 
-111.998 -33.8953 
-113.538 -34.3612 
-111.461 -33.7329 
-112.589 -34.0741 
-110.296 -33.3803 
-112.661 -34.096 
-111.484 -33.7398 
-109.91 -33.2634 
-108.422 -32.8131 
-108.809 -32.93 
-111.002 -33.5939 
-110.145 -33.3344 
-110.935 -33.5737 
-110.269 -33.3719 
-114.208 -34.5641 
-114.556 -34.6693 
-116.154 -35.1531 
-118.951 -35.9995 
-120.715 -36.5334 
-120.883 -36.5841 
-121.482 -36.7656 
-124.717 -37.7445 
-129.762 -39.2714 
-131.497 -39.7963 
-135.885 -41.1246 
-141.156 -42.7197 
-147.228 -44.5573 
-151.402 -45.8205 
-154.177 -46.6604 
-160.288 -48.5098 
-162.505 -49.1807 
-163.072 -49.3524 
-160.904 -48.6962 
-166.286 -50.325 
-164.459 -49.772 
-165.902 -50.2087 
-166.465 -50.3791 
-162.456 -49.1658 
-163.326 -49.4294 
-163.528 -49.4904 
-157.766 -47.7465 
-156.11 -47.2454 
-156.929 -47.4931 
-159.767 -48.3522 
-161.879 -48.9912 
-160.319 -48.5192 
-162.985 -49.326 
-161.109 -48.7583 
-160.459 -48.5617 
-162.114 -49.0626 
-158.33 -47.9171 
-159.024 -48.1272 
-157.83 -47.766 
-157.363 -47.6247 
-157.747 -47.7407 
-158.479 -47.9623 
-156.902 -47.485 
-160.016 -48.4275 
-161.333 -48.826 
-160.367 -48.5336 
-160.029 -48.4314 
-162.35 -49.1339 
-162.151 -49.0736 
-160.738 -48.646 
-161.353 -48.832 
-159.719 -48.3377 
-158.475 -47.9613 
-160.444 -48.5569 
-159.735 -48.3426 
-157.03 -47.5239 
-158.418 -47.9438 
-160.338 -48.525 
-158.254 -47.8942 
-158.646 -48.0127 
-155.337 -47.0115 
-152.97 -46.2949 
-149.341 -45.1967 
-151.345 -45.8033 
-147.786 -44.7261 
-145.403 -44.005 
-140.187 -42.4266 
-137.429 -41.5917 
-135.587 -41.0343 
-132.867 -40.2112 
-129.783 -39.2778 
-126.404 -38.2551 
-124.61 -37.7121 
-124.701 -37.7397 
-123.378 -37.3392 


0.956028 0.271812 
0.938604 0.266858 
0.935569 0.265995 
0.921309 0.261941 
0.888958 0.252743 
0.886968 0.252177 
0.864618 0.245823 
0.862174 0.245128 
0.874025 0.248497 
0.858043 0.243953 
0.866722 0.246421 
0.849075 0.241404 
0.867281 0.24658 
0.858219 0.244003 
0.8461 0.240558 
0.834648 0.237302 
0.837621 0.238147 
0.854509 0.242949 
0.847908 0.241072 
0.853994 0.242802 
0.848862 0.241343 
0.879188 0.249965 
0.881861 0.250725 
0.894168 0.254224 
0.915699 0.260346 
0.929279 0.264207 
0.930569 0.264574 
0.935186 0.265886 
0.960084 0.272965 
0.998923 0.284008 
1.01228 0.287804 
1.04606 0.297409 
1.08664 0.308946 
1.13338 0.322235 
1.16551 0.33137 
1.18687 0.337444 
1.23391 0.350819 
1.25098 0.355671 
1.25535 0.356912 
1.23866 0.352167 
1.28009 0.363946 
1.26602 0.359947 
1.27713 0.363105 
1.28146 0.364338 
1.2506 0.355563 
1.25731 0.357469 
1.25886 0.35791 
1.2145 0.345299 
1.20175 0.341675 
1.20805 0.343467 
1.22991 0.349679 
1.24616 0.354301 
1.23415 0.350887 
1.25468 0.356722 
1.24024 0.352616 
1.23524 0.351194 
1.24798 0.354816 
1.21884 0.346533 
1.22418 0.348052 
1.215 0.34544 
1.2114 0.344418 
1.21435 0.345257 
1.21999 0.346859 
1.20785 0.343407 
1.23182 0.350224 
1.24196 0.353106 
1.23452 0.350991 
1.23192 0.350252 
1.24979 0.355333 
1.24826 0.354897 
1.23738 0.351804 
1.24211 0.353149 
1.22954 0.349575 
1.21996 0.346852 
1.23511 0.35116 
1.22966 0.349609 
1.20884 0.343689 
1.21952 0.346726 
1.2343 0.350929 
1.21826 0.346367 
1.22127 0.347224 
1.1958 0.339983 
1.17758 0.334801 
1.14964 0.326859 
1.16507 0.331246 
1.13767 0.323456 
1.11933 0.318241 
1.07918 0.306825 
1.05794 0.300788 
1.04377 0.296757 
1.02283 0.290804 
0.999087 0.284054 
0.973072 0.276658 
0.959262 0.272731 
0.959962 0.27293 
0.949774 0.270034 


2.24948 1.12474 
2.20848 1.10424 
2.20134 1.10067 
2.16778 1.08389 
2.09167 1.04583 
2.08698 1.04349 
2.0344 1.0172 
2.02865 1.01432 
2.05653 1.02827 
2.01892 1.00946 
2.03935 1.01967 
1.99782 0.998911 
2.04066 1.02033 
2.01934 1.00967 
1.99082 0.995412 
1.96388 0.981939 
1.97087 0.985437 
2.01061 1.0053 
1.99508 0.997539 
2.0094 1.0047 
1.99732 0.998661 
2.06868 1.03434 
2.07497 1.03748 
2.10392 1.05196 
2.15459 1.07729 
2.18654 1.09327 
2.18957 1.09479 
2.20044 1.10022 
2.25902 1.12951 
2.35041 1.1752 
2.38183 1.19091 
2.46132 1.23066 
2.55679 1.2784 
2.66677 1.33338 
2.74237 1.37119 
2.79264 1.39632 
2.90333 1.45166 
2.94348 1.47174 
2.95376 1.47688 
2.91449 1.45724 
3.01197 1.50598 
2.97887 1.48944 
3.00501 1.50251 
3.01521 1.50761 
2.94259 1.4713 
2.95837 1.47918 
2.96202 1.48101 
2.85764 1.42882 
2.82766 1.41383 
2.84248 1.42124 
2.8939 1.44695 
2.93214 1.46607 
2.90389 1.45195 
2.95218 1.47609 
2.9182 1.4591 
2.90644 1.45322 
2.93641 1.46821 
2.86786 1.43393 
2.88043 1.44022 
2.85881 1.42941 
2.85036 1.42518 
2.8573 1.42865 
2.87056 1.43528 
2.84199 1.421 
2.8984 1.4492 
2.92225 1.46113 
2.90475 1.45238 
2.89864 1.44932 
2.94068 1.47034 
2.93708 1.46854 
2.91148 1.45574 
2.92261 1.46131 
2.89303 1.44652 
2.8705 1.43525 
2.90615 1.45308 
2.89332 1.44666 
2.84432 1.42216 
2.86945 1.43473 
2.90424 1.45212 
2.86648 1.43324 
2.87358 1.43679 
2.81365 1.40683 
2.77077 1.38539 
2.70504 1.35252 
2.74134 1.37067 
2.67688 1.33844 
2.63372 1.31686 
2.53924 1.26962 
2.48928 1.24464 
2.45592 1.22796 
2.40665 1.20333 
2.35079 1.1754 
2.28958 1.14479 
2.25709 1.12854 
2.25873 1.12937 
2.23476 1.11738 


2.64314 0.449896 
2.59496 0.441696 
2.58657 0.440268 
2.54715 0.433557 
2.45771 0.418333 
2.45221 0.417397 
2.39042 0.406879 
2.38366 0.405729 
2.41642 0.411306 
2.37224 0.403785 
2.39623 0.407869 
2.34744 0.399565 
2.39778 0.408132 
2.37272 0.403868 
2.33922 0.398165 
2.30756 0.392776 
2.31578 0.394175 
2.36247 0.402122 
2.34422 0.399016 
2.36104 0.401879 
2.34685 0.399464 
2.4307 0.413735 
2.43809 0.414994 
2.47211 0.420785 
2.53164 0.430917 
2.56918 0.437308 
2.57275 0.437915 
2.58551 0.440087 
2.65435 0.451804 
2.76173 0.470081 
2.79865 0.476365 
2.89205 0.492264 
3.00423 0.511358 
3.13345 0.533354 
3.22229 0.548474 
3.28135 0.558528 
3.41141 0.580666 
3.45859 0.588697 
3.47067 0.590752 
3.42452 0.582898 
3.53906 0.602394 
3.50017 0.595774 
3.53089 0.601002 
3.54287 0.603042 
3.45755 0.588518 
3.47608 0.591673 
3.48037 0.592403 
3.35773 0.571529 
3.3225 0.565531 
3.33992 0.568496 
3.40033 0.578779 
3.44527 0.586429 
3.41207 0.580778 
3.46881 0.590436 
3.42889 0.583641 
3.41506 0.581287 
3.45028 0.587282 
3.36973 0.573571 
3.38451 0.576086 
3.35911 0.571763 
3.34917 0.570071 
3.35733 0.57146 
3.37291 0.574112 
3.33934 0.568399 
3.40562 0.57968 
3.43365 0.584451 
3.41308 0.580951 
3.4059 0.579728 
3.4553 0.588137 
3.45106 0.587415 
3.42099 0.582296 
3.43407 0.584522 
3.39931 0.578606 
3.37284 0.5741 
3.41473 0.58123 
3.39965 0.578664 
3.34208 0.568864 
3.37161 0.573891 
3.41248 0.580848 
3.36812 0.573297 
3.37646 0.574716 
3.30604 0.562731 
3.25565 0.554154 
3.17842 0.541007 
3.22108 0.548269 
3.14533 0.535375 
3.09462 0.526743 
2.98361 0.507849 
2.9249 0.497856 
2.88571 0.491184 
2.82782 0.481331 
2.76218 0.470159 
2.69026 0.457916 
2.65208 0.451417 
2.65401 0.451747 
2.62585 0.446953 


2.0339 0.140592 
1.99683 0.13803 
1.99038 0.137584 
1.96004 0.135487 
1.89121 0.130729 
1.88698 0.130436 
1.83943 0.12715 
1.83423 0.12679 
1.85945 0.128533 
1.82544 0.126183 
1.84391 0.127459 
1.80636 0.124864 
1.8451 0.127541 
1.82582 0.126209 
1.80004 0.124427 
1.77567 0.122742 
1.782 0.12318 
1.81793 0.125663 
1.80388 0.124692 
1.81683 0.125587 
1.80591 0.124833 
1.87043 0.129292 
1.87612 0.129685 
1.9023 0.131495 
1.9481 0.134662 
1.97699 0.136659 
1.97974 0.136848 
1.98956 0.137527 
2.04253 0.141189 
2.12516 0.1469 
2.15357 0.148864 
2.22544 0.153832 
2.31177 0.1598 
2.4112 0.166673 
2.47956 0.171398 
2.52501 0.17454 
2.62509 0.181458 
2.6614 0.183968 
2.67069 0.18461 
2.63518 0.182156 
2.72332 0.188248 
2.6934 0.186179 
2.71703 0.187813 
2.72625 0.188451 
2.66059 0.183912 
2.67486 0.184898 
2.67816 0.185126 
2.58379 0.178603 
2.55667 0.176729 
2.57008 0.177655 
2.61656 0.180868 
2.65115 0.183259 
2.6256 0.181493 
2.66926 0.184511 
2.63854 0.182388 
2.6279 0.181652 
2.65501 0.183526 
2.59302 0.179241 
2.60439 0.180027 
2.58484 0.178676 
2.5772 0.178147 
2.58347 0.178581 
2.59546 0.17941 
2.56964 0.177625 
2.62064 0.18115 
2.64221 0.182641 
2.62638 0.181547 
2.62085 0.181165 
2.65887 0.183793 
2.65561 0.183567 
2.63246 0.181967 
2.64253 0.182663 
2.61578 0.180814 
2.59541 0.179406 
2.62764 0.181634 
2.61604 0.180832 
2.57174 0.17777 
2.59447 0.179341 
2.62592 0.181515 
2.59178 0.179155 
2.5982 0.179599 
2.54401 0.175853 
2.50524 0.173173 
2.4458 0.169065 
2.47863 0.171334 
2.42034 0.167305 
2.38132 0.164607 
2.2959 0.158703 
2.25072 0.15558 
2.22056 0.153495 
2.17602 0.150416 
2.12551 0.146925 
2.07016 0.143099 
2.04078 0.141068 
2.04227 0.141171 
2.0206 0.139673 


6.22356 0.356167 
6.11013 0.349676 
6.09037 0.348546 
5.99754 0.343233 
5.78694 0.33118 
5.77399 0.330439 
5.6285 0.322113 
5.61258 0.321202 
5.68973 0.325617 
5.58569 0.319663 
5.64219 0.322896 
5.52731 0.316322 
5.64583 0.323105 
5.58684 0.319729 
5.50795 0.315214 
5.4334 0.310947 
5.45275 0.312055 
5.56268 0.318346 
5.51972 0.315887 
5.55933 0.318155 
5.52592 0.316243 
5.72334 0.327541 
5.74074 0.328537 
5.82086 0.333121 
5.96102 0.341143 
6.04942 0.346202 
6.05782 0.346683 
6.08788 0.348403 
6.24996 0.357678 
6.50279 0.372148 
6.58972 0.377122 
6.80965 0.389709 
7.07379 0.404825 
7.37806 0.422238 
7.58723 0.434209 
7.7263 0.442168 
8.03254 0.459694 
8.14364 0.466051 
8.17206 0.467678 
8.06342 0.461461 
8.33312 0.476895 
8.24154 0.471655 
8.31386 0.475793 
8.34208 0.477408 
8.14117 0.46591 
8.18481 0.468408 
8.19491 0.468986 
7.90615 0.45246 
7.82318 0.447712 
7.8642 0.45006 
8.00645 0.4582 
8.11226 0.464256 
8.0341 0.459783 
8.1677 0.467429 
8.0737 0.462049 
8.04114 0.460186 
8.12407 0.464932 
7.9344 0.454077 
7.9692 0.456068 
7.90939 0.452646 
7.88599 0.451307 
7.90519 0.452406 
7.94188 0.454505 
7.86285 0.449982 
8.01891 0.458914 
8.08491 0.46269 
8.03648 0.459919 
8.01957 0.458951 
8.13589 0.465608 
8.12591 0.465037 
8.05509 0.460984 
8.08589 0.462747 
8.00406 0.458063 
7.94171 0.454496 
8.04035 0.460141 
8.00485 0.458109 
7.86929 0.450351 
7.93883 0.45433 
8.03506 0.459838 
7.93061 0.45386 
7.95024 0.454983 
7.78445 0.445495 
7.6658 0.438705 
7.48394 0.428298 
7.58438 0.434046 
7.40602 0.423839 
7.28661 0.417005 
7.02524 0.402047 
6.88701 0.394136 
6.79471 0.388854 
6.65841 0.381054 
6.50386 0.372209 
6.33451 0.362517 
6.2446 0.357372 
6.24916 0.357633 
6.18284 0.353837 


1.2747 0.251192 
1.25147 0.246614 
1.24743 0.245816 
1.22841 0.242069 
1.18528 0.233569 
1.18262 0.233046 
1.15282 0.227174 
1.14957 0.226532 
1.16537 0.229646 
1.14406 0.225447 
1.15563 0.227727 
1.1321 0.22309 
1.15637 0.227874 
1.14429 0.225493 
1.12813 0.222309 
1.11286 0.2193 
1.11683 0.220081 
1.13935 0.224518 
1.13054 0.222784 
1.13866 0.224383 
1.13182 0.223034 
1.17225 0.231002 
1.17582 0.231705 
1.19222 0.234938 
1.22093 0.240595 
1.23904 0.244163 
1.24076 0.244502 
1.24691 0.245715 
1.28011 0.252257 
1.3319 0.262462 
1.3497 0.265971 
1.39475 0.274847 
1.44885 0.285508 
1.51117 0.297789 
1.55401 0.306232 
1.5825 0.311845 
1.64522 0.324205 
1.66797 0.328689 
1.6738 0.329836 
1.65154 0.325451 
1.70678 0.336337 
1.68803 0.332641 
1.70284 0.335559 
1.70862 0.336698 
1.66747 0.328589 
1.67641 0.330351 
1.67848 0.330759 
1.61933 0.319104 
1.60234 0.315755 
1.61074 0.31741 
1.63987 0.323152 
1.66155 0.327423 
1.64554 0.324268 
1.6729 0.32966 
1.65365 0.325866 
1.64698 0.324552 
1.66397 0.327899 
1.62512 0.320244 
1.63224 0.321648 
1.61999 0.319234 
1.6152 0.31829 
1.61914 0.319065 
1.62665 0.320546 
1.61046 0.317356 
1.64243 0.323655 
1.65594 0.326318 
1.64603 0.324364 
1.64256 0.323681 
1.66639 0.328376 
1.66434 0.327973 
1.64984 0.325115 
1.65615 0.326358 
1.63938 0.323055 
1.62662 0.320539 
1.64682 0.32452 
1.63955 0.323087 
1.61178 0.317616 
1.62602 0.320422 
1.64574 0.324307 
1.62434 0.320091 
1.62836 0.320883 
1.5944 0.314191 
1.5701 0.309403 
1.53285 0.302062 
1.55343 0.306117 
1.5169 0.298918 
1.49244 0.294098 
1.43891 0.283549 
1.41059 0.27797 
1.39169 0.274244 
1.36377 0.268743 
1.33212 0.262505 
1.29743 0.25567 
1.27902 0.252041 
1.27995 0.252225 
1.26637 0.249549 


1.73397 0.356167 
1.70237 0.349676 
1.69687 0.348546 
1.671 0.343233 
1.61233 0.33118 
1.60872 0.330439 
1.56818 0.322113 
1.56375 0.321202 
1.58524 0.325617 
1.55625 0.319663 
1.572 0.322896 
1.53999 0.316322 
1.57301 0.323105 
1.55657 0.319729 
1.53459 0.315214 
1.51382 0.310947 
1.51922 0.312055 
1.54984 0.318346 
1.53787 0.315887 
1.54891 0.318155 
1.5396 0.316243 
1.59461 0.327541 
1.59945 0.328537 
1.62177 0.333121 
1.66083 0.341143 
1.68546 0.346202 
1.6878 0.346683 
1.69617 0.348403 
1.74133 0.357678 
1.81177 0.372148 
1.83599 0.377122 
1.89727 0.389709 
1.97086 0.404825 
2.05563 0.422238 
2.11391 0.434209 
2.15266 0.442168 
2.23798 0.459694 
2.26893 0.466051 
2.27686 0.467678 
2.24658 0.461461 
2.32173 0.476895 
2.29621 0.471655 
2.31636 0.475793 
2.32422 0.477408 
2.26825 0.46591 
2.28041 0.468408 
2.28322 0.468986 
2.20277 0.45246 
2.17965 0.447712 
2.19108 0.45006 
2.23071 0.4582 
2.26019 0.464256 
2.23842 0.459783 
2.27564 0.467429 
2.24945 0.462049 
2.24038 0.460186 
2.26348 0.464932 
2.21064 0.454077 
2.22033 0.456068 
2.20367 0.452646 
2.19715 0.451307 
2.2025 0.452406 
2.21272 0.454505 
2.1907 0.449982 
2.23418 0.458914 
2.25257 0.46269 
2.23908 0.459919 
2.23437 0.458951 
2.26678 0.465608 
2.264 0.465037 
2.24427 0.460984 
2.25285 0.462747 
2.23005 0.458063 
2.21268 0.454496 
2.24016 0.460141 
2.23027 0.458109 
2.1925 0.450351 
2.21187 0.45433 
2.23868 0.459838 
2.20958 0.45386 
2.21505 0.454983 
2.16886 0.445495 
2.1358 0.438705 
2.08513 0.428298 
2.11312 0.434046 
2.06343 0.423839 
2.03016 0.417005 
1.95733 0.402047 
1.91882 0.394136 
1.89311 0.388854 
1.85513 0.381054 
1.81207 0.372209 
1.76489 0.362517 
1.73984 0.357372 
1.74111 0.357633 
1.72263 0.353837 


5.55809 1.43404 
5.45679 1.40791 
5.43914 1.40335 
5.35624 1.38196 
5.16816 1.33344 
5.15659 1.33045 
5.02665 1.29693 
5.01244 1.29326 
5.08134 1.31104 
4.98843 1.28706 
5.03888 1.30008 
4.93629 1.27361 
5.04213 1.30092 
4.98945 1.28733 
4.91899 1.26915 
4.85242 1.25197 
4.8697 1.25643 
4.96788 1.28176 
4.92951 1.27186 
4.96489 1.28099 
4.93505 1.27329 
5.11136 1.31878 
5.1269 1.32279 
5.19845 1.34125 
5.32362 1.37355 
5.40257 1.39392 
5.41007 1.39585 
5.43691 1.40278 
5.58166 1.44013 
5.80746 1.49838 
5.8851 1.51841 
6.08151 1.56909 
6.31741 1.62995 
6.58914 1.70007 
6.77594 1.74826 
6.90015 1.78031 
7.17364 1.85087 
7.27286 1.87647 
7.29824 1.88302 
7.20121 1.85799 
7.44208 1.92013 
7.36029 1.89903 
7.42488 1.91569 
7.45008 1.9222 
7.27065 1.8759 
7.30963 1.88596 
7.31865 1.88829 
7.06076 1.82175 
6.98667 1.80263 
7.0233 1.81208 
7.15033 1.84486 
7.24484 1.86924 
7.17503 1.85123 
7.29434 1.88201 
7.2104 1.86036 
7.18132 1.85285 
7.25538 1.87196 
7.08599 1.82826 
7.11707 1.83628 
7.06365 1.82249 
7.04276 1.8171 
7.05991 1.82153 
7.09267 1.82998 
7.02209 1.81177 
7.16147 1.84773 
7.22041 1.86294 
7.17716 1.85178 
7.16205 1.84788 
7.26594 1.87469 
7.25702 1.87239 
7.19378 1.85607 
7.22129 1.86317 
7.1482 1.84431 
7.09252 1.82994 
7.18061 1.85267 
7.14891 1.84449 
7.02784 1.81325 
7.08995 1.82928 
7.17589 1.85145 
7.08261 1.82738 
7.10014 1.83191 
6.95207 1.79371 
6.84611 1.76637 
6.6837 1.72446 
6.7734 1.74761 
6.61411 1.70651 
6.50747 1.67899 
6.27405 1.61877 
6.1506 1.58692 
6.06817 1.56565 
5.94644 1.53424 
5.80842 1.49863 
5.65718 1.45961 
5.57688 1.43889 
5.58095 1.43994 
5.52173 1.42466 


2.47443 0.609234 
2.42933 0.59813 
2.42147 0.596196 
2.38456 0.587108 
2.30083 0.566493 
2.29568 0.565225 
2.23784 0.550982 
2.23151 0.549425 
2.26218 0.556977 
2.22082 0.546792 
2.24328 0.552323 
2.19761 0.541077 
2.24473 0.552679 
2.22127 0.546904 
2.18991 0.539181 
2.16027 0.531884 
2.16796 0.533778 
2.21167 0.54454 
2.19459 0.540334 
2.21034 0.544212 
2.19705 0.540941 
2.27554 0.560267 
2.28246 0.561971 
2.31432 0.569813 
2.37004 0.583533 
2.40519 0.592187 
2.40853 0.59301 
2.42048 0.595952 
2.48492 0.611818 
2.58545 0.636569 
2.62001 0.645078 
2.70745 0.666608 
2.81247 0.692465 
2.93345 0.72225 
3.01661 0.742726 
3.0719 0.75634 
3.19366 0.786318 
3.23783 0.797193 
3.24913 0.799976 
3.20594 0.789341 
3.31317 0.815742 
3.27676 0.806778 
3.30551 0.813857 
3.31673 0.816619 
3.23685 0.796952 
3.2542 0.801224 
3.25822 0.802213 
3.14341 0.773945 
3.11042 0.765824 
3.12673 0.769839 
3.18329 0.783763 
3.22536 0.794122 
3.19428 0.786471 
3.2474 0.799549 
3.21003 0.790347 
3.19708 0.78716 
3.23005 0.795278 
3.15464 0.776711 
3.16848 0.780117 
3.1447 0.774262 
3.13539 0.771972 
3.14303 0.773852 
3.15761 0.777443 
3.12619 0.769706 
3.18824 0.784984 
3.21448 0.791444 
3.19523 0.786704 
3.1885 0.785048 
3.23475 0.796435 
3.23078 0.795458 
3.20263 0.788526 
3.21487 0.791541 
3.18234 0.783529 
3.15755 0.777427 
3.19677 0.787083 
3.18265 0.783608 
3.12875 0.770337 
3.1564 0.777144 
3.19466 0.786565 
3.15313 0.77634 
3.16094 0.778261 
3.09502 0.762032 
3.04785 0.750417 
2.97554 0.732614 
3.01548 0.742447 
2.94456 0.724987 
2.89709 0.713298 
2.79317 0.687712 
2.73821 0.67418 
2.70151 0.665145 
2.64732 0.651802 
2.58587 0.636673 
2.51854 0.620095 
2.48279 0.611294 
2.48461 0.61174 
2.45824 0.605248 


4.5177 -0.0374913 
4.43536 -0.036808 
4.42102 -0.036689 
4.35363 -0.0361298 
4.20076 -0.0348611 
4.19136 -0.0347831 
4.08575 -0.0339066 
4.0742 -0.0338108 
4.1302 -0.0342755 
4.05467 -0.0336487 
4.09569 -0.0339891 
4.01229 -0.0332971 
4.09833 -0.034011 
4.05551 -0.0336557 
3.99824 -0.0331804 
3.94412 -0.0327313 
3.95817 -0.0328479 
4.03797 -0.0335102 
4.00678 -0.0332513 
4.03554 -0.0334899 
4.01129 -0.0332887 
4.15459 -0.034478 
4.16723 -0.0345828 
4.22538 -0.0350654 
4.32712 -0.0359097 
4.3913 -0.0364423 
4.39739 -0.0364929 
4.41921 -0.036674 
4.53687 -0.0376503 
4.7204 -0.0391734 
4.7835 -0.0396971 
4.94315 -0.041022 
5.13489 -0.0426132 
5.35576 -0.0444461 
5.5076 -0.0457062 
5.60855 -0.046544 
5.83085 -0.0483888 
5.9115 -0.049058 
5.93213 -0.0492293 
5.85326 -0.0485748 
6.04904 -0.0501995 
5.98257 -0.0496479 
6.03506 -0.0500835 
6.05555 -0.0502535 
5.90971 -0.0490432 
5.94139 -0.0493061 
5.94872 -0.049367 
5.7391 -0.0476274 
5.67888 -0.0471276 
5.70865 -0.0473747 
5.81191 -0.0482316 
5.88872 -0.048869 
5.83198 -0.0483982 
5.92896 -0.049203 
5.86073 -0.0486367 
5.83709 -0.0484406 
5.89729 -0.0489402 
5.75961 -0.0477976 
5.78487 -0.0480072 
5.74145 -0.0476469 
5.72447 -0.0475059 
5.73841 -0.0476217 
5.76504 -0.0478427 
5.70767 -0.0473666 
5.82096 -0.0483067 
5.86886 -0.0487043 
5.83371 -0.0484126 
5.82143 -0.0483106 
5.90587 -0.0490114 
5.89863 -0.0489513 
5.84722 -0.0485246 
5.86958 -0.0487102 
5.81017 -0.0482172 
5.76492 -0.0478416 
5.83652 -0.0484359 
5.81075 -0.048222 
5.71234 -0.0474054 
5.76282 -0.0478242 
5.83268 -0.048404 
5.75686 -0.0477747 
5.77111 -0.047893 
5.65076 -0.0468942 
5.56463 -0.0461795 
5.43262 -0.045084 
5.50553 -0.0456891 
5.37606 -0.0446146 
5.28938 -0.0438952 
5.09965 -0.0423208 
4.9993 -0.041488 
4.93231 -0.040932 
4.83336 -0.0401109 
4.72118 -0.0391799 
4.59824 -0.0381597 
4.53298 -0.0376181 
4.53629 -0.0376456 
4.48815 -0.0372461 


21.4638 2.01516 
21.0726 1.97843 
21.0045 1.97203 
20.6843 1.94197 
19.958 1.87378 
19.9133 1.86959 
19.4115 1.82248 
19.3567 1.81733 
19.6227 1.84231 
19.2639 1.80862 
19.4588 1.82691 
19.0626 1.78972 
19.4713 1.82809 
19.2679 1.80899 
18.9958 1.78345 
18.7387 1.75931 
18.8054 1.76557 
19.1846 1.80117 
19.0364 1.78726 
19.173 1.80008 
19.0578 1.78927 
19.7386 1.85319 
19.7987 1.85883 
20.0749 1.88477 
20.5583 1.93015 
20.8632 1.95877 
20.8922 1.96149 
20.9958 1.97122 
21.5548 2.02371 
22.4268 2.10557 
22.7266 2.13372 
23.4851 2.20493 
24.3961 2.29046 
25.4454 2.38898 
26.1668 2.45671 
26.6464 2.50174 
27.7026 2.6009 
28.0857 2.63687 
28.1838 2.64607 
27.8091 2.6109 
28.7392 2.69822 
28.4234 2.66857 
28.6728 2.69199 
28.7701 2.70113 
28.0772 2.63607 
28.2277 2.6502 
28.2626 2.65347 
27.2667 2.55997 
26.9806 2.53311 
27.122 2.54639 
27.6126 2.59245 
27.9775 2.62671 
27.708 2.6014 
28.1687 2.64466 
27.8445 2.61423 
27.7322 2.60368 
28.0183 2.63054 
27.3641 2.56912 
27.4841 2.58039 
27.2779 2.56102 
27.1972 2.55344 
27.2634 2.55966 
27.3899 2.57154 
27.1173 2.54595 
27.6556 2.59649 
27.8832 2.61785 
27.7162 2.60217 
27.6578 2.5967 
28.059 2.63436 
28.0246 2.63113 
27.7804 2.6082 
27.8866 2.61817 
27.6043 2.59167 
27.3893 2.57149 
27.7295 2.60343 
27.6071 2.59193 
27.1396 2.54804 
27.3794 2.57055 
27.7113 2.60172 
27.351 2.56789 
27.4187 2.57425 
26.847 2.52057 
26.4378 2.48215 
25.8106 2.42326 
26.157 2.45579 
25.5419 2.39803 
25.13 2.35937 
24.2286 2.27474 
23.7519 2.22998 
23.4336 2.2001 
22.9635 2.15596 
22.4305 2.10592 
21.8464 2.05108 
21.5364 2.02197 
21.5521 2.02345 
21.3234 2.00198 


27.7904 7.02962 
27.2839 6.9015 
27.1957 6.87919 
26.7812 6.77433 
25.8408 6.53646 
25.7829 6.52182 
25.1333 6.35749 
25.0622 6.33952 
25.4067 6.42666 
24.9421 6.30914 
25.1944 6.37296 
24.6814 6.2432 
25.2107 6.37706 
24.9473 6.31043 
24.595 6.22133 
24.2621 6.13712 
24.3485 6.15898 
24.8394 6.28315 
24.6475 6.23462 
24.8244 6.27937 
24.6752 6.24163 
25.5568 6.46462 
25.6345 6.48427 
25.9922 6.57476 
26.6181 6.73308 
27.0129 6.83293 
27.0504 6.84242 
27.1846 6.87637 
27.9083 7.05944 
29.0373 7.34502 
29.4255 7.44321 
30.4076 7.69163 
31.587 7.98998 
32.9457 8.33365 
33.8797 8.56991 
34.5007 8.727 
35.8682 9.0729 
36.3643 9.19838 
36.4912 9.23049 
36.0061 9.10778 
37.2104 9.41241 
36.8015 9.30897 
37.1244 9.39066 
37.2504 9.42253 
36.3533 9.1956 
36.5481 9.24489 
36.5933 9.2563 
35.3038 8.93014 
34.9333 8.83643 
35.1165 8.88276 
35.7517 9.04342 
36.2242 9.16295 
35.8752 9.07466 
36.4717 9.22556 
36.052 9.11939 
35.9066 9.08261 
36.2769 9.17629 
35.43 8.96205 
35.5853 9.00135 
35.3183 8.93379 
35.2138 8.90737 
35.2995 8.92906 
35.4634 8.9705 
35.1105 8.88123 
35.8073 9.05751 
36.102 9.13205 
35.8858 9.07735 
35.8103 9.05825 
36.3297 9.18964 
36.2851 9.17836 
35.9689 9.09837 
36.1064 9.13316 
35.741 9.04073 
35.4626 8.97031 
35.9031 9.08172 
35.7446 9.04162 
35.1392 8.8885 
35.4497 8.96705 
35.8795 9.07575 
35.413 8.95777 
35.5007 8.97994 
34.7604 8.79267 
34.2306 8.65866 
33.4185 8.45324 
33.867 8.5667 
33.0706 8.36524 
32.5374 8.23036 
31.3703 7.93514 
30.753 7.779 
30.3408 7.67475 
29.7322 7.52079 
29.0421 7.34623 
28.2859 7.15494 
27.8844 7.05339 
27.9048 7.05854 
27.6086 6.98363 


0.937283 0.937283 
0.9202 0.9202 
0.917225 0.917225 
0.903244 0.903244 
0.871528 0.871528 
0.869576 0.869576 
0.847665 0.847665 
0.845269 0.845269 
0.856888 0.856888 
0.841219 0.841219 
0.849727 0.849727 
0.832426 0.832426 
0.850275 0.850275 
0.841391 0.841391 
0.82951 0.82951 
0.818283 0.818283 
0.821198 0.821198 
0.837754 0.837754 
0.831283 0.831283 
0.837249 0.837249 
0.832218 0.832218 
0.861949 0.861949 
0.86457 0.86457 
0.876635 0.876635 
0.897744 0.897744 
0.911057 0.911057 
0.912323 0.912323 
0.916849 0.916849 
0.941259 0.941259 
0.979336 0.979336 
0.992428 0.992428 
1.02555 1.02555 
1.06533 1.06533 
1.11115 1.11115 
1.14266 1.14266 
1.1636 1.1636 
1.20972 1.20972 
1.22645 1.22645 
1.23073 1.23073 
1.21437 1.21437 
1.25499 1.25499 
1.2412 1.2412 
1.25209 1.25209 
1.25634 1.25634 
1.22608 1.22608 
1.23265 1.23265 
1.23417 1.23417 
1.19069 1.19069 
1.17819 1.17819 
1.18437 1.18437 
1.20579 1.20579 
1.22173 1.22173 
1.20995 1.20995 
1.23008 1.23008 
1.21592 1.21592 
1.21102 1.21102 
1.22351 1.22351 
1.19494 1.19494 
1.20018 1.20018 
1.19117 1.19117 
1.18765 1.18765 
1.19054 1.19054 
1.19607 1.19607 
1.18416 1.18416 
1.20767 1.20767 
1.21761 1.21761 
1.21031 1.21031 
1.20777 1.20777 
1.22529 1.22529 
1.22378 1.22378 
1.21312 1.21312 
1.21775 1.21775 
1.20543 1.20543 
1.19604 1.19604 
1.2109 1.2109 
1.20555 1.20555 
1.18513 1.18513 
1.19561 1.19561 
1.2101 1.2101 
1.19437 1.19437 
1.19733 1.19733 
1.17236 1.17236 
1.15449 1.15449 
1.1271 1.1271 
1.14223 1.14223 
1.11536 1.11536 
1.09738 1.09738 
1.05802 1.05802 
1.0372 1.0372 
1.0233 1.0233 
1.00277 1.00277 
0.979498 0.979498 
0.953993 0.953993 
0.940453 0.940453 
0.941139 0.941139 
0.931151 0.931151 


8.63237 1.47153 
8.47504 1.44471 
8.44764 1.44004 
8.31887 1.41809 
8.02677 1.3683 
8.0088 1.36523 
7.80699 1.33083 
7.78493 1.32707 
7.89193 1.34531 
7.74762 1.32071 
7.82599 1.33407 
7.66665 1.30691 
7.83103 1.33493 
7.74921 1.32098 
7.63979 1.30233 
7.53638 1.2847 
7.56323 1.28928 
7.71571 1.31527 
7.65611 1.30511 
7.71106 1.31448 
7.66472 1.30658 
7.93855 1.35326 
7.96269 1.35737 
8.07381 1.37632 
8.26822 1.40946 
8.39084 1.43036 
8.40249 1.43235 
8.44418 1.43945 
8.66899 1.47778 
9.01969 1.53756 
9.14026 1.55811 
9.44532 1.61011 
9.81169 1.67257 
10.2337 1.74451 
10.5239 1.79397 
10.7168 1.82685 
11.1415 1.89926 
11.2956 1.92553 
11.335 1.93225 
11.1843 1.90656 
11.5584 1.97033 
11.4314 1.94868 
11.5317 1.96578 
11.5709 1.97245 
11.2922 1.92495 
11.3527 1.93526 
11.3667 1.93765 
10.9662 1.86938 
10.8511 1.84976 
10.908 1.85946 
11.1053 1.89309 
11.2521 1.91811 
11.1437 1.89963 
11.329 1.93122 
11.1986 1.90899 
11.1534 1.90129 
11.2685 1.9209 
11.0054 1.87606 
11.0537 1.88428 
10.9707 1.87014 
10.9382 1.86461 
10.9649 1.86915 
11.0158 1.87782 
10.9061 1.85914 
11.1226 1.89604 
11.2142 1.91164 
11.147 1.90019 
11.1235 1.89619 
11.2849 1.9237 
11.271 1.92134 
11.1728 1.90459 
11.2155 1.91188 
11.102 1.89253 
11.0155 1.87778 
11.1524 1.90111 
11.1031 1.89271 
10.9151 1.86066 
11.0115 1.8771 
11.145 1.89986 
11.0001 1.87516 
11.0274 1.8798 
10.7974 1.8406 
10.6328 1.81255 
10.3806 1.76955 
10.5199 1.7933 
10.2725 1.75112 
10.1069 1.72289 
9.74435 1.66109 
9.55261 1.6284 
9.42459 1.60658 
9.23553 1.57435 
9.02117 1.53781 
8.78627 1.49777 
8.66157 1.47651 
8.66789 1.47759 
8.5759 1.46191 


0.937283 0.937283 
0.9202 0.9202 
0.917225 0.917225 
0.903244 0.903244 
0.871528 0.871528 
0.869576 0.869576 
0.847665 0.847665 
0.845269 0.845269 
0.856888 0.856888 
0.841219 0.841219 
0.849727 0.849727 
0.832426 0.832426 
0.850275 0.850275 
0.841391 0.841391 
0.82951 0.82951 
0.818283 0.818283 
0.821198 0.821198 
0.837754 0.837754 
0.831283 0.831283 
0.837249 0.837249 
0.832218 0.832218 
0.861949 0.861949 
0.86457 0.86457 
0.876635 0.876635 
0.897744 0.897744 
0.911057 0.911057 
0.912323 0.912323 
0.916849 0.916849 
0.941259 0.941259 
0.979336 0.979336 
0.992428 0.992428 
1.02555 1.02555 
1.06533 1.06533 
1.11115 1.11115 
1.14266 1.14266 
1.1636 1.1636 
1.20972 1.20972 
1.22645 1.22645 
1.23073 1.23073 
1.21437 1.21437 
1.25499 1.25499 
1.2412 1.2412 
1.25209 1.25209 
1.25634 1.25634 
1.22608 1.22608 
1.23265 1.23265 
1.23417 1.23417 
1.19069 1.19069 
1.17819 1.17819 
1.18437 1.18437 
1.20579 1.20579 
1.22173 1.22173 
1.20995 1.20995 
1.23008 1.23008 
1.21592 1.21592 
1.21102 1.21102 
1.22351 1.22351 
1.19494 1.19494 
1.20018 1.20018 
1.19117 1.19117 
1.18765 1.18765 
1.19054 1.19054 
1.19607 1.19607 
1.18416 1.18416 
1.20767 1.20767 
1.21761 1.21761 
1.21031 1.21031 
1.20777 1.20777 
1.22529 1.22529 
1.22378 1.22378 
1.21312 1.21312 
1.21775 1.21775 
1.20543 1.20543 
1.19604 1.19604 
1.2109 1.2109 
1.20555 1.20555 
1.18513 1.18513 
1.19561 1.19561 
1.2101 1.2101 
1.19437 1.19437 
1.19733 1.19733 
1.17236 1.17236 
1.15449 1.15449 
1.1271 1.1271 
1.14223 1.14223 
1.11536 1.11536 
1.09738 1.09738 
1.05802 1.05802 
1.0372 1.0372 
1.0233 1.0233 
1.00277 1.00277 
0.979498 0.979498 
0.953993 0.953993 
0.940453 0.940453 
0.941139 0.941139 
0.931151 0.931151 


21.4638 2.01516 
21.0726 1.97843 
21.0045 1.97203 
20.6843 1.94197 
19.958 1.87378 
19.9133 1.86959 
19.4115 1.82248 
19.3567 1.81733 
19.6227 1.84231 
19.2639 1.80862 
19.4588 1.82691 
19.0626 1.78972 
19.4713 1.82809 
19.2679 1.80899 
18.9958 1.78345 
18.7387 1.75931 
18.8054 1.76557 
19.1846 1.80117 
19.0364 1.78726 
19.173 1.80008 
19.0578 1.78927 
19.7386 1.85319 
19.7987 1.85883 
20.0749 1.88477 
20.5583 1.93015 
20.8632 1.95877 
20.8922 1.96149 
20.9958 1.97122 
21.5548 2.02371 
22.4268 2.10557 
22.7266 2.13372 
23.4851 2.20493 
24.3961 2.29046 
25.4454 2.38898 
26.1668 2.45671 
26.6464 2.50174 
27.7026 2.6009 
28.0857 2.63687 
28.1838 2.64607 
27.8091 2.6109 
28.7392 2.69822 
28.4234 2.66857 
28.6728 2.69199 
28.7701 2.70113 
28.0772 2.63607 
28.2277 2.6502 
28.2626 2.65347 
27.2667 2.55997 
26.9806 2.53311 
27.122 2.54639 
27.6126 2.59245 
27.9775 2.62671 
27.708 2.6014 
28.1687 2.64466 
27.8445 2.61423 
27.7322 2.60368 
28.0183 2.63054 
27.3641 2.56912 
27.4841 2.58039 
27.2779 2.56102 
27.1972 2.55344 
27.2634 2.55966 
27.3899 2.57154 
27.1173 2.54595 
27.6556 2.59649 
27.8832 2.61785 
27.7162 2.60217 
27.6578 2.5967 
28.059 2.63436 
28.0246 2.63113 
27.7804 2.6082 
27.8866 2.61817 
27.6043 2.59167 
27.3893 2.57149 
27.7295 2.60343 
27.6071 2.59193 
27.1396 2.54804 
27.3794 2.57055 
27.7113 2.60172 
27.351 2.56789 
27.4187 2.57425 
26.847 2.52057 
26.4378 2.48215 
25.8106 2.42326 
26.157 2.45579 
25.5419 2.39803 
25.13 2.35937 
24.2286 2.27474 
23.7519 2.22998 
23.4336 2.2001 
22.9635 2.15596 
22.4305 2.10592 
21.8464 2.05108 
21.5364 2.02197 
21.5521 2.02345 
21.3234 2.00198 


10.1695 2.10889 
9.98417 2.07045 
9.95189 2.06376 
9.80019 2.0323 
9.45607 1.96094 
9.4349 1.95655 
9.19717 1.90725 
9.17117 1.90185 
9.29723 1.928 
9.12722 1.89274 
9.21954 1.91189 
9.03182 1.87296 
9.22548 1.91312 
9.1291 1.89313 
9.00018 1.8664 
8.87837 1.84114 
8.90999 1.84769 
9.08963 1.88495 
9.01942 1.87039 
9.08415 1.88381 
9.02956 1.87249 
9.35214 1.93938 
9.38058 1.94528 
9.51149 1.97243 
9.74052 2.01992 
9.88497 2.04988 
9.8987 2.05273 
9.94781 2.06291 
10.2127 2.11783 
10.6258 2.20351 
10.7678 2.23296 
11.1272 2.30749 
11.5588 2.39699 
12.056 2.5001 
12.3978 2.57097 
12.6251 2.6181 
13.1255 2.72187 
13.307 2.75952 
13.3534 2.76915 
13.1759 2.73233 
13.6166 2.82372 
13.467 2.79269 
13.5851 2.8172 
13.6313 2.82676 
13.303 2.75868 
13.3743 2.77347 
13.3908 2.77689 
12.9189 2.67904 
12.7834 2.65093 
12.8504 2.66483 
13.0828 2.71303 
13.2557 2.74888 
13.128 2.7224 
13.3463 2.76767 
13.1927 2.73582 
13.1395 2.72478 
13.275 2.75289 
12.9651 2.68861 
13.022 2.7004 
12.9242 2.68014 
12.886 2.67221 
12.9174 2.67872 
12.9773 2.69115 
12.8482 2.66437 
13.1032 2.71725 
13.211 2.73961 
13.1319 2.72321 
13.1043 2.71747 
13.2943 2.75689 
13.278 2.75351 
13.1623 2.72951 
13.2126 2.73995 
13.0789 2.71222 
12.977 2.69109 
13.1382 2.72452 
13.0802 2.71249 
12.8587 2.66655 
12.9723 2.69011 
13.1296 2.72273 
12.9589 2.68733 
12.991 2.69398 
12.7201 2.6378 
12.5262 2.5976 
12.229 2.53597 
12.3932 2.57001 
12.1017 2.50957 
11.9066 2.46911 
11.4795 2.38054 
11.2536 2.3337 
11.1028 2.30243 
10.8801 2.25624 
10.6275 2.20387 
10.3508 2.14648 
10.2039 2.11602 
10.2114 2.11756 
10.103 2.09509 


10.1695 2.10889 
9.98417 2.07045 
9.95189 2.06376 
9.80019 2.0323 
9.45607 1.96094 
9.4349 1.95655 
9.19717 1.90725 
9.17117 1.90185 
9.29723 1.928 
9.12722 1.89274 
9.21954 1.91189 
9.03182 1.87296 
9.22548 1.91312 
9.1291 1.89313 
9.00018 1.8664 
8.87837 1.84114 
8.90999 1.84769 
9.08963 1.88495 
9.01942 1.87039 
9.08415 1.88381 
9.02956 1.87249 
9.35214 1.93938 
9.38058 1.94528 
9.51149 1.97243 
9.74052 2.01992 
9.88497 2.04988 
9.8987 2.05273 
9.94781 2.06291 
10.2127 2.11783 
10.6258 2.20351 
10.7678 2.23296 
11.1272 2.30749 
11.5588 2.39699 
12.056 2.5001 
12.3978 2.57097 
12.6251 2.6181 
13.1255 2.72187 
13.307 2.75952 
13.3534 2.76915 
13.1759 2.73233 
13.6166 2.82372 
13.467 2.79269 
13.5851 2.8172 
13.6313 2.82676 
13.303 2.75868 
13.3743 2.77347 
13.3908 2.77689 
12.9189 2.67904 
12.7834 2.65093 
12.8504 2.66483 
13.0828 2.71303 
13.2557 2.74888 
13.128 2.7224 
13.3463 2.76767 
13.1927 2.73582 
13.1395 2.72478 
13.275 2.75289 
12.9651 2.68861 
13.022 2.7004 
12.9242 2.68014 
12.886 2.67221 
12.9174 2.67872 
12.9773 2.69115 
12.8482 2.66437 
13.1032 2.71725 
13.211 2.73961 
13.1319 2.72321 
13.1043 2.71747 
13.2943 2.75689 
13.278 2.75351 
13.1623 2.72951 
13.2126 2.73995 
13.0789 2.71222 
12.977 2.69109 
13.1382 2.72452 
13.0802 2.71249 
12.8587 2.66655 
12.9723 2.69011 
13.1296 2.72273 
12.9589 2.68733 
12.991 2.69398 
12.7201 2.6378 
12.5262 2.5976 
12.229 2.53597 
12.3932 2.57001 
12.1017 2.50957 
11.9066 2.46911 
11.4795 2.38054 
11.2536 2.3337 
11.1028 2.30243 
10.8801 2.25624 
10.6275 2.20387 
10.3508 2.14648 
10.2039 2.11602 
10.2114 2.11756 
10.103 2.09509 


22.4948 11.2474 
22.0848 11.0424 
22.0134 11.0067 
21.6778 10.8389 
20.9167 10.4583 
20.8698 10.4349 
20.344 10.172 
20.2865 10.1432 
20.5653 10.2827 
20.1893 10.0946 
20.3935 10.1967 
19.9782 9.98912 
20.4066 10.2033 
20.1934 10.0967 
19.9082 9.95412 
19.6388 9.81939 
19.7087 9.85437 
20.1061 10.053 
19.9508 9.97539 
20.094 10.047 
19.9732 9.98661 
20.6868 10.3434 
20.7497 10.3748 
21.0392 10.5196 
21.5458 10.7729 
21.8654 10.9327 
21.8957 10.9479 
22.0044 11.0022 
22.5902 11.2951 
23.5041 11.752 
23.8183 11.9091 
24.6132 12.3066 
25.5679 12.784 
26.6677 13.3338 
27.4237 13.7119 
27.9264 13.9632 
29.0333 14.5166 
29.4348 14.7174 
29.5376 14.7688 
29.1449 14.5724 
30.1197 15.0598 
29.7887 14.8944 
30.0501 15.0251 
30.1521 15.0761 
29.4259 14.713 
29.5837 14.7918 
29.6202 14.8101 
28.5764 14.2882 
28.2766 14.1383 
28.4248 14.2124 
28.939 14.4695 
29.3214 14.6607 
29.0389 14.5195 
29.5218 14.7609 
29.182 14.591 
29.0644 14.5322 
29.3641 14.6821 
28.6786 14.3393 
28.8043 14.4022 
28.5881 14.2941 
28.5036 14.2518 
28.573 14.2865 
28.7056 14.3528 
28.4199 14.21 
28.984 14.492 
29.2225 14.6113 
29.0475 14.5238 
28.9864 14.4932 
29.4068 14.7034 
29.3708 14.6854 
29.1148 14.5574 
29.2261 14.6131 
28.9303 14.4652 
28.705 14.3525 
29.0615 14.5308 
28.9332 14.4666 
28.4432 14.2216 
28.6946 14.3473 
29.0424 14.5212 
28.6649 14.3324 
28.7358 14.3679 
28.1366 14.0683 
27.7077 13.8539 
27.0504 13.5252 
27.4134 13.7067 
26.7688 13.3844 
26.3372 13.1686 
25.3925 12.6962 
24.8928 12.4464 
24.5592 12.2796 
24.0665 12.0333 
23.5079 11.754 
22.8958 11.4479 
22.5709 11.2854 
22.5873 11.2937 
22.3476 11.1738 


27.7904 7.02962 
27.2839 6.9015 
27.1957 6.87919 
26.7812 6.77433 
25.8408 6.53646 
25.7829 6.52182 
25.1333 6.35749 
25.0622 6.33952 
25.4067 6.42666 
24.9421 6.30914 
25.1944 6.37296 
24.6814 6.2432 
25.2107 6.37706 
24.9473 6.31043 
24.595 6.22133 
24.2621 6.13712 
24.3485 6.15898 
24.8394 6.28315 
24.6475 6.23462 
24.8244 6.27937 
24.6752 6.24163 
25.5568 6.46462 
25.6345 6.48427 
25.9922 6.57476 
26.6181 6.73308 
27.0129 6.83293 
27.0504 6.84242 
27.1846 6.87637 
27.9083 7.05944 
29.0373 7.34502 
29.4255 7.44321 
30.4076 7.69163 
31.587 7.98998 
32.9457 8.33365 
33.8797 8.56991 
34.5007 8.727 
35.8682 9.0729 
36.3643 9.19838 
36.4912 9.23049 
36.0061 9.10778 
37.2104 9.41241 
36.8015 9.30897 
37.1244 9.39066 
37.2504 9.42253 
36.3533 9.1956 
36.5481 9.24489 
36.5933 9.2563 
35.3038 8.93014 
34.9333 8.83643 
35.1165 8.88276 
35.7517 9.04342 
36.2242 9.16295 
35.8752 9.07466 
36.4717 9.22556 
36.052 9.11939 
35.9066 9.08261 
36.2769 9.17629 
35.43 8.96205 
35.5853 9.00135 
35.3183 8.93379 
35.2138 8.90737 
35.2995 8.92906 
35.4634 8.9705 
35.1105 8.88123 
35.8073 9.05751 
36.102 9.13205 
35.8858 9.07735 
35.8103 9.05825 
36.3297 9.18964 
36.2851 9.17836 
35.9689 9.09837 
36.1064 9.13316 
35.741 9.04073 
35.4626 8.97031 
35.9031 9.08172 
35.7446 9.04162 
35.1392 8.8885 
35.4497 8.96705 
35.8795 9.07575 
35.413 8.95777 
35.5007 8.97994 
34.7604 8.79267 
34.2306 8.65866 
33.4185 8.45324 
33.867 8.5667 
33.0706 8.36524 
32.5374 8.23036 
31.3703 7.93514 
30.753 7.779 
30.3408 7.67475 
29.7322 7.52079 
29.0421 7.34623 
28.2859 7.15494 
27.8844 7.05339 
27.9048 7.05854 
27.6086 6.98363 


0.937283 0.937283 
0.9202 0.9202 
0.917225 0.917225 
0.903244 0.903244 
0.871528 0.871528 
0.869576 0.869576 
0.847665 0.847665 
0.845269 0.845269 
0.856888 0.856888 
0.841219 0.841219 
0.849727 0.849727 
0.832426 0.832426 
0.850275 0.850275 
0.841391 0.841391 
0.82951 0.82951 
0.818283 0.818283 
0.821198 0.821198 
0.837754 0.837754 
0.831283 0.831283 
0.837249 0.837249 
0.832218 0.832218 
0.861949 0.861949 
0.86457 0.86457 
0.876635 0.876635 
0.897744 0.897744 
0.911057 0.911057 
0.912323 0.912323 
0.916849 0.916849 
0.941259 0.941259 
0.979336 0.979336 
0.992428 0.992428 
1.02555 1.02555 
1.06533 1.06533 
1.11115 1.11115 
1.14266 1.14266 
1.1636 1.1636 
1.20972 1.20972 
1.22645 1.22645 
1.23073 1.23073 
1.21437 1.21437 
1.25499 1.25499 
1.2412 1.2412 
1.25209 1.25209 
1.25634 1.25634 
1.22608 1.22608 
1.23265 1.23265 
1.23417 1.23417 
1.19069 1.19069 
1.17819 1.17819 
1.18437 1.18437 
1.20579 1.20579 
1.22173 1.22173 
1.20995 1.20995 
1.23008 1.23008 
1.21592 1.21592 
1.21102 1.21102 
1.22351 1.22351 
1.19494 1.19494 
1.20018 1.20018 
1.19117 1.19117 
1.18765 1.18765 
1.19054 1.19054 
1.19607 1.19607 
1.18416 1.18416 
1.20767 1.20767 
1.21761 1.21761 
1.21031 1.21031 
1.20777 1.20777 
1.22529 1.22529 
1.22378 1.22378 
1.21312 1.21312 
1.21775 1.21775 
1.20543 1.20543 
1.19604 1.19604 
1.2109 1.2109 
1.20555 1.20555 
1.18513 1.18513 
1.19561 1.19561 
1.2101 1.2101 
1.19437 1.19437 
1.19733 1.19733 
1.17236 1.17236 
1.15449 1.15449 
1.1271 1.1271 
1.14223 1.14223 
1.11536 1.11536 
1.09738 1.09738 
1.05802 1.05802 
1.0372 1.0372 
1.0233 1.0233 
1.00277 1.00277 
0.979498 0.979498 
0.953993 0.953993 
0.940453 0.940453 
0.941139 0.941139 
0.931151 0.931151 


14.6872 2.07139 
14.4195 2.03364 
14.3729 2.02707 
14.1538 1.99617 
13.6568 1.92608 
13.6263 1.92176 
13.2829 1.87334 
13.2454 1.86804 
13.4274 1.89372 
13.1819 1.85909 
13.3152 1.8779 
13.0441 1.83966 
13.3238 1.87911 
13.1846 1.85947 
12.9984 1.83322 
12.8225 1.8084 
12.8682 1.81485 
13.1276 1.85144 
13.0262 1.83713 
13.1197 1.85032 
13.0408 1.8392 
13.5067 1.90491 
13.5478 1.9107 
13.7369 1.93736 
14.0676 1.98401 
14.2763 2.01344 
14.2961 2.01623 
14.367 2.02624 
14.7495 2.08018 
15.3462 2.16433 
15.5513 2.19326 
16.0704 2.26647 
16.6937 2.35438 
17.4118 2.45565 
17.9054 2.52527 
18.2336 2.57156 
18.9563 2.67348 
19.2185 2.71046 
19.2856 2.71992 
19.0292 2.68376 
19.6657 2.77352 
19.4495 2.74304 
19.6202 2.76711 
19.6868 2.77651 
19.2127 2.70964 
19.3157 2.72416 
19.3395 2.72752 
18.658 2.63141 
18.4622 2.6038 
18.559 2.61745 
18.8947 2.6648 
19.1445 2.70002 
18.96 2.674 
19.2753 2.71847 
19.0534 2.68718 
18.9766 2.67634 
19.1723 2.70395 
18.7247 2.64082 
18.8068 2.6524 
18.6657 2.63249 
18.6105 2.6247 
18.6558 2.6311 
18.7424 2.64331 
18.5558 2.617 
18.9241 2.66895 
19.0799 2.69091 
18.9656 2.67479 
18.9257 2.66916 
19.2002 2.70788 
19.1767 2.70456 
19.0095 2.68099 
19.0822 2.69124 
18.8891 2.664 
18.742 2.64325 
18.9747 2.67608 
18.891 2.66427 
18.571 2.61915 
18.7351 2.64229 
18.9623 2.67432 
18.7158 2.63955 
18.7621 2.64609 
18.3708 2.59091 
18.0908 2.55142 
17.6616 2.49089 
17.8987 2.52432 
17.4778 2.46496 
17.196 2.42521 
16.5792 2.33822 
16.2529 2.29221 
16.0351 2.26149 
15.7134 2.21613 
15.3487 2.16469 
14.9491 2.10832 
14.7369 2.0784 
14.7476 2.07992 
14.5911 2.05784 


0.937283 0.937283 
0.9202 0.9202 
0.917225 0.917225 
0.903244 0.903244 
0.871528 0.871528 
0.869576 0.869576 
0.847665 0.847665 
0.845269 0.845269 
0.856888 0.856888 
0.841219 0.841219 
0.849727 0.849727 
0.832426 0.832426 
0.850275 0.850275 
0.841391 0.841391 
0.82951 0.82951 
0.818283 0.818283 
0.821198 0.821198 
0.837754 0.837754 
0.831283 0.831283 
0.837249 0.837249 
0.832218 0.832218 
0.861949 0.861949 
0.86457 0.86457 
0.876635 0.876635 
0.897744 0.897744 
0.911057 0.911057 
0.912323 0.912323 
0.916849 0.916849 
0.941259 0.941259 
0.979336 0.979336 
0.992428 0.992428 
1.02555 1.02555 
1.06533 1.06533 
1.11115 1.11115 
1.14266 1.14266 
1.1636 1.1636 
1.20972 1.20972 
1.22645 1.22645 
1.23073 1.23073 
1.21437 1.21437 
1.25499 1.25499 
1.2412 1.2412 
1.25209 1.25209 
1.25634 1.25634 
1.22608 1.22608 
1.23265 1.23265 
1.23417 1.23417 
1.19069 1.19069 
1.17819 1.17819 
1.18437 1.18437 
1.20579 1.20579 
1.22173 1.22173 
1.20995 1.20995 
1.23008 1.23008 
1.21592 1.21592 
1.21102 1.21102 
1.22351 1.22351 
1.19494 1.19494 
1.20018 1.20018 
1.19117 1.19117 
1.18765 1.18765 
1.19054 1.19054 
1.19607 1.19607 
1.18416 1.18416 
1.20767 1.20767 
1.21761 1.21761 
1.21031 1.21031 
1.20777 1.20777 
1.22529 1.22529 
1.22378 1.22378 
1.21312 1.21312 
1.21775 1.21775 
1.20543 1.20543 
1.19604 1.19604 
1.2109 1.2109 
1.20555 1.20555 
1.18513 1.18513 
1.19561 1.19561 
1.2101 1.2101 
1.19437 1.19437 
1.19733 1.19733 
1.17236 1.17236 
1.15449 1.15449 
1.1271 1.1271 
1.14223 1.14223 
1.11536 1.11536 
1.09738 1.09738 
1.05802 1.05802 
1.0372 1.0372 
1.0233 1.0233 
1.00277 1.00277 
0.979498 0.979498 
0.953993 0.953993 
0.940453 0.940453 
0.941139 0.941139 
0.931151 0.931151 


14.481 0.656098 
14.2171 0.64414 
14.1711 0.642057 
13.9551 0.632271 
13.4651 0.610069 
13.435 0.608703 
13.0964 0.593365 
13.0594 0.591688 
13.2389 0.599821 
12.9968 0.588853 
13.1283 0.594809 
12.861 0.582698 
13.1367 0.595193 
12.9995 0.588974 
12.8159 0.580657 
12.6425 0.572798 
12.6875 0.574838 
12.9433 0.586428 
12.8433 0.581898 
12.9355 0.586074 
12.8578 0.582552 
13.3171 0.603364 
13.3576 0.605199 
13.544 0.613645 
13.8701 0.628421 
14.0758 0.63774 
14.0954 0.638626 
14.1653 0.641794 
14.5424 0.658881 
15.1307 0.685535 
15.333 0.694699 
15.8447 0.717885 
16.4593 0.745731 
17.1673 0.777808 
17.654 0.799858 
17.9776 0.81452 
18.6902 0.846804 
18.9487 0.858516 
19.0148 0.861513 
18.762 0.850059 
19.3896 0.878491 
19.1765 0.868837 
19.3448 0.876461 
19.4104 0.879436 
18.9429 0.858256 
19.0445 0.862857 
19.068 0.863922 
18.3961 0.833479 
18.203 0.824733 
18.2985 0.829057 
18.6295 0.844053 
18.8757 0.855208 
18.6938 0.846968 
19.0047 0.861053 
18.7859 0.851143 
18.7102 0.84771 
18.9032 0.856453 
18.4618 0.836458 
18.5428 0.840126 
18.4036 0.833821 
18.3492 0.831354 
18.3939 0.833379 
18.4792 0.837246 
18.2953 0.828915 
18.6585 0.845367 
18.812 0.852324 
18.6993 0.84722 
18.66 0.845436 
18.9307 0.857699 
18.9074 0.856647 
18.7426 0.849181 
18.8143 0.852428 
18.6239 0.843801 
18.4788 0.837229 
18.7083 0.847627 
18.6257 0.843885 
18.3103 0.829594 
18.4721 0.836924 
18.696 0.84707 
18.453 0.836058 
18.4987 0.838127 
18.1129 0.820649 
17.8368 0.808141 
17.4137 0.788969 
17.6474 0.799558 
17.2324 0.780755 
16.9545 0.768167 
16.3464 0.740613 
16.0247 0.72604 
15.81 0.71631 
15.4928 0.701941 
15.1332 0.685648 
14.7392 0.667795 
14.53 0.658317 
14.5406 0.658797 
14.3863 0.651806 


8.63237 1.47153 
8.47504 1.44471 
8.44764 1.44004 
8.31887 1.41809 
8.02677 1.3683 
8.0088 1.36523 
7.80699 1.33083 
7.78493 1.32707 
7.89193 1.34531 
7.74762 1.32071 
7.82599 1.33407 
7.66665 1.30691 
7.83103 1.33493 
7.74921 1.32098 
7.63979 1.30233 
7.53638 1.2847 
7.56323 1.28928 
7.71571 1.31527 
7.65611 1.30511 
7.71106 1.31448 
7.66472 1.30658 
7.93855 1.35326 
7.96269 1.35737 
8.07381 1.37632 
8.26822 1.40946 
8.39084 1.43036 
8.40249 1.43235 
8.44418 1.43945 
8.66899 1.47778 
9.01969 1.53756 
9.14026 1.55811 
9.44532 1.61011 
9.81169 1.67257 
10.2337 1.74451 
10.5239 1.79397 
10.7168 1.82685 
11.1415 1.89926 
11.2956 1.92553 
11.335 1.93225 
11.1843 1.90656 
11.5584 1.97033 
11.4314 1.94868 
11.5317 1.96578 
11.5709 1.97245 
11.2922 1.92495 
11.3527 1.93526 
11.3667 1.93765 
10.9662 1.86938 
10.8511 1.84976 
10.908 1.85946 
11.1053 1.89309 
11.2521 1.91811 
11.1437 1.89963 
11.329 1.93122 
11.1986 1.90899 
11.1534 1.90129 
11.2685 1.9209 
11.0054 1.87606 
11.0537 1.88428 
10.9707 1.87014 
10.9382 1.86461 
10.9649 1.86915 
11.0158 1.87782 
10.9061 1.85914 
11.1226 1.89604 
11.2142 1.91164 
11.147 1.90019 
11.1235 1.89619 
11.2849 1.9237 
11.271 1.92134 
11.1728 1.90459 
11.2155 1.91188 
11.102 1.89253 
11.0155 1.87778 
11.1524 1.90111 
11.1031 1.89271 
10.9151 1.86066 
11.0115 1.8771 
11.145 1.89986 
11.0001 1.87516 
11.0274 1.8798 
10.7974 1.8406 
10.6328 1.81255 
10.3806 1.76955 
10.5199 1.7933 
10.2725 1.75112 
10.1069 1.72289 
9.74435 1.66109 
9.55261 1.6284 
9.42459 1.60658 
9.23553 1.57435 
9.02117 1.53781 
8.78627 1.49777 
8.66157 1.47651 
8.66789 1.47759 
8.5759 1.46191 


8.63237 1.47153 
8.47504 1.44471 
8.44764 1.44004 
8.31887 1.41809 
8.02677 1.3683 
8.0088 1.36523 
7.80699 1.33083 
7.78493 1.32707 
7.89193 1.34531 
7.74762 1.32071 
7.82599 1.33407 
7.66665 1.30691 
7.83103 1.33493 
7.74921 1.32098 
7.63979 1.30233 
7.53638 1.2847 
7.56323 1.28928 
7.71571 1.31527 
7.65611 1.30511 
7.71106 1.31448 
7.66472 1.30658 
7.93855 1.35326 
7.96269 1.35737 
8.07381 1.37632 
8.26822 1.40946 
8.39084 1.43036 
8.40249 1.43235 
8.44418 1.43945 
8.66899 1.47778 
9.01969 1.53756 
9.14026 1.55811 
9.44532 1.61011 
9.81169 1.67257 
10.2337 1.74451 
10.5239 1.79397 
10.7168 1.82685 
11.1415 1.89926 
11.2956 1.92553 
11.335 1.93225 
11.1843 1.90656 
11.5584 1.97033 
11.4314 1.94868 
11.5317 1.96578 
11.5709 1.97245 
11.2922 1.92495 
11.3527 1.93526 
11.3667 1.93765 
10.9662 1.86938 
10.8511 1.84976 
10.908 1.85946 
11.1053 1.89309 
11.2521 1.91811 
11.1437 1.89963 
11.329 1.93122 
11.1986 1.90899 
11.1534 1.90129 
11.2685 1.9209 
11.0054 1.87606 
11.0537 1.88428 
10.9707 1.87014 
10.9382 1.86461 
10.9649 1.86915 
11.0158 1.87782 
10.9061 1.85914 
11.1226 1.89604 
11.2142 1.91164 
11.147 1.90019 
11.1235 1.89619 
11.2849 1.9237 
11.271 1.92134 
11.1728 1.90459 
11.2155 1.91188 
11.102 1.89253 
11.0155 1.87778 
11.1524 1.90111 
11.1031 1.89271 
10.9151 1.86066 
11.0115 1.8771 
11.145 1.89986 
11.0001 1.87516 
11.0274 1.8798 
10.7974 1.8406 
10.6328 1.81255 
10.3806 1.76955 
10.5199 1.7933 
10.2725 1.75112 
10.1069 1.72289 
9.74435 1.66109 
9.55261 1.6284 
9.42459 1.60658 
9.23553 1.57435 
9.02117 1.53781 
8.78627 1.49777 
8.66157 1.47651 
8.66789 1.47759 
8.5759 1.46191 


14.6872 2.07139 
14.4195 2.03364 
14.3729 2.02707 
14.1538 1.99617 
13.6568 1.92608 
13.6263 1.92176 
13.2829 1.87334 
13.2454 1.86804 
13.4274 1.89372 
13.1819 1.85909 
13.3152 1.8779 
13.0441 1.83966 
13.3238 1.87911 
13.1846 1.85947 
12.9984 1.83322 
12.8225 1.8084 
12.8682 1.81485 
13.1276 1.85144 
13.0262 1.83713 
13.1197 1.85032 
13.0408 1.8392 
13.5067 1.90491 
13.5478 1.9107 
13.7369 1.93736 
14.0676 1.98401 
14.2763 2.01344 
14.2961 2.01623 
14.367 2.02624 
14.7495 2.08018 
15.3462 2.16433 
15.5513 2.19326 
16.0704 2.26647 
16.6937 2.35438 
17.4118 2.45565 
17.9054 2.52527 
18.2336 2.57156 
18.9563 2.67348 
19.2185 2.71046 
19.2856 2.71992 
19.0292 2.68376 
19.6657 2.77352 
19.4495 2.74304 
19.6202 2.76711 
19.6868 2.77651 
19.2127 2.70964 
19.3157 2.72416 
19.3395 2.72752 
18.658 2.63141 
18.4622 2.6038 
18.559 2.61745 
18.8947 2.6648 
19.1445 2.70002 
18.96 2.674 
19.2753 2.71847 
19.0534 2.68718 
18.9766 2.67634 
19.1723 2.70395 
18.7247 2.64082 
18.8068 2.6524 
18.6657 2.63249 
18.6105 2.6247 
18.6558 2.6311 
18.7424 2.64331 
18.5558 2.617 
18.9241 2.66895 
19.0799 2.69091 
18.9656 2.67479 
18.9257 2.66916 
19.2002 2.70788 
19.1767 2.70456 
19.0095 2.68099 
19.0822 2.69124 
18.8891 2.664 
18.742 2.64325 
18.9747 2.67608 
18.891 2.66427 
18.571 2.61915 
18.7351 2.64229 
18.9623 2.67432 
18.7158 2.63955 
18.7621 2.64609 
18.3708 2.59091 
18.0908 2.55142 
17.6616 2.49089 
17.8987 2.52432 
17.4778 2.46496 
17.196 2.42521 
16.5792 2.33822 
16.2529 2.29221 
16.0351 2.26149 
15.7134 2.21613 
15.3487 2.16469 
14.9491 2.10832 
14.7369 2.0784 
14.7476 2.07992 
14.5911 2.05784 


0.937283 0.937283 
0.9202 0.9202 
0.917225 0.917225 
0.903244 0.903244 
0.871528 0.871528 
0.869576 0.869576 
0.847665 0.847665 
0.845269 0.845269 
0.856888 0.856888 
0.841219 0.841219 
0.849727 0.849727 
0.832426 0.832426 
0.850275 0.850275 
0.841391 0.841391 
0.82951 0.82951 
0.818283 0.818283 
0.821198 0.821198 
0.837754 0.837754 
0.831283 0.831283 
0.837249 0.837249 
0.832218 0.832218 
0.861949 0.861949 
0.86457 0.86457 
0.876635 0.876635 
0.897744 0.897744 
0.911057 0.911057 
0.912323 0.912323 
0.916849 0.916849 
0.941259 0.941259 
0.979336 0.979336 
0.992428 0.992428 
1.02555 1.02555 
1.06533 1.06533 
1.11115 1.11115 
1.14266 1.14266 
1.1636 1.1636 
1.20972 1.20972 
1.22645 1.22645 
1.23073 1.23073 
1.21437 1.21437 
1.25499 1.25499 
1.2412 1.2412 
1.25209 1.25209 
1.25634 1.25634 
1.22608 1.22608 
1.23265 1.23265 
1.23417 1.23417 
1.19069 1.19069 
1.17819 1.17819 
1.18437 1.18437 
1.20579 1.20579 
1.22173 1.22173 
1.20995 1.20995 
1.23008 1.23008 
1.21592 1.21592 
1.21102 1.21102 
1.22351 1.22351 
1.19494 1.19494 
1.20018 1.20018 
1.19117 1.19117 
1.18765 1.18765 
1.19054 1.19054 
1.19607 1.19607 
1.18416 1.18416 
1.20767 1.20767 
1.21761 1.21761 
1.21031 1.21031 
1.20777 1.20777 
1.22529 1.22529 
1.22378 1.22378 
1.21312 1.21312 
1.21775 1.21775 
1.20543 1.20543 
1.19604 1.19604 
1.2109 1.2109 
1.20555 1.20555 
1.18513 1.18513 
1.19561 1.19561 
1.2101 1.2101 
1.19437 1.19437 
1.19733 1.19733 
1.17236 1.17236 
1.15449 1.15449 
1.1271 1.1271 
1.14223 1.14223 
1.11536 1.11536 
1.09738 1.09738 
1.05802 1.05802 
1.0372 1.0372 
1.0233 1.0233 
1.00277 1.00277 
0.979498 0.979498 
0.953993 0.953993 
0.940453 0.940453 
0.941139 0.941139 
0.931151 0.931151 


8.50115 1.74335 
8.34621 1.71157 
8.31923 1.70604 
8.19242 1.68003 
7.90475 1.62104 
7.88706 1.61741 
7.68832 1.57666 
7.66659 1.5722 
7.77197 1.59381 
7.62985 1.56467 
7.70703 1.58049 
7.55011 1.54831 
7.71199 1.58151 
7.63142 1.56499 
7.52366 1.54289 
7.42182 1.52201 
7.44826 1.52743 
7.59843 1.55822 
7.53973 1.54619 
7.59385 1.55728 
7.54821 1.54792 
7.81788 1.60322 
7.84165 1.6081 
7.95108 1.63054 
8.14254 1.6698 
8.26329 1.69457 
8.27477 1.69692 
8.31582 1.70534 
8.53722 1.75074 
8.88258 1.82157 
9.00132 1.84592 
9.30174 1.90752 
9.66254 1.98151 
10.0782 2.06675 
10.3639 2.12534 
10.5539 2.1643 
10.9722 2.25008 
11.1239 2.2812 
11.1627 2.28916 
11.0143 2.25873 
11.3827 2.33428 
11.2576 2.30863 
11.3564 2.32888 
11.395 2.33679 
11.1205 2.28051 
11.1802 2.29273 
11.194 2.29556 
10.7995 2.21467 
10.6862 2.19143 
10.7422 2.20292 
10.9365 2.24277 
11.0811 2.27241 
10.9743 2.25052 
11.1568 2.28794 
11.0284 2.26161 
10.9839 2.25249 
11.0972 2.27572 
10.8381 2.22259 
10.8856 2.23233 
10.8039 2.21558 
10.772 2.20903 
10.7982 2.21441 
10.8483 2.22468 
10.7404 2.20254 
10.9535 2.24626 
11.0437 2.26475 
10.9775 2.25118 
10.9544 2.24645 
11.1133 2.27903 
11.0997 2.27623 
11.003 2.2564 
11.045 2.26502 
10.9333 2.2421 
10.8481 2.22464 
10.9828 2.25227 
10.9343 2.24232 
10.7492 2.20435 
10.8441 2.22383 
10.9756 2.25079 
10.8329 2.22153 
10.8597 2.22702 
10.6333 2.18058 
10.4712 2.14735 
10.2228 2.0964 
10.36 2.12454 
10.1164 2.07458 
9.95325 2.04113 
9.59623 1.96791 
9.4074 1.92919 
9.28133 1.90334 
9.09515 1.86516 
8.88404 1.82187 
8.65271 1.77443 
8.5299 1.74924 
8.53613 1.75052 
8.44554 1.73194 


0.937283 0.937283 
0.9202 0.9202 
0.917225 0.917225 
0.903244 0.903244 
0.871528 0.871528 
0.869576 0.869576 
0.847665 0.847665 
0.845269 0.845269 
0.856888 0.856888 
0.841219 0.841219 
0.849727 0.849727 
0.832426 0.832426 
0.850275 0.850275 
0.841391 0.841391 
0.82951 0.82951 
0.818283 0.818283 
0.821198 0.821198 
0.837754 0.837754 
0.831283 0.831283 
0.837249 0.837249 
0.832218 0.832218 
0.861949 0.861949 
0.86457 0.86457 
0.876635 0.876635 
0.897744 0.897744 
0.911057 0.911057 
0.912323 0.912323 
0.916849 0.916849 
0.941259 0.941259 
0.979336 0.979336 
0.992428 0.992428 
1.02555 1.02555 
1.06533 1.06533 
1.11115 1.11115 
1.14266 1.14266 
1.1636 1.1636 
1.20972 1.20972 
1.22645 1.22645 
1.23073 1.23073 
1.21437 1.21437 
1.25499 1.25499 
1.2412 1.2412 
1.25209 1.25209 
1.25634 1.25634 
1.22608 1.22608 
1.23265 1.23265 
1.23417 1.23417 
1.19069 1.19069 
1.17819 1.17819 
1.18437 1.18437 
1.20579 1.20579 
1.22173 1.22173 
1.20995 1.20995 
1.23008 1.23008 
1.21592 1.21592 
1.21102 1.21102 
1.22351 1.22351 
1.19494 1.19494 
1.20018 1.20018 
1.19117 1.19117 
1.18765 1.18765 
1.19054 1.19054 
1.19607 1.19607 
1.18416 1.18416 
1.20767 1.20767 
1.21761 1.21761 
1.21031 1.21031 
1.20777 1.20777 
1.22529 1.22529 
1.22378 1.22378 
1.21312 1.21312 
1.21775 1.21775 
1.20543 1.20543 
1.19604 1.19604 
1.2109 1.2109 
1.20555 1.20555 
1.18513 1.18513 
1.19561 1.19561 
1.2101 1.2101 
1.19437 1.19437 
1.19733 1.19733 
1.17236 1.17236 
1.15449 1.15449 
1.1271 1.1271 
1.14223 1.14223 
1.11536 1.11536 
1.09738 1.09738 
1.05802 1.05802 
1.0372 1.0372 
1.0233 1.0233 
1.00277 1.00277 
0.979498 0.979498 
0.953993 0.953993 
0.940453 0.940453 
0.941139 0.941139 
0.931151 0.931151 


14.481 0.656098 
14.2171 0.64414 
14.1711 0.642057 
13.9551 0.632271 
13.4651 0.610069 
13.435 0.608703 
13.0964 0.593365 
13.0594 0.591688 
13.2389 0.599821 
12.9968 0.588853 
13.1283 0.594809 
12.861 0.582698 
13.1367 0.595193 
12.9995 0.588974 
12.8159 0.580657 
12.6425 0.572798 
12.6875 0.574838 
12.9433 0.586428 
12.8433 0.581898 
12.9355 0.586074 
12.8578 0.582552 
13.3171 0.603364 
13.3576 0.605199 
13.544 0.613645 
13.8701 0.628421 
14.0758 0.63774 
14.0954 0.638626 
14.1653 0.641794 
14.5424 0.658881 
15.1307 0.685535 
15.333 0.694699 
15.8447 0.717885 
16.4593 0.745731 
17.1673 0.777808 
17.654 0.799858 
17.9776 0.81452 
18.6902 0.846804 
18.9487 0.858516 
19.0148 0.861513 
18.762 0.850059 
19.3896 0.878491 
19.1765 0.868837 
19.3448 0.876461 
19.4104 0.879436 
18.9429 0.858256 
19.0445 0.862857 
19.068 0.863922 
18.3961 0.833479 
18.203 0.824733 
18.2985 0.829057 
18.6295 0.844053 
18.8757 0.855208 
18.6938 0.846968 
19.0047 0.861053 
18.7859 0.851143 
18.7102 0.84771 
18.9032 0.856453 
18.4618 0.836458 
18.5428 0.840126 
18.4036 0.833821 
18.3492 0.831354 
18.3939 0.833379 
18.4792 0.837246 
18.2953 0.828915 
18.6585 0.845367 
18.812 0.852324 
18.6993 0.84722 
18.66 0.845436 
18.9307 0.857699 
18.9074 0.856647 
18.7426 0.849181 
18.8143 0.852428 
18.6239 0.843801 
18.4788 0.837229 
18.7083 0.847627 
18.6257 0.843885 
18.3103 0.829594 
18.4721 0.836924 
18.696 0.84707 
18.453 0.836058 
18.4987 0.838127 
18.1129 0.820649 
17.8368 0.808141 
17.4137 0.788969 
17.6474 0.799558 
17.2324 0.780755 
16.9545 0.768167 
16.3464 0.740613 
16.0247 0.72604 
15.81 0.71631 
15.4928 0.701941 
15.1332 0.685648 
14.7392 0.667795 
14.53 0.658317 
14.5406 0.658797 
14.3863 0.651806 


8.50115 1.74335 
8.34621 1.71157 
8.31923 1.70604 
8.19242 1.68003 
7.90475 1.62104 
7.88706 1.61741 
7.68832 1.57666 
7.66659 1.5722 
7.77197 1.59381 
7.62985 1.56467 
7.70703 1.58049 
7.55011 1.54831 
7.71199 1.58151 
7.63142 1.56499 
7.52366 1.54289 
7.42182 1.52201 
7.44826 1.52743 
7.59843 1.55822 
7.53973 1.54619 
7.59385 1.55728 
7.54821 1.54792 
7.81788 1.60322 
7.84165 1.6081 
7.95108 1.63054 
8.14254 1.6698 
8.26329 1.69457 
8.27477 1.69692 
8.31582 1.70534 
8.53722 1.75074 
8.88258 1.82157 
9.00132 1.84592 
9.30174 1.90752 
9.66254 1.98151 
10.0782 2.06675 
10.3639 2.12534 
10.5539 2.1643 
10.9722 2.25008 
11.1239 2.2812 
11.1627 2.28916 
11.0143 2.25873 
11.3827 2.33428 
11.2576 2.30863 
11.3564 2.32888 
11.395 2.33679 
11.1205 2.28051 
11.1802 2.29273 
11.194 2.29556 
10.7995 2.21467 
10.6862 2.19143 
10.7422 2.20292 
10.9365 2.24277 
11.0811 2.27241 
10.9743 2.25052 
11.1568 2.28794 
11.0284 2.26161 
10.9839 2.25249 
11.0972 2.27572 
10.8381 2.22259 
10.8856 2.23233 
10.8039 2.21558 
10.772 2.20903 
10.7982 2.21441 
10.8483 2.22468 
10.7404 2.20254 
10.9535 2.24626 
11.0437 2.26475 
10.9775 2.25118 
10.9544 2.24645 
11.1133 2.27903 
11.0997 2.27623 
11.003 2.2564 
11.045 2.26502 
10.9333 2.2421 
10.8481 2.22464 
10.9828 2.25227 
10.9343 2.24232 
10.7492 2.20435 
10.8441 2.22383 
10.9756 2.25079 
10.8329 2.22153 
10.8597 2.22702 
10.6333 2.18058 
10.4712 2.14735 
10.2228 2.0964 
10.36 2.12454 
10.1164 2.07458 
9.95325 2.04113 
9.59623 1.96791 
9.4074 1.92919 
9.28133 1.90334 
9.09515 1.86516 
8.88404 1.82187 
8.65271 1.77443 
8.5299 1.74924 
8.53613 1.75052 
8.44554 1.73194 


24.2475 5.97049 
23.8056 5.86167 
23.7286 5.84272 
23.3669 5.75366 
22.5464 5.55163 
22.4959 5.5392 
21.9291 5.39963 
21.8671 5.38436 
22.1677 5.45837 
21.7623 5.35856 
21.9825 5.41276 
21.5349 5.30256 
21.9966 5.41625 
21.7668 5.35966 
21.4594 5.28398 
21.169 5.21246 
21.2444 5.23103 
21.6727 5.33649 
21.5053 5.29527 
21.6596 5.33327 
21.5295 5.30123 
22.2986 5.49061 
22.3664 5.50731 
22.6785 5.58416 
23.2246 5.71863 
23.5691 5.80344 
23.6018 5.81149 
23.7189 5.84033 
24.3504 5.99582 
25.3354 6.23837 
25.6741 6.32176 
26.531 6.53275 
27.5601 6.78615 
28.7455 7.07805 
29.5605 7.27871 
30.1023 7.41213 
31.2955 7.70592 
31.7283 7.81249 
31.839 7.83977 
31.4158 7.73554 
32.4665 7.99427 
32.1097 7.90642 
32.3915 7.9758 
32.5015 8.00287 
31.7187 7.81013 
31.8887 7.852 
31.9281 7.86169 
30.803 7.58466 
30.4798 7.50507 
30.6396 7.54442 
31.1938 7.68088 
31.6061 7.7824 
31.3015 7.70741 
31.822 7.83558 
31.4558 7.7454 
31.329 7.71417 
31.6521 7.79373 
30.9131 7.61177 
31.0487 7.64515 
30.8156 7.58777 
30.7245 7.56532 
30.7993 7.58375 
30.9422 7.61894 
30.6343 7.54312 
31.2424 7.69284 
31.4995 7.75615 
31.3108 7.7097 
31.2449 7.69347 
31.6981 7.80507 
31.6592 7.79549 
31.3833 7.72755 
31.5033 7.7571 
31.1845 7.67859 
30.9416 7.61878 
31.3259 7.71341 
31.1876 7.67935 
30.6594 7.5493 
30.9303 7.61601 
31.3053 7.70834 
30.8983 7.60813 
30.9748 7.62696 
30.3289 7.46791 
29.8666 7.35409 
29.158 7.17962 
29.5494 7.27598 
28.8545 7.10488 
28.3893 6.99032 
27.3709 6.73958 
26.8324 6.60696 
26.4728 6.51842 
25.9417 6.38766 
25.3396 6.2394 
24.6798 6.07693 
24.3295 5.99068 
24.3473 5.99505 
24.0889 5.93143 


