-161.708 -48.3603 
-157.688 -47.158 
-157.267 -47.0321 
-151.111 -45.1913 
-147.187 -44.0178 
-147.183 -44.0166 
-144.842 -43.3165 
-144.537 -43.2252 
-146.229 -43.7312 
-143.97 -43.0557 
-143.67 -42.966 
-144.21 -43.1273 
-143.115 -42.7999 
-143.318 -42.8607 
-140.662 -42.0664 
-141.127 -42.2056 
-139.735 -41.7891 
-140.564 -42.037 
-141.256 -42.2441 
-143.394 -42.8835 
-143.438 -42.8966 
-146.911 -43.9352 
-146.997 -43.9608 
-150.93 -45.1371 
-150.629 -45.0472 
-152.769 -45.687 
-153.564 -45.9248 
-157.458 -47.0894 
-160.513 -48.003 
-163.501 -48.8965 
-168.698 -50.4507 
-174.412 -52.1596 
-181.637 -54.3203 
-189.052 -56.5379 
-193.897 -57.9869 
-195.958 -58.6033 
-203.057 -60.7261 
-206.914 -61.8796 
-209.063 -62.5223 
-208.541 -62.3662 
-215.733 -64.517 
-211.983 -63.3955 
-213.201 -63.7599 
-212.652 -63.5957 
-209.712 -62.7163 
-208.458 -62.3415 
-209.006 -62.5052 
-203.949 -60.9928 
-199.093 -59.5408 
-203.341 -60.8111 
-205.776 -61.5393 
-206.659 -61.8034 
-207.746 -62.1285 
-208.633 -62.3937 
-207.603 -62.0856 
-208.306 -62.2959 
-206.937 -61.8865 
-204.557 -61.1748 
-202.765 -60.6388 
-202.848 -60.6636 
-201.844 -60.3636 
-202.014 -60.4143 
-206.03 -61.6153 
-200.24 -59.8839 
-204.806 -61.2493 
-207.864 -62.1639 
-202.926 -60.687 
-207.776 -62.1376 
-209.822 -62.7493 
-208.271 -62.2856 
-203.682 -60.913 
-207.357 -62.0123 
-206.246 -61.6799 
-205.034 -61.3174 
-206.095 -61.6349 
-205.941 -61.5887 
-204.465 -61.1473 
-203.201 -60.7693 
-203.277 -60.7919 
-205.248 -61.3815 
-200.871 -60.0724 
-200.102 -59.8424 
-197.187 -58.9706 
-192.152 -57.465 
-193.251 -57.7936 
-188.724 -56.4398 
-188.599 -56.4023 
-178.726 -53.4498 
-177.053 -52.9494 
-176.424 -52.7615 
-168.47 -50.3826 
-165.085 -49.3704 
-160.894 -48.117 
-159.428 -47.6784 
-161.261 -48.2266 
-157.465 -47.0915 


-125.889 -38.0992 
-122.759 -37.152 
-122.431 -37.0528 
-117.639 -35.6026 
-114.585 -34.6781 
-114.582 -34.6771 
-112.759 -34.1256 
-112.521 -34.0537 
-113.839 -34.4523 
-112.08 -33.9201 
-111.847 -33.8495 
-112.267 -33.9765 
-111.414 -33.7186 
-111.573 -33.7665 
-109.505 -33.1407 
-109.867 -33.2504 
-108.783 -32.9223 
-109.428 -33.1176 
-109.967 -33.2807 
-111.632 -33.7845 
-111.666 -33.7948 
-114.37 -34.613 
-114.436 -34.6332 
-117.498 -35.5599 
-117.264 -35.4891 
-118.93 -35.9931 
-119.549 -36.1804 
-122.58 -37.0979 
-124.959 -37.8177 
-127.285 -38.5216 
-131.33 -39.746 
-135.779 -41.0923 
-141.404 -42.7946 
-147.176 -44.5416 
-150.948 -45.6832 
-152.553 -46.1688 
-158.079 -47.8412 
-161.082 -48.75 
-162.754 -49.2562 
-162.348 -49.1333 
-167.947 -50.8278 
-165.028 -49.9442 
-165.976 -50.2313 
-165.549 -50.1019 
-163.26 -49.4091 
-162.284 -49.1138 
-162.71 -49.2428 
-158.773 -48.0513 
-154.993 -46.9074 
-158.3 -47.9081 
-160.196 -48.4819 
-160.883 -48.6899 
-161.729 -48.946 
-162.42 -49.155 
-161.618 -48.9122 
-162.165 -49.0779 
-161.099 -48.7554 
-159.247 -48.1947 
-157.852 -47.7724 
-157.916 -47.7919 
-157.135 -47.5556 
-157.267 -47.5955 
-160.394 -48.5418 
-155.886 -47.1777 
-159.441 -48.2534 
-161.822 -48.9739 
-157.977 -47.8104 
-161.753 -48.9532 
-163.346 -49.4351 
-162.138 -49.0698 
-158.565 -47.9884 
-161.427 -48.8545 
-160.562 -48.5926 
-159.618 -48.307 
-160.444 -48.5571 
-160.324 -48.5207 
-159.175 -48.173 
-158.191 -47.8752 
-158.25 -47.893 
-159.785 -48.3575 
-156.377 -47.3262 
-155.778 -47.145 
-153.509 -46.4582 
-149.59 -45.272 
-150.445 -45.5309 
-146.921 -44.4643 
-146.823 -44.4348 
-139.137 -42.1088 
-137.835 -41.7145 
-137.346 -41.5665 
-131.153 -39.6924 
-128.518 -38.8949 
-125.256 -37.9075 
-124.114 -37.562 
-125.541 -37.9938 
-122.586 -37.0996 


0.969107 0.27553 
0.945013 0.26868 
0.94249 0.267963 
0.905602 0.257475 
0.882086 0.250789 
0.882062 0.250782 
0.868031 0.246793 
0.866203 0.246273 
0.876342 0.249156 
0.862807 0.245308 
0.861009 0.244797 
0.864241 0.245716 
0.85768 0.24385 
0.858899 0.244197 
0.842982 0.239671 
0.84577 0.240464 
0.837424 0.238091 
0.842392 0.239504 
0.846541 0.240683 
0.859355 0.244326 
0.859618 0.244401 
0.880431 0.250319 
0.880943 0.250464 
0.904516 0.257166 
0.902714 0.256654 
0.915535 0.260299 
0.9203 0.261654 
0.943638 0.268289 
0.961947 0.273495 
0.979852 0.278585 
1.011 0.28744 
1.04524 0.297176 
1.08854 0.309487 
1.13298 0.322121 
1.16202 0.330377 
1.17437 0.333889 
1.21691 0.345984 
1.24002 0.352556 
1.2529 0.356217 
1.24977 0.355328 
1.29288 0.367582 
1.2704 0.361192 
1.2777 0.363268 
1.27441 0.362333 
1.25679 0.357323 
1.24928 0.355187 
1.25256 0.35612 
1.22225 0.347503 
1.19316 0.339231 
1.21861 0.346468 
1.2332 0.350617 
1.2385 0.352121 
1.24501 0.353974 
1.25033 0.355485 
1.24415 0.353729 
1.24837 0.354928 
1.24016 0.352595 
1.2259 0.34854 
1.21516 0.345486 
1.21566 0.345627 
1.20964 0.343918 
1.21066 0.344207 
1.23473 0.35105 
1.20003 0.341185 
1.22739 0.348965 
1.24572 0.354176 
1.21612 0.345761 
1.24519 0.354025 
1.25745 0.357511 
1.24816 0.354869 
1.22065 0.347048 
1.24268 0.353312 
1.23602 0.351418 
1.22876 0.349352 
1.23512 0.351161 
1.23419 0.350898 
1.22535 0.348383 
1.21777 0.34623 
1.21823 0.346359 
1.23004 0.349718 
1.20381 0.342259 
1.1992 0.340949 
1.18173 0.335982 
1.15156 0.327404 
1.15814 0.329276 
1.13101 0.321563 
1.13026 0.321349 
1.0711 0.304527 
1.06107 0.301676 
1.0573 0.300606 
1.00963 0.287052 
0.989348 0.281285 
0.964232 0.274144 
0.955442 0.271645 
0.966427 0.274768 
0.943681 0.268301 


2.28025 1.14013 
2.22356 1.11178 
2.21762 1.10881 
2.13083 1.06541 
2.0755 1.03775 
2.07544 1.03772 
2.04243 1.02121 
2.03813 1.01906 
2.06198 1.03099 
2.03013 1.01507 
2.0259 1.01295 
2.03351 1.01675 
2.01807 1.00903 
2.02094 1.01047 
1.98349 0.991743 
1.99005 0.995023 
1.97041 0.985205 
1.9821 0.99105 
1.99186 0.995931 
2.02201 1.01101 
2.02263 1.01132 
2.0716 1.0358 
2.07281 1.0364 
2.12827 1.06414 
2.12403 1.06202 
2.1542 1.0771 
2.16541 1.08271 
2.22032 1.11016 
2.2634 1.1317 
2.30553 1.15277 
2.37881 1.18941 
2.45939 1.2297 
2.56127 1.28064 
2.66583 1.33292 
2.73415 1.36708 
2.76322 1.38161 
2.86331 1.43166 
2.9177 1.45885 
2.948 1.474 
2.94064 1.47032 
3.04206 1.52103 
2.98918 1.49459 
3.00636 1.50318 
2.99862 1.49931 
2.95715 1.47858 
2.93948 1.46974 
2.9472 1.4736 
2.87589 1.43794 
2.80743 1.40371 
2.86732 1.43366 
2.90166 1.45083 
2.91411 1.45705 
2.92944 1.46472 
2.94194 1.47097 
2.92742 1.46371 
2.93733 1.46867 
2.91803 1.45901 
2.88447 1.44223 
2.8592 1.4296 
2.86036 1.43018 
2.84622 1.42311 
2.84861 1.42431 
2.90524 1.45262 
2.8236 1.4118 
2.88798 1.44399 
2.93111 1.46555 
2.86147 1.43073 
2.92987 1.46493 
2.95871 1.47936 
2.93685 1.46842 
2.87213 1.43606 
2.92396 1.46198 
2.90828 1.45414 
2.89119 1.4456 
2.90616 1.45308 
2.90399 1.45199 
2.88317 1.44159 
2.86535 1.43267 
2.86642 1.43321 
2.89421 1.44711 
2.83249 1.41625 
2.82164 1.41082 
2.78054 1.39027 
2.70955 1.35477 
2.72504 1.36252 
2.66121 1.3306 
2.65944 1.32972 
2.52022 1.26011 
2.49663 1.24832 
2.48777 1.24389 
2.3756 1.1878 
2.32788 1.16394 
2.26878 1.13439 
2.2481 1.12405 
2.27395 1.13697 
2.22043 1.11021 


2.6793 0.45605 
2.61268 0.444712 
2.60571 0.443525 
2.50372 0.426166 
2.43871 0.415099 
2.43864 0.415088 
2.39985 0.408485 
2.3948 0.407625 
2.42283 0.412396 
2.38541 0.406027 
2.38044 0.405181 
2.38937 0.406702 
2.37123 0.403614 
2.3746 0.404188 
2.3306 0.396697 
2.33831 0.398009 
2.31523 0.394082 
2.32897 0.39642 
2.34044 0.398372 
2.37586 0.404402 
2.37659 0.404526 
2.43413 0.41432 
2.43555 0.414562 
2.50072 0.425654 
2.49574 0.424807 
2.53119 0.43084 
2.54436 0.433082 
2.60888 0.444065 
2.6595 0.452681 
2.709 0.461107 
2.79511 0.475763 
2.88978 0.491878 
3.00949 0.512254 
3.13235 0.533167 
3.21263 0.546831 
3.24679 0.552644 
3.36439 0.572663 
3.4283 0.583541 
3.4639 0.589601 
3.45526 0.588129 
3.57442 0.608412 
3.51229 0.597836 
3.53247 0.601272 
3.52338 0.599724 
3.47466 0.591431 
3.45389 0.587896 
3.46296 0.58944 
3.37917 0.575178 
3.29873 0.561485 
3.3691 0.573464 
3.40945 0.580331 
3.42408 0.582821 
3.44209 0.585887 
3.45678 0.588389 
3.43971 0.585483 
3.45137 0.587467 
3.42868 0.583606 
3.38925 0.576894 
3.35956 0.57184 
3.36093 0.572073 
3.34431 0.569244 
3.34712 0.569722 
3.41366 0.581048 
3.31773 0.56472 
3.39338 0.577597 
3.44405 0.586222 
3.36223 0.572294 
3.44259 0.585973 
3.47649 0.591742 
3.4508 0.587369 
3.37475 0.574425 
3.43565 0.584792 
3.41723 0.581657 
3.39715 0.578239 
3.41474 0.581233 
3.41218 0.580797 
3.38773 0.576634 
3.36678 0.57307 
3.36804 0.573283 
3.4007 0.578843 
3.32818 0.566498 
3.31543 0.564329 
3.26714 0.556108 
3.18372 0.54191 
3.20193 0.545009 
3.12692 0.532241 
3.12484 0.531888 
2.96126 0.504045 
2.93354 0.499326 
2.92313 0.497554 
2.79133 0.475121 
2.73526 0.465575 
2.66582 0.453756 
2.64152 0.44962 
2.67189 0.454789 
2.609 0.444085 


2.06173 0.142516 
2.01047 0.138973 
2.0051 0.138601 
1.92662 0.133177 
1.87659 0.129718 
1.87654 0.129715 
1.84669 0.127652 
1.8428 0.127383 
1.86437 0.128874 
1.83558 0.126883 
1.83175 0.126619 
1.83863 0.127094 
1.82467 0.126129 
1.82726 0.126309 
1.7934 0.123968 
1.79933 0.124378 
1.78158 0.123151 
1.79215 0.123881 
1.80098 0.124491 
1.82824 0.126376 
1.82879 0.126414 
1.87307 0.129475 
1.87416 0.129551 
1.92431 0.133017 
1.92048 0.132752 
1.94776 0.134638 
1.95789 0.135338 
2.00754 0.13877 
2.04649 0.141463 
2.08459 0.144096 
2.15084 0.148676 
2.2237 0.153712 
2.31582 0.160079 
2.41036 0.166615 
2.47213 0.170885 
2.49841 0.172701 
2.58891 0.178957 
2.63809 0.182357 
2.66549 0.18425 
2.65883 0.18379 
2.75053 0.190129 
2.70272 0.186824 
2.71825 0.187898 
2.71125 0.187414 
2.67376 0.184822 
2.65778 0.183718 
2.66476 0.1842 
2.60028 0.179743 
2.53838 0.175464 
2.59253 0.179207 
2.62358 0.181354 
2.63484 0.182132 
2.6487 0.18309 
2.66001 0.183871 
2.64687 0.182963 
2.65584 0.183583 
2.63838 0.182377 
2.60804 0.180279 
2.58519 0.1787 
2.58625 0.178773 
2.57346 0.177889 
2.57562 0.178038 
2.62682 0.181578 
2.55301 0.176475 
2.61122 0.180499 
2.65021 0.183194 
2.58724 0.178842 
2.64909 0.183117 
2.67517 0.184919 
2.6554 0.183553 
2.59688 0.179508 
2.64375 0.182747 
2.62957 0.181768 
2.61412 0.1807 
2.62766 0.181635 
2.62569 0.181499 
2.60687 0.180198 
2.59075 0.179084 
2.59172 0.179151 
2.61685 0.180888 
2.56104 0.177031 
2.55124 0.176353 
2.51407 0.173784 
2.44988 0.169347 
2.46389 0.170315 
2.40617 0.166325 
2.40458 0.166215 
2.2787 0.157514 
2.25737 0.156039 
2.24936 0.155486 
2.14794 0.148475 
2.10479 0.145492 
2.05136 0.141799 
2.03266 0.140506 
2.05603 0.142122 
2.00764 0.138777 


6.3087 0.36104 
6.15185 0.352064 
6.13543 0.351124 
5.89529 0.337381 
5.74221 0.32862 
5.74205 0.328611 
5.65071 0.323384 
5.63881 0.322703 
5.70481 0.32648 
5.6167 0.321438 
5.605 0.320768 
5.62604 0.321972 
5.58333 0.319528 
5.59126 0.319982 
5.48764 0.314052 
5.5058 0.315091 
5.45146 0.311981 
5.48381 0.313833 
5.51082 0.315378 
5.59423 0.320152 
5.59594 0.32025 
5.73143 0.328004 
5.73477 0.328195 
5.88822 0.336976 
5.87649 0.336305 
5.95996 0.341082 
5.99097 0.342857 
6.1429 0.351551 
6.26208 0.358372 
6.37864 0.365043 
6.58139 0.376646 
6.80432 0.389404 
7.08618 0.405535 
7.37547 0.42209 
7.5645 0.432908 
7.64491 0.43751 
7.92184 0.453358 
8.07231 0.46197 
8.15614 0.466767 
8.13578 0.465602 
8.41637 0.48166 
8.27006 0.473287 
8.3176 0.476007 
8.29618 0.474782 
8.18146 0.468216 
8.13256 0.465418 
8.15392 0.46664 
7.95663 0.455349 
7.76721 0.444509 
7.93292 0.453992 
8.02792 0.459429 
8.06236 0.4614 
8.10478 0.463828 
8.13938 0.465808 
8.09918 0.463507 
8.12662 0.465078 
8.07321 0.462021 
7.98037 0.456708 
7.91045 0.452706 
7.91368 0.452891 
7.87454 0.450651 
7.88116 0.45103 
8.03784 0.459997 
7.81196 0.44707 
7.99009 0.457264 
8.1094 0.464092 
7.91673 0.453066 
8.10596 0.463895 
8.18577 0.468463 
8.12528 0.465001 
7.94621 0.454753 
8.08962 0.46296 
8.04625 0.460478 
7.99897 0.457772 
8.04038 0.460142 
8.03436 0.459798 
7.97677 0.456502 
7.92746 0.45368 
7.93042 0.453849 
8.00733 0.458251 
7.83656 0.448478 
7.80655 0.44676 
7.69283 0.440252 
7.49642 0.429012 
7.53929 0.431465 
7.36267 0.421358 
7.35778 0.421078 
6.97262 0.399036 
6.90734 0.3953 
6.88283 0.393897 
6.5725 0.376137 
6.44046 0.368581 
6.27696 0.359223 
6.21974 0.355949 
6.29125 0.360041 
6.14318 0.351567 


1.29214 0.254628 
1.26002 0.248298 
1.25665 0.247635 
1.20747 0.237942 
1.17611 0.231764 
1.17608 0.231757 
1.15738 0.228071 
1.15494 0.227591 
1.16846 0.230255 
1.15041 0.226698 
1.14801 0.226226 
1.15232 0.227075 
1.14357 0.225351 
1.1452 0.225671 
1.12398 0.221489 
1.12769 0.222222 
1.11657 0.220029 
1.12319 0.221335 
1.12872 0.222425 
1.14581 0.225791 
1.14616 0.22586 
1.17391 0.231329 
1.17459 0.231464 
1.20602 0.237657 
1.20362 0.237184 
1.22071 0.240552 
1.22707 0.241804 
1.25818 0.247936 
1.2826 0.252747 
1.30647 0.257451 
1.34799 0.265634 
1.39365 0.274632 
1.45139 0.286009 
1.51064 0.297685 
1.54935 0.305314 
1.56583 0.30856 
1.62254 0.319737 
1.65337 0.32581 
1.67054 0.329194 
1.66637 0.328372 
1.72383 0.339697 
1.69387 0.333792 
1.7036 0.33571 
1.69922 0.334846 
1.67572 0.330216 
1.66571 0.328242 
1.67008 0.329104 
1.62967 0.321141 
1.59088 0.313496 
1.62481 0.320184 
1.64427 0.324018 
1.65133 0.325409 
1.66001 0.32712 
1.6671 0.328517 
1.65887 0.326895 
1.66449 0.328002 
1.65355 0.325846 
1.63453 0.322099 
1.62021 0.319277 
1.62087 0.319407 
1.61286 0.317828 
1.61421 0.318095 
1.6463 0.324419 
1.60004 0.315302 
1.63652 0.322491 
1.66096 0.327307 
1.6215 0.319531 
1.66026 0.327168 
1.6766 0.330389 
1.66421 0.327948 
1.62754 0.320721 
1.65691 0.326509 
1.64803 0.324758 
1.63834 0.32285 
1.64683 0.324522 
1.64559 0.324278 
1.6338 0.321954 
1.6237 0.319964 
1.6243 0.320083 
1.64005 0.323187 
1.60508 0.316295 
1.59893 0.315084 
1.57564 0.310494 
1.53541 0.302566 
1.54419 0.304297 
1.50802 0.297168 
1.50702 0.296971 
1.42813 0.281425 
1.41476 0.27879 
1.40974 0.277801 
1.34618 0.265276 
1.31913 0.259946 
1.28564 0.253347 
1.27392 0.251038 
1.28857 0.253924 
1.25824 0.247948 


1.75769 0.36104 
1.71399 0.352064 
1.70942 0.351124 
1.64251 0.337381 
1.59986 0.32862 
1.59982 0.328611 
1.57437 0.323384 
1.57105 0.322703 
1.58944 0.32648 
1.56489 0.321438 
1.56163 0.320768 
1.5675 0.321972 
1.5556 0.319528 
1.55781 0.319982 
1.52894 0.314052 
1.53399 0.315091 
1.51886 0.311981 
1.52787 0.313833 
1.53539 0.315378 
1.55863 0.320152 
1.55911 0.32025 
1.59686 0.328004 
1.59779 0.328195 
1.64054 0.336976 
1.63728 0.336305 
1.66053 0.341082 
1.66917 0.342857 
1.7115 0.351551 
1.74471 0.358372 
1.77718 0.365043 
1.83367 0.376646 
1.89578 0.389404 
1.97431 0.405535 
2.05491 0.42209 
2.10758 0.432908 
2.12998 0.43751 
2.20714 0.453358 
2.24906 0.46197 
2.27242 0.466767 
2.26675 0.465602 
2.34492 0.48166 
2.30416 0.473287 
2.3174 0.476007 
2.31144 0.474782 
2.27947 0.468216 
2.26585 0.465418 
2.2718 0.46664 
2.21683 0.455349 
2.16406 0.444509 
2.21023 0.453992 
2.23669 0.459429 
2.24629 0.4614 
2.25811 0.463828 
2.26775 0.465808 
2.25655 0.463507 
2.26419 0.465078 
2.24931 0.462021 
2.22345 0.456708 
2.20397 0.452706 
2.20486 0.452891 
2.19396 0.450651 
2.1958 0.45103 
2.23946 0.459997 
2.17653 0.44707 
2.22615 0.457264 
2.2594 0.464092 
2.20572 0.453066 
2.25844 0.463895 
2.28067 0.468463 
2.26382 0.465001 
2.21393 0.454753 
2.25389 0.46296 
2.2418 0.460478 
2.22863 0.457772 
2.24017 0.460142 
2.23849 0.459798 
2.22244 0.456502 
2.20871 0.45368 
2.20953 0.453849 
2.23096 0.458251 
2.18338 0.448478 
2.17502 0.44676 
2.14333 0.440252 
2.08861 0.429012 
2.10055 0.431465 
2.05135 0.421358 
2.04999 0.421078 
1.94267 0.399036 
1.92449 0.3953 
1.91766 0.393897 
1.83119 0.376137 
1.79441 0.368581 
1.74885 0.359223 
1.73291 0.355949 
1.75283 0.360041 
1.71158 0.351567 


5.63412 1.45366 
5.49405 1.41752 
5.47938 1.41374 
5.26492 1.3584 
5.1282 1.32313 
5.12806 1.32309 
5.0465 1.30205 
5.03587 1.2993 
5.09481 1.31451 
5.01612 1.29421 
5.00567 1.29151 
5.02446 1.29636 
4.98631 1.28652 
4.9934 1.28835 
4.90086 1.26447 
4.91707 1.26865 
4.86855 1.25614 
4.89744 1.26359 
4.92156 1.26981 
4.99605 1.28903 
4.99758 1.28943 
5.11858 1.32065 
5.12156 1.32142 
5.25861 1.35677 
5.24813 1.35407 
5.32267 1.3733 
5.35037 1.38045 
5.48605 1.41546 
5.59249 1.44292 
5.69659 1.46978 
5.87765 1.51649 
6.07675 1.56786 
6.32847 1.63281 
6.58683 1.69947 
6.75564 1.74302 
6.82746 1.76155 
7.07477 1.82536 
7.20916 1.86004 
7.28403 1.87935 
7.26584 1.87466 
7.51642 1.93931 
7.38576 1.9056 
7.42821 1.91655 
7.40909 1.91162 
7.30663 1.88519 
7.26297 1.87392 
7.28204 1.87884 
7.10584 1.83338 
6.93668 1.78973 
7.08467 1.82792 
7.16951 1.84981 
7.20027 1.85774 
7.23815 1.86752 
7.26905 1.87549 
7.23315 1.86623 
7.25766 1.87255 
7.20996 1.86024 
7.12704 1.83885 
7.0646 1.82274 
7.06749 1.82348 
7.03254 1.81447 
7.03844 1.81599 
7.17837 1.85209 
6.97665 1.80005 
7.13572 1.84109 
7.24228 1.86858 
7.07021 1.82419 
7.23921 1.86779 
7.31048 1.88618 
7.25646 1.87224 
7.09654 1.83098 
7.22462 1.86402 
7.18589 1.85403 
7.14366 1.84314 
7.18064 1.85268 
7.17526 1.85129 
7.12384 1.83802 
7.0798 1.82666 
7.08244 1.82734 
7.15112 1.84506 
6.99862 1.80571 
6.97181 1.7988 
6.87025 1.77259 
6.69484 1.72734 
6.73313 1.73722 
6.5754 1.69652 
6.57103 1.69539 
6.22706 1.60664 
6.16876 1.5916 
6.14687 1.58595 
5.86972 1.51445 
5.7518 1.48402 
5.60578 1.44635 
5.55468 1.43316 
5.61854 1.44964 
5.4863 1.41552 


2.50828 0.617568 
2.44592 0.602214 
2.43939 0.600607 
2.34391 0.577099 
2.28305 0.562113 
2.28298 0.562098 
2.24667 0.553157 
2.24194 0.551992 
2.26818 0.558453 
2.23315 0.549828 
2.22849 0.548682 
2.23686 0.550742 
2.21988 0.546561 
2.22303 0.547337 
2.18183 0.537194 
2.18905 0.538971 
2.16745 0.533652 
2.18031 0.536819 
2.19105 0.539463 
2.22421 0.547628 
2.22489 0.547796 
2.27876 0.561059 
2.28009 0.561386 
2.3411 0.576407 
2.33644 0.575259 
2.36962 0.583429 
2.38195 0.586466 
2.44236 0.601338 
2.48974 0.613005 
2.53609 0.624415 
2.6167 0.644262 
2.70533 0.666085 
2.8174 0.693678 
2.93242 0.721996 
3.00757 0.7405 
3.03954 0.748373 
3.14965 0.775481 
3.20947 0.790212 
3.2428 0.798418 
3.23471 0.796425 
3.34627 0.823891 
3.2881 0.809569 
3.307 0.814223 
3.29848 0.812126 
3.25287 0.800896 
3.23343 0.796109 
3.24192 0.7982 
3.16348 0.778887 
3.08817 0.760345 
3.15405 0.776566 
3.19182 0.785865 
3.20552 0.789237 
3.22238 0.793389 
3.23614 0.796777 
3.22016 0.792842 
3.23107 0.795528 
3.20983 0.790299 
3.17292 0.781211 
3.14512 0.774366 
3.1464 0.774682 
3.13084 0.770851 
3.13347 0.771499 
3.19577 0.786836 
3.10596 0.764725 
3.17678 0.782162 
3.22422 0.793842 
3.14762 0.774981 
3.22285 0.793505 
3.25458 0.801318 
3.23053 0.795396 
3.15934 0.777867 
3.21635 0.791906 
3.19911 0.78766 
3.18031 0.783031 
3.19678 0.787086 
3.19438 0.786496 
3.17149 0.780859 
3.15188 0.776032 
3.15306 0.776321 
3.18364 0.78385 
3.11574 0.767133 
3.10381 0.764195 
3.0586 0.753063 
2.9805 0.733836 
2.99755 0.738033 
2.92733 0.720744 
2.92538 0.720265 
2.77225 0.682561 
2.74629 0.676171 
2.73655 0.673771 
2.61316 0.643393 
2.56066 0.630467 
2.49566 0.614461 
2.47291 0.60886 
2.50134 0.61586 
2.44247 0.601365 


4.57951 -0.0380042 
4.46565 -0.0370594 
4.45373 -0.0369604 
4.27941 -0.0355138 
4.16829 -0.0345916 
4.16817 -0.0345907 
4.10187 -0.0340405 
4.09323 -0.0339687 
4.14115 -0.0343663 
4.07718 -0.0338355 
4.06869 -0.033765 
4.08396 -0.0338918 
4.05296 -0.0336345 
4.05872 -0.0336823 
3.9835 -0.0330581 
3.99668 -0.0331675 
3.95724 -0.0328401 
3.98072 -0.033035 
4.00032 -0.0331977 
4.06087 -0.0337002 
4.06212 -0.0337105 
4.16047 -0.0345267 
4.16289 -0.0345468 
4.27428 -0.0354712 
4.26577 -0.0354006 
4.32635 -0.0359034 
4.34887 -0.0360902 
4.45915 -0.0370054 
4.54567 -0.0377234 
4.63028 -0.0384256 
4.77745 -0.0396469 
4.93928 -0.0409899 
5.14389 -0.0426879 
5.35388 -0.0444306 
5.49109 -0.0455692 
5.54947 -0.0460537 
5.75049 -0.0477219 
5.85972 -0.0486284 
5.92057 -0.0491334 
5.9058 -0.0490107 
6.10947 -0.050701 
6.00327 -0.0498197 
6.03777 -0.050106 
6.02223 -0.049977 
5.93895 -0.0492859 
5.90346 -0.0489914 
5.91896 -0.04912 
5.77575 -0.0479315 
5.63825 -0.0467905 
5.75853 -0.0477886 
5.82749 -0.048361 
5.8525 -0.0485684 
5.88329 -0.0488239 
5.9084 -0.0490324 
5.87923 -0.0487903 
5.89914 -0.0489556 
5.86037 -0.0486338 
5.79298 -0.0480745 
5.74222 -0.0476533 
5.74457 -0.0476728 
5.71616 -0.047437 
5.72096 -0.0474769 
5.83469 -0.0484207 
5.67073 -0.04706 
5.80003 -0.048133 
5.88664 -0.0488518 
5.74678 -0.0476912 
5.88415 -0.0488311 
5.94208 -0.0493119 
5.89817 -0.0489475 
5.76818 -0.0478688 
5.87228 -0.0487327 
5.8408 -0.0484714 
5.80648 -0.0481865 
5.83654 -0.0484361 
5.83217 -0.0483997 
5.79037 -0.0480528 
5.75457 -0.0477558 
5.75672 -0.0477736 
5.81255 -0.0482369 
5.68859 -0.0472082 
5.6668 -0.0470274 
5.58425 -0.0463424 
5.44168 -0.0451591 
5.4728 -0.0454174 
5.34459 -0.0443535 
5.34104 -0.044324 
5.06145 -0.0420037 
5.01407 -0.0416105 
4.99627 -0.0414628 
4.771 -0.0395934 
4.67515 -0.038798 
4.55647 -0.037813 
4.51493 -0.0374683 
4.56684 -0.0378991 
4.45936 -0.0370071 


21.7574 2.04273 
21.2165 1.99194 
21.1598 1.98662 
20.3317 1.90887 
19.8037 1.8593 
19.8031 1.85925 
19.4882 1.82967 
19.4471 1.82582 
19.6747 1.84719 
19.3709 1.81866 
19.3305 1.81487 
19.4031 1.82168 
19.2558 1.80785 
19.2831 1.81042 
18.9258 1.77687 
18.9884 1.78275 
18.801 1.76516 
18.9125 1.77563 
19.0057 1.78438 
19.2934 1.81139 
19.2993 1.81194 
19.7665 1.85581 
19.778 1.85689 
20.3073 1.90658 
20.2668 1.90278 
20.5547 1.92981 
20.6616 1.93985 
21.1856 1.98904 
21.5966 2.02763 
21.9986 2.06537 
22.6979 2.13102 
23.4667 2.2032 
24.4388 2.29447 
25.4365 2.38814 
26.0884 2.44935 
26.3657 2.47539 
27.3208 2.56505 
27.8398 2.61378 
28.1289 2.64092 
28.0587 2.63433 
29.0263 2.72518 
28.5217 2.67781 
28.6857 2.6932 
28.6118 2.68626 
28.2162 2.64912 
28.0475 2.63329 
28.1212 2.6402 
27.4408 2.57632 
26.7875 2.51499 
27.359 2.56864 
27.6866 2.5994 
27.8054 2.61055 
27.9517 2.62429 
28.071 2.63549 
27.9324 2.62248 
28.0271 2.63136 
27.8429 2.61407 
27.5227 2.584 
27.2815 2.56136 
27.2926 2.56241 
27.1577 2.54974 
27.1805 2.55188 
27.7209 2.60261 
26.9419 2.52948 
27.5562 2.58715 
27.9677 2.62578 
27.3032 2.5634 
27.9558 2.62467 
28.231 2.65051 
28.0224 2.63093 
27.4049 2.57295 
27.8994 2.61938 
27.7499 2.60534 
27.5868 2.59003 
27.7296 2.60344 
27.7089 2.60149 
27.5103 2.58284 
27.3402 2.56687 
27.3504 2.56783 
27.6156 2.59273 
27.0267 2.53744 
26.9232 2.52772 
26.531 2.4909 
25.8536 2.4273 
26.0015 2.44119 
25.3924 2.384 
25.3755 2.38241 
24.0471 2.2577 
23.822 2.23656 
23.7375 2.22863 
22.6672 2.12815 
22.2118 2.08539 
21.6479 2.03245 
21.4506 2.01392 
21.6972 2.03708 
21.1866 1.98913 


28.1706 7.12579 
27.4702 6.94863 
27.3969 6.93008 
26.3246 6.65884 
25.641 6.48592 
25.6403 6.48575 
25.2325 6.38258 
25.1793 6.36914 
25.4741 6.44369 
25.0806 6.34417 
25.0283 6.33095 
25.1223 6.35471 
24.9316 6.30647 
24.967 6.31543 
24.5043 6.19839 
24.5854 6.2189 
24.3428 6.15753 
24.4872 6.19406 
24.6078 6.22457 
24.9803 6.31879 
24.9879 6.32072 
25.5929 6.47376 
25.6078 6.47753 
26.293 6.65085 
26.2407 6.6376 
26.6134 6.73188 
26.7519 6.76691 
27.4303 6.93851 
27.9625 7.07314 
28.4829 7.20479 
29.3883 7.43379 
30.3837 7.6856 
31.6424 8.00397 
32.9341 8.33073 
33.7782 8.54423 
34.1373 8.63507 
35.3739 8.94786 
36.0458 9.11782 
36.4201 9.21251 
36.3292 9.18952 
37.5821 9.50644 
36.9288 9.34118 
37.1411 9.39488 
37.0455 9.37069 
36.5332 9.24111 
36.3148 9.18588 
36.4102 9.21 
35.5292 8.98716 
34.6834 8.77321 
35.4233 8.96037 
35.8476 9.06768 
36.0014 9.10658 
36.1908 9.15449 
36.3453 9.19358 
36.1658 9.14817 
36.2883 9.17917 
36.0498 9.11884 
35.6352 9.01397 
35.323 8.93499 
35.3374 8.93864 
35.1627 8.89444 
35.1922 8.90191 
35.8918 9.07888 
34.8832 8.82375 
35.6786 9.02495 
36.2114 9.15971 
35.3511 8.94209 
36.1961 9.15583 
36.5524 9.24597 
36.2823 9.17765 
35.4827 8.97539 
36.1231 9.13737 
35.9294 9.08839 
35.7183 9.03498 
35.9032 9.08176 
35.8763 9.07495 
35.6192 9.00991 
35.399 8.95421 
35.4122 8.95755 
35.7556 9.04442 
34.9931 8.85154 
34.8591 8.81764 
34.3513 8.68919 
33.4742 8.46734 
33.6656 8.51576 
32.877 8.31627 
32.8552 8.31075 
31.1353 7.8757 
30.8438 7.80197 
30.7343 7.77428 
29.3486 7.42376 
28.759 7.27462 
28.0289 7.08994 
27.7734 7.02531 
28.0927 7.10608 
27.4315 6.93883 


0.950105 0.950105 
0.926484 0.926484 
0.92401 0.92401 
0.887845 0.887845 
0.86479 0.86479 
0.864766 0.864766 
0.851011 0.851011 
0.849219 0.849219 
0.859159 0.859159 
0.845889 0.845889 
0.844126 0.844126 
0.847295 0.847295 
0.840862 0.840862 
0.842058 0.842058 
0.826453 0.826453 
0.829186 0.829186 
0.821004 0.821004 
0.825875 0.825875 
0.829943 0.829943 
0.842505 0.842505 
0.842762 0.842762 
0.863167 0.863167 
0.86367 0.86367 
0.88678 0.88678 
0.885014 0.885014 
0.897584 0.897584 
0.902255 0.902255 
0.925135 0.925135 
0.943085 0.943085 
0.960639 0.960639 
0.991173 0.991173 
1.02475 1.02475 
1.0672 1.0672 
1.11076 1.11076 
1.13923 1.13923 
1.15134 1.15134 
1.19305 1.19305 
1.21571 1.21571 
1.22834 1.22834 
1.22527 1.22527 
1.26753 1.26753 
1.24549 1.24549 
1.25265 1.25265 
1.24943 1.24943 
1.23215 1.23215 
1.22478 1.22478 
1.228 1.228 
1.19829 1.19829 
1.16976 1.16976 
1.19472 1.19472 
1.20902 1.20902 
1.21421 1.21421 
1.2206 1.2206 
1.22581 1.22581 
1.21976 1.21976 
1.22389 1.22389 
1.21585 1.21585 
1.20186 1.20186 
1.19133 1.19133 
1.19182 1.19182 
1.18592 1.18592 
1.18692 1.18692 
1.21052 1.21052 
1.1765 1.1765 
1.20333 1.20333 
1.2213 1.2213 
1.19228 1.19228 
1.22078 1.22078 
1.2328 1.2328 
1.22369 1.22369 
1.19672 1.19672 
1.21832 1.21832 
1.21178 1.21178 
1.20466 1.20466 
1.2109 1.2109 
1.20999 1.20999 
1.20132 1.20132 
1.19389 1.19389 
1.19434 1.19434 
1.20592 1.20592 
1.1802 1.1802 
1.17569 1.17569 
1.15856 1.15856 
1.12898 1.12898 
1.13544 1.13544 
1.10884 1.10884 
1.1081 1.1081 
1.05009 1.05009 
1.04026 1.04026 
1.03657 1.03657 
0.989835 0.989835 
0.969949 0.969949 
0.945325 0.945325 
0.936708 0.936708 
0.947477 0.947477 
0.925177 0.925177 


8.75047 1.49166 
8.53292 1.45458 
8.51013 1.4507 
8.17705 1.39392 
7.96472 1.35772 
7.9645 1.35768 
7.83781 1.33609 
7.8213 1.33327 
7.91285 1.34888 
7.79064 1.32805 
7.7744 1.32528 
7.80359 1.33025 
7.74434 1.32015 
7.75535 1.32203 
7.61163 1.29753 
7.63681 1.30182 
7.56144 1.28898 
7.60631 1.29662 
7.64377 1.30301 
7.75947 1.32273 
7.76184 1.32314 
7.94977 1.35517 
7.9544 1.35596 
8.16724 1.39224 
8.15098 1.38947 
8.26675 1.40921 
8.30977 1.41654 
8.52049 1.45246 
8.68581 1.48064 
8.84748 1.5082 
9.1287 1.55614 
9.43791 1.60885 
9.82888 1.6755 
10.2301 1.7439 
10.4923 1.78859 
10.6039 1.80761 
10.988 1.87308 
11.1967 1.90866 
11.313 1.92849 
11.2847 1.92367 
11.6739 1.99001 
11.471 1.95542 
11.5369 1.96666 
11.5072 1.9616 
11.3481 1.93447 
11.2803 1.92291 
11.3099 1.92796 
11.0362 1.88131 
10.7735 1.83653 
11.0033 1.8757 
11.1351 1.89817 
11.1829 1.90631 
11.2417 1.91634 
11.2897 1.92452 
11.234 1.91502 
11.272 1.92151 
11.1979 1.90888 
11.0692 1.88692 
10.9722 1.87039 
10.9767 1.87116 
10.9224 1.8619 
10.9315 1.86347 
11.1489 1.90051 
10.8356 1.84711 
11.0826 1.88922 
11.2481 1.91743 
10.9809 1.87188 
11.2434 1.91662 
11.3541 1.93549 
11.2702 1.92119 
11.0218 1.87885 
11.2207 1.91276 
11.1605 1.9025 
11.095 1.89132 
11.1524 1.90111 
11.144 1.89969 
11.0642 1.88607 
10.9958 1.87442 
10.9999 1.87511 
11.1065 1.8933 
10.8697 1.85292 
10.8281 1.84583 
10.6703 1.81894 
10.3979 1.7725 
10.4574 1.78263 
10.2124 1.74087 
10.2056 1.73972 
9.67136 1.64865 
9.58082 1.63321 
9.54682 1.62742 
9.11638 1.55404 
8.93323 1.52282 
8.70644 1.48416 
8.62708 1.47063 
8.72627 1.48754 
8.52088 1.45253 


0.950105 0.950105 
0.926484 0.926484 
0.92401 0.92401 
0.887845 0.887845 
0.86479 0.86479 
0.864766 0.864766 
0.851011 0.851011 
0.849219 0.849219 
0.859159 0.859159 
0.845889 0.845889 
0.844126 0.844126 
0.847295 0.847295 
0.840862 0.840862 
0.842058 0.842058 
0.826453 0.826453 
0.829186 0.829186 
0.821004 0.821004 
0.825875 0.825875 
0.829943 0.829943 
0.842505 0.842505 
0.842762 0.842762 
0.863167 0.863167 
0.86367 0.86367 
0.88678 0.88678 
0.885014 0.885014 
0.897584 0.897584 
0.902255 0.902255 
0.925135 0.925135 
0.943085 0.943085 
0.960639 0.960639 
0.991173 0.991173 
1.02475 1.02475 
1.0672 1.0672 
1.11076 1.11076 
1.13923 1.13923 
1.15134 1.15134 
1.19305 1.19305 
1.21571 1.21571 
1.22834 1.22834 
1.22527 1.22527 
1.26753 1.26753 
1.24549 1.24549 
1.25265 1.25265 
1.24943 1.24943 
1.23215 1.23215 
1.22478 1.22478 
1.228 1.228 
1.19829 1.19829 
1.16976 1.16976 
1.19472 1.19472 
1.20902 1.20902 
1.21421 1.21421 
1.2206 1.2206 
1.22581 1.22581 
1.21976 1.21976 
1.22389 1.22389 
1.21585 1.21585 
1.20186 1.20186 
1.19133 1.19133 
1.19182 1.19182 
1.18592 1.18592 
1.18692 1.18692 
1.21052 1.21052 
1.1765 1.1765 
1.20333 1.20333 
1.2213 1.2213 
1.19228 1.19228 
1.22078 1.22078 
1.2328 1.2328 
1.22369 1.22369 
1.19672 1.19672 
1.21832 1.21832 
1.21178 1.21178 
1.20466 1.20466 
1.2109 1.2109 
1.20999 1.20999 
1.20132 1.20132 
1.19389 1.19389 
1.19434 1.19434 
1.20592 1.20592 
1.1802 1.1802 
1.17569 1.17569 
1.15856 1.15856 
1.12898 1.12898 
1.13544 1.13544 
1.10884 1.10884 
1.1081 1.1081 
1.05009 1.05009 
1.04026 1.04026 
1.03657 1.03657 
0.989835 0.989835 
0.969949 0.969949 
0.945325 0.945325 
0.936708 0.936708 
0.947477 0.947477 
0.925177 0.925177 


21.7574 2.04273 
21.2165 1.99194 
21.1598 1.98662 
20.3317 1.90887 
19.8037 1.8593 
19.8031 1.85925 
19.4882 1.82967 
19.4471 1.82582 
19.6747 1.84719 
19.3709 1.81866 
19.3305 1.81487 
19.4031 1.82168 
19.2558 1.80785 
19.2831 1.81042 
18.9258 1.77687 
18.9884 1.78275 
18.801 1.76516 
18.9125 1.77563 
19.0057 1.78438 
19.2934 1.81139 
19.2993 1.81194 
19.7665 1.85581 
19.778 1.85689 
20.3073 1.90658 
20.2668 1.90278 
20.5547 1.92981 
20.6616 1.93985 
21.1856 1.98904 
21.5966 2.02763 
21.9986 2.06537 
22.6979 2.13102 
23.4667 2.2032 
24.4388 2.29447 
25.4365 2.38814 
26.0884 2.44935 
26.3657 2.47539 
27.3208 2.56505 
27.8398 2.61378 
28.1289 2.64092 
28.0587 2.63433 
29.0263 2.72518 
28.5217 2.67781 
28.6857 2.6932 
28.6118 2.68626 
28.2162 2.64912 
28.0475 2.63329 
28.1212 2.6402 
27.4408 2.57632 
26.7875 2.51499 
27.359 2.56864 
27.6866 2.5994 
27.8054 2.61055 
27.9517 2.62429 
28.071 2.63549 
27.9324 2.62248 
28.0271 2.63136 
27.8429 2.61407 
27.5227 2.584 
27.2815 2.56136 
27.2926 2.56241 
27.1577 2.54974 
27.1805 2.55188 
27.7209 2.60261 
26.9419 2.52948 
27.5562 2.58715 
27.9677 2.62578 
27.3032 2.5634 
27.9558 2.62467 
28.231 2.65051 
28.0224 2.63093 
27.4049 2.57295 
27.8994 2.61938 
27.7499 2.60534 
27.5868 2.59003 
27.7296 2.60344 
27.7089 2.60149 
27.5103 2.58284 
27.3402 2.56687 
27.3504 2.56783 
27.6156 2.59273 
27.0267 2.53744 
26.9232 2.52772 
26.531 2.4909 
25.8536 2.4273 
26.0015 2.44119 
25.3924 2.384 
25.3755 2.38241 
24.0471 2.2577 
23.822 2.23656 
23.7375 2.22863 
22.6672 2.12815 
22.2118 2.08539 
21.6479 2.03245 
21.4506 2.01392 
21.6972 2.03708 
21.1866 1.98913 


10.3086 2.13774 
10.0523 2.08459 
10.0255 2.07902 
9.63312 1.99765 
9.38297 1.94578 
9.38271 1.94572 
9.23347 1.91478 
9.21402 1.91074 
9.32187 1.93311 
9.17789 1.90325 
9.15877 1.89928 
9.19315 1.90641 
9.12336 1.89194 
9.13632 1.89463 
8.96701 1.85952 
8.99667 1.86567 
8.90789 1.84726 
8.96074 1.85822 
9.00488 1.86737 
9.14118 1.89564 
9.14397 1.89622 
9.36537 1.94213 
9.37082 1.94326 
9.62156 1.99526 
9.6024 1.99128 
9.73878 2.01956 
9.78947 2.03007 
10.0377 2.08155 
10.2325 2.12194 
10.4229 2.16144 
10.7542 2.23014 
11.1185 2.30568 
11.5791 2.40119 
12.0518 2.49922 
12.3607 2.56327 
12.4921 2.59052 
12.9446 2.68436 
13.1905 2.73535 
13.3274 2.76375 
13.2942 2.75685 
13.7526 2.85193 
13.5136 2.80236 
13.5913 2.81846 
13.5563 2.81121 
13.3688 2.77233 
13.2889 2.75576 
13.3238 2.763 
13.0014 2.69615 
12.6919 2.63196 
12.9627 2.68811 
13.1179 2.7203 
13.1742 2.73198 
13.2435 2.74635 
13.3 2.75807 
13.2344 2.74445 
13.2792 2.75375 
13.1919 2.73565 
13.0402 2.70419 
12.926 2.6805 
12.9312 2.68159 
12.8673 2.66833 
12.8781 2.67057 
13.1341 2.72366 
12.765 2.64713 
13.0561 2.70748 
13.2511 2.74791 
12.9362 2.68263 
13.2454 2.74675 
13.3758 2.77379 
13.277 2.75329 
12.9844 2.69262 
13.2187 2.74121 
13.1479 2.72652 
13.0706 2.71049 
13.1383 2.72453 
13.1284 2.72249 
13.0343 2.70297 
12.9538 2.68626 
12.9586 2.68727 
13.0843 2.71333 
12.8052 2.65546 
12.7562 2.64529 
12.5704 2.60676 
12.2494 2.5402 
12.3195 2.55473 
12.0309 2.49488 
12.0229 2.49323 
11.3935 2.36271 
11.2868 2.34059 
11.2468 2.33229 
10.7397 2.22713 
10.5239 2.18238 
10.2568 2.12698 
10.1633 2.10759 
10.2801 2.13182 
10.0382 2.08165 


10.3086 2.13774 
10.0523 2.08459 
10.0255 2.07902 
9.63312 1.99765 
9.38297 1.94578 
9.38271 1.94572 
9.23347 1.91478 
9.21402 1.91074 
9.32187 1.93311 
9.17789 1.90325 
9.15877 1.89928 
9.19315 1.90641 
9.12336 1.89194 
9.13632 1.89463 
8.96701 1.85952 
8.99667 1.86567 
8.90789 1.84726 
8.96074 1.85822 
9.00488 1.86737 
9.14118 1.89564 
9.14397 1.89622 
9.36537 1.94213 
9.37082 1.94326 
9.62156 1.99526 
9.6024 1.99128 
9.73878 2.01956 
9.78947 2.03007 
10.0377 2.08155 
10.2325 2.12194 
10.4229 2.16144 
10.7542 2.23014 
11.1185 2.30568 
11.5791 2.40119 
12.0518 2.49922 
12.3607 2.56327 
12.4921 2.59052 
12.9446 2.68436 
13.1905 2.73535 
13.3274 2.76375 
13.2942 2.75685 
13.7526 2.85193 
13.5136 2.80236 
13.5913 2.81846 
13.5563 2.81121 
13.3688 2.77233 
13.2889 2.75576 
13.3238 2.763 
13.0014 2.69615 
12.6919 2.63196 
12.9627 2.68811 
13.1179 2.7203 
13.1742 2.73198 
13.2435 2.74635 
13.3 2.75807 
13.2344 2.74445 
13.2792 2.75375 
13.1919 2.73565 
13.0402 2.70419 
12.926 2.6805 
12.9312 2.68159 
12.8673 2.66833 
12.8781 2.67057 
13.1341 2.72366 
12.765 2.64713 
13.0561 2.70748 
13.2511 2.74791 
12.9362 2.68263 
13.2454 2.74675 
13.3758 2.77379 
13.277 2.75329 
12.9844 2.69262 
13.2187 2.74121 
13.1479 2.72652 
13.0706 2.71049 
13.1383 2.72453 
13.1284 2.72249 
13.0343 2.70297 
12.9538 2.68626 
12.9586 2.68727 
13.0843 2.71333 
12.8052 2.65546 
12.7562 2.64529 
12.5704 2.60676 
12.2494 2.5402 
12.3195 2.55473 
12.0309 2.49488 
12.0229 2.49323 
11.3935 2.36271 
11.2868 2.34059 
11.2468 2.33229 
10.7397 2.22713 
10.5239 2.18238 
10.2568 2.12698 
10.1633 2.10759 
10.2801 2.13182 
10.0382 2.08165 


22.8025 11.4013 
22.2356 11.1178 
22.1762 11.0881 
21.3083 10.6541 
20.755 10.3775 
20.7544 10.3772 
20.4243 10.2121 
20.3813 10.1906 
20.6198 10.3099 
20.3013 10.1507 
20.259 10.1295 
20.3351 10.1675 
20.1807 10.0903 
20.2094 10.1047 
19.8349 9.91743 
19.9005 9.95023 
19.7041 9.85205 
19.821 9.9105 
19.9186 9.95931 
20.2201 10.1101 
20.2263 10.1131 
20.716 10.358 
20.7281 10.364 
21.2827 10.6414 
21.2403 10.6202 
21.542 10.771 
21.6541 10.8271 
22.2032 11.1016 
22.634 11.317 
23.0553 11.5277 
23.7881 11.8941 
24.5939 12.297 
25.6127 12.8064 
26.6583 13.3292 
27.3415 13.6708 
27.6322 13.8161 
28.6331 14.3166 
29.177 14.5885 
29.48 14.74 
29.4065 14.7032 
30.4206 15.2103 
29.8918 14.9459 
30.0636 15.0318 
29.9862 14.9931 
29.5715 14.7858 
29.3948 14.6974 
29.472 14.736 
28.7589 14.3794 
28.0743 14.0371 
28.6732 14.3366 
29.0166 14.5083 
29.1411 14.5705 
29.2944 14.6472 
29.4194 14.7097 
29.2742 14.6371 
29.3733 14.6867 
29.1803 14.5901 
28.8447 14.4224 
28.592 14.296 
28.6036 14.3018 
28.4622 14.2311 
28.4861 14.2431 
29.0524 14.5262 
28.236 14.118 
28.8798 14.4399 
29.3111 14.6555 
28.6147 14.3073 
29.2987 14.6493 
29.5871 14.7936 
29.3685 14.6842 
28.7213 14.3606 
29.2396 14.6198 
29.0828 14.5414 
28.9119 14.456 
29.0616 14.5308 
29.0399 14.5199 
28.8317 14.4159 
28.6535 14.3267 
28.6642 14.3321 
28.9421 14.4711 
28.3249 14.1625 
28.2164 14.1082 
27.8054 13.9027 
27.0955 13.5477 
27.2504 13.6252 
26.6121 13.306 
26.5944 13.2972 
25.2022 12.6011 
24.9663 12.4832 
24.8777 12.4389 
23.756 11.878 
23.2788 11.6394 
22.6878 11.3439 
22.481 11.2405 
22.7395 11.3697 
22.2043 11.1021 


28.1706 7.12579 
27.4702 6.94863 
27.3969 6.93008 
26.3246 6.65884 
25.641 6.48592 
25.6403 6.48575 
25.2325 6.38258 
25.1793 6.36914 
25.4741 6.44369 
25.0806 6.34417 
25.0283 6.33095 
25.1223 6.35471 
24.9316 6.30647 
24.967 6.31543 
24.5043 6.19839 
24.5854 6.2189 
24.3428 6.15753 
24.4872 6.19406 
24.6078 6.22457 
24.9803 6.31879 
24.9879 6.32072 
25.5929 6.47376 
25.6078 6.47753 
26.293 6.65085 
26.2407 6.6376 
26.6134 6.73188 
26.7519 6.76691 
27.4303 6.93851 
27.9625 7.07314 
28.4829 7.20479 
29.3883 7.43379 
30.3837 7.6856 
31.6424 8.00397 
32.9341 8.33073 
33.7782 8.54423 
34.1373 8.63507 
35.3739 8.94786 
36.0458 9.11782 
36.4201 9.21251 
36.3292 9.18952 
37.5821 9.50644 
36.9288 9.34118 
37.1411 9.39488 
37.0455 9.37069 
36.5332 9.24111 
36.3148 9.18588 
36.4102 9.21 
35.5292 8.98716 
34.6834 8.77321 
35.4233 8.96037 
35.8476 9.06768 
36.0014 9.10658 
36.1908 9.15449 
36.3453 9.19358 
36.1658 9.14817 
36.2883 9.17917 
36.0498 9.11884 
35.6352 9.01397 
35.323 8.93499 
35.3374 8.93864 
35.1627 8.89444 
35.1922 8.90191 
35.8918 9.07888 
34.8832 8.82375 
35.6786 9.02495 
36.2114 9.15971 
35.3511 8.94209 
36.1961 9.15583 
36.5524 9.24597 
36.2823 9.17765 
35.4827 8.97539 
36.1231 9.13737 
35.9294 9.08839 
35.7183 9.03498 
35.9032 9.08176 
35.8763 9.07495 
35.6192 9.00991 
35.399 8.95421 
35.4122 8.95755 
35.7556 9.04442 
34.9931 8.85154 
34.8591 8.81764 
34.3513 8.68919 
33.4742 8.46734 
33.6656 8.51576 
32.877 8.31627 
32.8552 8.31075 
31.1353 7.8757 
30.8438 7.80197 
30.7343 7.77428 
29.3486 7.42376 
28.759 7.27462 
28.0289 7.08994 
27.7734 7.02531 
28.0927 7.10608 
27.4315 6.93883 


0.950105 0.950105 
0.926484 0.926484 
0.92401 0.92401 
0.887845 0.887845 
0.86479 0.86479 
0.864766 0.864766 
0.851011 0.851011 
0.849219 0.849219 
0.859159 0.859159 
0.845889 0.845889 
0.844126 0.844126 
0.847295 0.847295 
0.840862 0.840862 
0.842058 0.842058 
0.826453 0.826453 
0.829186 0.829186 
0.821004 0.821004 
0.825875 0.825875 
0.829943 0.829943 
0.842505 0.842505 
0.842762 0.842762 
0.863167 0.863167 
0.86367 0.86367 
0.88678 0.88678 
0.885014 0.885014 
0.897584 0.897584 
0.902255 0.902255 
0.925135 0.925135 
0.943085 0.943085 
0.960639 0.960639 
0.991173 0.991173 
1.02475 1.02475 
1.0672 1.0672 
1.11076 1.11076 
1.13923 1.13923 
1.15134 1.15134 
1.19305 1.19305 
1.21571 1.21571 
1.22834 1.22834 
1.22527 1.22527 
1.26753 1.26753 
1.24549 1.24549 
1.25265 1.25265 
1.24943 1.24943 
1.23215 1.23215 
1.22478 1.22478 
1.228 1.228 
1.19829 1.19829 
1.16976 1.16976 
1.19472 1.19472 
1.20902 1.20902 
1.21421 1.21421 
1.2206 1.2206 
1.22581 1.22581 
1.21976 1.21976 
1.22389 1.22389 
1.21585 1.21585 
1.20186 1.20186 
1.19133 1.19133 
1.19182 1.19182 
1.18592 1.18592 
1.18692 1.18692 
1.21052 1.21052 
1.1765 1.1765 
1.20333 1.20333 
1.2213 1.2213 
1.19228 1.19228 
1.22078 1.22078 
1.2328 1.2328 
1.22369 1.22369 
1.19672 1.19672 
1.21832 1.21832 
1.21178 1.21178 
1.20466 1.20466 
1.2109 1.2109 
1.20999 1.20999 
1.20132 1.20132 
1.19389 1.19389 
1.19434 1.19434 
1.20592 1.20592 
1.1802 1.1802 
1.17569 1.17569 
1.15856 1.15856 
1.12898 1.12898 
1.13544 1.13544 
1.10884 1.10884 
1.1081 1.1081 
1.05009 1.05009 
1.04026 1.04026 
1.03657 1.03657 
0.989835 0.989835 
0.969949 0.969949 
0.945325 0.945325 
0.936708 0.936708 
0.947477 0.947477 
0.925177 0.925177 


14.8881 2.09973 
14.518 2.04753 
14.4792 2.04206 
13.9125 1.96214 
13.5513 1.91119 
13.5509 1.91113 
13.3353 1.88073 
13.3073 1.87677 
13.463 1.89874 
13.2551 1.86941 
13.2275 1.86552 
13.2771 1.87252 
13.1763 1.85831 
13.195 1.86095 
12.9505 1.82646 
12.9933 1.8325 
12.8651 1.81442 
12.9415 1.82518 
13.0052 1.83417 
13.2021 1.86194 
13.2061 1.86251 
13.5258 1.9076 
13.5337 1.90871 
13.8958 1.95978 
13.8682 1.95588 
14.0651 1.98366 
14.1383 1.99398 
14.4969 2.04455 
14.7781 2.08422 
15.0532 2.12301 
15.5317 2.19049 
16.0578 2.26469 
16.723 2.3585 
17.4057 2.45479 
17.8518 2.5177 
18.0415 2.54447 
18.6951 2.63663 
19.0502 2.68672 
19.248 2.71462 
19.2 2.70784 
19.8621 2.80123 
19.5168 2.75254 
19.629 2.76836 
19.5785 2.76123 
19.3078 2.72305 
19.1924 2.70677 
19.2428 2.71388 
18.7772 2.64822 
18.3302 2.58517 
18.7212 2.64032 
18.9454 2.67194 
19.0267 2.68341 
19.1268 2.69752 
19.2084 2.70904 
19.1136 2.69566 
19.1783 2.70479 
19.0523 2.68702 
18.8332 2.65612 
18.6682 2.63284 
18.6758 2.63392 
18.5834 2.62089 
18.5991 2.6231 
18.9688 2.67524 
18.4358 2.60007 
18.8561 2.65935 
19.1377 2.69906 
18.683 2.63494 
19.1296 2.69792 
19.3179 2.72448 
19.1752 2.70435 
18.7526 2.64475 
19.091 2.69248 
18.9887 2.67804 
18.8771 2.66231 
18.9748 2.67609 
18.9606 2.67409 
18.8247 2.65492 
18.7083 2.63851 
18.7153 2.63949 
18.8968 2.66509 
18.4938 2.60825 
18.423 2.59826 
18.1546 2.56041 
17.6911 2.49504 
17.7923 2.50931 
17.3755 2.45053 
17.3639 2.4489 
16.455 2.32071 
16.3009 2.29898 
16.2431 2.29082 
15.5107 2.18754 
15.1991 2.14359 
14.8132 2.08917 
14.6782 2.07012 
14.847 2.09393 
14.4975 2.04464 


0.950105 0.950105 
0.926484 0.926484 
0.92401 0.92401 
0.887845 0.887845 
0.86479 0.86479 
0.864766 0.864766 
0.851011 0.851011 
0.849219 0.849219 
0.859159 0.859159 
0.845889 0.845889 
0.844126 0.844126 
0.847295 0.847295 
0.840862 0.840862 
0.842058 0.842058 
0.826453 0.826453 
0.829186 0.829186 
0.821004 0.821004 
0.825875 0.825875 
0.829943 0.829943 
0.842505 0.842505 
0.842762 0.842762 
0.863167 0.863167 
0.86367 0.86367 
0.88678 0.88678 
0.885014 0.885014 
0.897584 0.897584 
0.902255 0.902255 
0.925135 0.925135 
0.943085 0.943085 
0.960639 0.960639 
0.991173 0.991173 
1.02475 1.02475 
1.0672 1.0672 
1.11076 1.11076 
1.13923 1.13923 
1.15134 1.15134 
1.19305 1.19305 
1.21571 1.21571 
1.22834 1.22834 
1.22527 1.22527 
1.26753 1.26753 
1.24549 1.24549 
1.25265 1.25265 
1.24943 1.24943 
1.23215 1.23215 
1.22478 1.22478 
1.228 1.228 
1.19829 1.19829 
1.16976 1.16976 
1.19472 1.19472 
1.20902 1.20902 
1.21421 1.21421 
1.2206 1.2206 
1.22581 1.22581 
1.21976 1.21976 
1.22389 1.22389 
1.21585 1.21585 
1.20186 1.20186 
1.19133 1.19133 
1.19182 1.19182 
1.18592 1.18592 
1.18692 1.18692 
1.21052 1.21052 
1.1765 1.1765 
1.20333 1.20333 
1.2213 1.2213 
1.19228 1.19228 
1.22078 1.22078 
1.2328 1.2328 
1.22369 1.22369 
1.19672 1.19672 
1.21832 1.21832 
1.21178 1.21178 
1.20466 1.20466 
1.2109 1.2109 
1.20999 1.20999 
1.20132 1.20132 
1.19389 1.19389 
1.19434 1.19434 
1.20592 1.20592 
1.1802 1.1802 
1.17569 1.17569 
1.15856 1.15856 
1.12898 1.12898 
1.13544 1.13544 
1.10884 1.10884 
1.1081 1.1081 
1.05009 1.05009 
1.04026 1.04026 
1.03657 1.03657 
0.989835 0.989835 
0.969949 0.969949 
0.945325 0.945325 
0.936708 0.936708 
0.947477 0.947477 
0.925177 0.925177 


14.6791 0.665073 
14.3142 0.648539 
14.276 0.646807 
13.7172 0.621491 
13.361 0.605353 
13.3606 0.605336 
13.1481 0.595708 
13.1204 0.594453 
13.274 0.601411 
13.069 0.592122 
13.0418 0.590888 
13.0907 0.593106 
12.9913 0.588604 
13.0098 0.58944 
12.7687 0.578517 
12.8109 0.58043 
12.6845 0.574703 
12.7598 0.578113 
12.8226 0.58096 
13.0167 0.589753 
13.0207 0.589934 
13.3359 0.604217 
13.3437 0.604569 
13.7008 0.620746 
13.6735 0.61951 
13.8677 0.628309 
13.9398 0.631578 
14.2933 0.647594 
14.5707 0.660159 
14.8419 0.672447 
15.3136 0.693821 
15.8323 0.717322 
16.4882 0.747037 
17.1613 0.777535 
17.6011 0.797462 
17.7882 0.80594 
18.4326 0.835133 
18.7827 0.850997 
18.9778 0.859834 
18.9304 0.857688 
19.5833 0.887267 
19.2428 0.871844 
19.3534 0.876855 
19.3036 0.874597 
19.0367 0.862503 
18.9229 0.857349 
18.9726 0.8596 
18.5135 0.838801 
18.0728 0.818833 
18.4584 0.836301 
18.6794 0.846317 
18.7596 0.849948 
18.8583 0.854419 
18.9388 0.858067 
18.8452 0.853829 
18.9091 0.856722 
18.7848 0.851092 
18.5688 0.841304 
18.4061 0.833933 
18.4136 0.834273 
18.3225 0.830147 
18.3379 0.830845 
18.7025 0.847362 
18.1769 0.82355 
18.5914 0.842328 
18.869 0.854907 
18.4207 0.834595 
18.861 0.854544 
19.0467 0.862957 
18.906 0.85658 
18.4893 0.837703 
18.823 0.852821 
18.7221 0.848249 
18.6121 0.843265 
18.7084 0.847631 
18.6944 0.846996 
18.5604 0.840925 
18.4457 0.835726 
18.4526 0.836038 
18.6315 0.844146 
18.2342 0.826143 
18.1643 0.822979 
17.8997 0.810991 
17.4427 0.790285 
17.5425 0.794804 
17.1315 0.776185 
17.1201 0.77567 
16.2239 0.735066 
16.0721 0.728184 
16.015 0.7256 
15.293 0.692885 
14.9857 0.678964 
14.6053 0.661727 
14.4721 0.655695 
14.6385 0.663234 
14.294 0.647624 


8.75047 1.49166 
8.53292 1.45458 
8.51013 1.4507 
8.17705 1.39392 
7.96472 1.35772 
7.9645 1.35768 
7.83781 1.33609 
7.8213 1.33327 
7.91285 1.34888 
7.79064 1.32805 
7.7744 1.32528 
7.80359 1.33025 
7.74434 1.32015 
7.75535 1.32203 
7.61163 1.29753 
7.63681 1.30182 
7.56144 1.28898 
7.60631 1.29662 
7.64377 1.30301 
7.75947 1.32273 
7.76184 1.32314 
7.94977 1.35517 
7.9544 1.35596 
8.16724 1.39224 
8.15098 1.38947 
8.26675 1.40921 
8.30977 1.41654 
8.52049 1.45246 
8.68581 1.48064 
8.84748 1.5082 
9.1287 1.55614 
9.43791 1.60885 
9.82888 1.6755 
10.2301 1.7439 
10.4923 1.78859 
10.6039 1.80761 
10.988 1.87308 
11.1967 1.90866 
11.313 1.92849 
11.2847 1.92367 
11.6739 1.99001 
11.471 1.95542 
11.5369 1.96666 
11.5072 1.9616 
11.3481 1.93447 
11.2803 1.92291 
11.3099 1.92796 
11.0362 1.88131 
10.7735 1.83653 
11.0033 1.8757 
11.1351 1.89817 
11.1829 1.90631 
11.2417 1.91634 
11.2897 1.92452 
11.234 1.91502 
11.272 1.92151 
11.1979 1.90888 
11.0692 1.88692 
10.9722 1.87039 
10.9767 1.87116 
10.9224 1.8619 
10.9315 1.86347 
11.1489 1.90051 
10.8356 1.84711 
11.0826 1.88922 
11.2481 1.91743 
10.9809 1.87188 
11.2434 1.91662 
11.3541 1.93549 
11.2702 1.92119 
11.0218 1.87885 
11.2207 1.91276 
11.1605 1.9025 
11.095 1.89132 
11.1524 1.90111 
11.144 1.89969 
11.0642 1.88607 
10.9958 1.87442 
10.9999 1.87511 
11.1065 1.8933 
10.8697 1.85292 
10.8281 1.84583 
10.6703 1.81894 
10.3979 1.7725 
10.4574 1.78263 
10.2124 1.74087 
10.2056 1.73972 
9.67136 1.64865 
9.58082 1.63321 
9.54682 1.62742 
9.11638 1.55404 
8.93323 1.52282 
8.70644 1.48416 
8.62708 1.47063 
8.72627 1.48754 
8.52088 1.45253 


8.75047 1.49166 
8.53292 1.45458 
8.51013 1.4507 
8.17705 1.39392 
7.96472 1.35772 
7.9645 1.35768 
7.83781 1.33609 
7.8213 1.33327 
7.91285 1.34888 
7.79064 1.32805 
7.7744 1.32528 
7.80359 1.33025 
7.74434 1.32015 
7.75535 1.32203 
7.61163 1.29753 
7.63681 1.30182 
7.56144 1.28898 
7.60631 1.29662 
7.64377 1.30301 
7.75947 1.32273 
7.76184 1.32314 
7.94977 1.35517 
7.9544 1.35596 
8.16724 1.39224 
8.15098 1.38947 
8.26675 1.40921 
8.30977 1.41654 
8.52049 1.45246 
8.68581 1.48064 
8.84748 1.5082 
9.1287 1.55614 
9.43791 1.60885 
9.82888 1.6755 
10.2301 1.7439 
10.4923 1.78859 
10.6039 1.80761 
10.988 1.87308 
11.1967 1.90866 
11.313 1.92849 
11.2847 1.92367 
11.6739 1.99001 
11.471 1.95542 
11.5369 1.96666 
11.5072 1.9616 
11.3481 1.93447 
11.2803 1.92291 
11.3099 1.92796 
11.0362 1.88131 
10.7735 1.83653 
11.0033 1.8757 
11.1351 1.89817 
11.1829 1.90631 
11.2417 1.91634 
11.2897 1.92452 
11.234 1.91502 
11.272 1.92151 
11.1979 1.90888 
11.0692 1.88692 
10.9722 1.87039 
10.9767 1.87116 
10.9224 1.8619 
10.9315 1.86347 
11.1489 1.90051 
10.8356 1.84711 
11.0826 1.88922 
11.2481 1.91743 
10.9809 1.87188 
11.2434 1.91662 
11.3541 1.93549 
11.2702 1.92119 
11.0218 1.87885 
11.2207 1.91276 
11.1605 1.9025 
11.095 1.89132 
11.1524 1.90111 
11.144 1.89969 
11.0642 1.88607 
10.9958 1.87442 
10.9999 1.87511 
11.1065 1.8933 
10.8697 1.85292 
10.8281 1.84583 
10.6703 1.81894 
10.3979 1.7725 
10.4574 1.78263 
10.2124 1.74087 
10.2056 1.73972 
9.67136 1.64865 
9.58082 1.63321 
9.54682 1.62742 
9.11638 1.55404 
8.93323 1.52282 
8.70644 1.48416 
8.62708 1.47063 
8.72627 1.48754 
8.52088 1.45253 


14.8881 2.09973 
14.518 2.04753 
14.4792 2.04206 
13.9125 1.96214 
13.5513 1.91119 
13.5509 1.91113 
13.3353 1.88073 
13.3073 1.87677 
13.463 1.89874 
13.2551 1.86941 
13.2275 1.86552 
13.2771 1.87252 
13.1763 1.85831 
13.195 1.86095 
12.9505 1.82646 
12.9933 1.8325 
12.8651 1.81442 
12.9415 1.82518 
13.0052 1.83417 
13.2021 1.86194 
13.2061 1.86251 
13.5258 1.9076 
13.5337 1.90871 
13.8958 1.95978 
13.8682 1.95588 
14.0651 1.98366 
14.1383 1.99398 
14.4969 2.04455 
14.7781 2.08422 
15.0532 2.12301 
15.5317 2.19049 
16.0578 2.26469 
16.723 2.3585 
17.4057 2.45479 
17.8518 2.5177 
18.0415 2.54447 
18.6951 2.63663 
19.0502 2.68672 
19.248 2.71462 
19.2 2.70784 
19.8621 2.80123 
19.5168 2.75254 
19.629 2.76836 
19.5785 2.76123 
19.3078 2.72305 
19.1924 2.70677 
19.2428 2.71388 
18.7772 2.64822 
18.3302 2.58517 
18.7212 2.64032 
18.9454 2.67194 
19.0267 2.68341 
19.1268 2.69752 
19.2084 2.70904 
19.1136 2.69566 
19.1783 2.70479 
19.0523 2.68702 
18.8332 2.65612 
18.6682 2.63284 
18.6758 2.63392 
18.5834 2.62089 
18.5991 2.6231 
18.9688 2.67524 
18.4358 2.60007 
18.8561 2.65935 
19.1377 2.69906 
18.683 2.63494 
19.1296 2.69792 
19.3179 2.72448 
19.1752 2.70435 
18.7526 2.64475 
19.091 2.69248 
18.9887 2.67804 
18.8771 2.66231 
18.9748 2.67609 
18.9606 2.67409 
18.8247 2.65492 
18.7083 2.63851 
18.7153 2.63949 
18.8968 2.66509 
18.4938 2.60825 
18.423 2.59826 
18.1546 2.56041 
17.6911 2.49504 
17.7923 2.50931 
17.3755 2.45053 
17.3639 2.4489 
16.455 2.32071 
16.3009 2.29898 
16.2431 2.29082 
15.5107 2.18754 
15.1991 2.14359 
14.8132 2.08917 
14.6782 2.07012 
14.847 2.09393 
14.4975 2.04464 


0.950105 0.950105 
0.926484 0.926484 
0.92401 0.92401 
0.887845 0.887845 
0.86479 0.86479 
0.864766 0.864766 
0.851011 0.851011 
0.849219 0.849219 
0.859159 0.859159 
0.845889 0.845889 
0.844126 0.844126 
0.847295 0.847295 
0.840862 0.840862 
0.842058 0.842058 
0.826453 0.826453 
0.829186 0.829186 
0.821004 0.821004 
0.825875 0.825875 
0.829943 0.829943 
0.842505 0.842505 
0.842762 0.842762 
0.863167 0.863167 
0.86367 0.86367 
0.88678 0.88678 
0.885014 0.885014 
0.897584 0.897584 
0.902255 0.902255 
0.925135 0.925135 
0.943085 0.943085 
0.960639 0.960639 
0.991173 0.991173 
1.02475 1.02475 
1.0672 1.0672 
1.11076 1.11076 
1.13923 1.13923 
1.15134 1.15134 
1.19305 1.19305 
1.21571 1.21571 
1.22834 1.22834 
1.22527 1.22527 
1.26753 1.26753 
1.24549 1.24549 
1.25265 1.25265 
1.24943 1.24943 
1.23215 1.23215 
1.22478 1.22478 
1.228 1.228 
1.19829 1.19829 
1.16976 1.16976 
1.19472 1.19472 
1.20902 1.20902 
1.21421 1.21421 
1.2206 1.2206 
1.22581 1.22581 
1.21976 1.21976 
1.22389 1.22389 
1.21585 1.21585 
1.20186 1.20186 
1.19133 1.19133 
1.19182 1.19182 
1.18592 1.18592 
1.18692 1.18692 
1.21052 1.21052 
1.1765 1.1765 
1.20333 1.20333 
1.2213 1.2213 
1.19228 1.19228 
1.22078 1.22078 
1.2328 1.2328 
1.22369 1.22369 
1.19672 1.19672 
1.21832 1.21832 
1.21178 1.21178 
1.20466 1.20466 
1.2109 1.2109 
1.20999 1.20999 
1.20132 1.20132 
1.19389 1.19389 
1.19434 1.19434 
1.20592 1.20592 
1.1802 1.1802 
1.17569 1.17569 
1.15856 1.15856 
1.12898 1.12898 
1.13544 1.13544 
1.10884 1.10884 
1.1081 1.1081 
1.05009 1.05009 
1.04026 1.04026 
1.03657 1.03657 
0.989835 0.989835 
0.969949 0.969949 
0.945325 0.945325 
0.936708 0.936708 
0.947477 0.947477 
0.925177 0.925177 


8.61745 1.7672 
8.40321 1.72326 
8.38077 1.71866 
8.05275 1.65139 
7.84365 1.60851 
7.84343 1.60847 
7.71867 1.58288 
7.70241 1.57955 
7.79257 1.59804 
7.67221 1.57335 
7.65623 1.57007 
7.68497 1.57597 
7.62662 1.564 
7.63746 1.56623 
7.49592 1.5372 
7.52072 1.54229 
7.4465 1.52707 
7.49069 1.53613 
7.52758 1.54369 
7.64152 1.56706 
7.64386 1.56754 
7.82893 1.60549 
7.83349 1.60643 
8.04309 1.64941 
8.02707 1.64613 
8.14108 1.66951 
8.18345 1.67819 
8.39097 1.72075 
8.55378 1.75414 
8.71299 1.78679 
8.98993 1.84358 
9.29445 1.90603 
9.67947 1.98499 
10.0746 2.06602 
10.3328 2.11897 
10.4427 2.1415 
10.8209 2.21907 
11.0265 2.26122 
11.141 2.2847 
11.1132 2.279 
11.4965 2.3576 
11.2966 2.31661 
11.3615 2.32993 
11.3323 2.32393 
11.1756 2.29179 
11.1088 2.2781 
11.138 2.28408 
10.8685 2.22881 
10.6097 2.17576 
10.8361 2.22217 
10.9658 2.24878 
11.0129 2.25843 
11.0708 2.27031 
11.1181 2.28001 
11.0632 2.26875 
11.1007 2.27643 
11.0277 2.26147 
10.9009 2.23546 
10.8054 2.21588 
10.8098 2.21678 
10.7563 2.20582 
10.7654 2.20767 
10.9794 2.25156 
10.6709 2.18829 
10.9142 2.23819 
11.0771 2.27161 
10.814 2.21764 
11.0725 2.27065 
11.1815 2.293 
11.0988 2.27606 
10.8542 2.2259 
11.0501 2.26607 
10.9909 2.25392 
10.9263 2.24067 
10.9829 2.25228 
10.9746 2.25059 
10.896 2.23446 
10.8286 2.22064 
10.8327 2.22147 
10.9377 2.24302 
10.7045 2.19518 
10.6635 2.18677 
10.5081 2.15492 
10.2398 2.0999 
10.2984 2.11191 
10.0571 2.06244 
10.0505 2.06107 
9.52435 1.95317 
9.43518 1.93489 
9.4017 1.92802 
8.9778 1.84109 
8.79744 1.8041 
8.5741 1.7583 
8.49594 1.74228 
8.59362 1.76231 
8.39136 1.72083 


0.950105 0.950105 
0.926484 0.926484 
0.92401 0.92401 
0.887845 0.887845 
0.86479 0.86479 
0.864766 0.864766 
0.851011 0.851011 
0.849219 0.849219 
0.859159 0.859159 
0.845889 0.845889 
0.844126 0.844126 
0.847295 0.847295 
0.840862 0.840862 
0.842058 0.842058 
0.826453 0.826453 
0.829186 0.829186 
0.821004 0.821004 
0.825875 0.825875 
0.829943 0.829943 
0.842505 0.842505 
0.842762 0.842762 
0.863167 0.863167 
0.86367 0.86367 
0.88678 0.88678 
0.885014 0.885014 
0.897584 0.897584 
0.902255 0.902255 
0.925135 0.925135 
0.943085 0.943085 
0.960639 0.960639 
0.991173 0.991173 
1.02475 1.02475 
1.0672 1.0672 
1.11076 1.11076 
1.13923 1.13923 
1.15134 1.15134 
1.19305 1.19305 
1.21571 1.21571 
1.22834 1.22834 
1.22527 1.22527 
1.26753 1.26753 
1.24549 1.24549 
1.25265 1.25265 
1.24943 1.24943 
1.23215 1.23215 
1.22478 1.22478 
1.228 1.228 
1.19829 1.19829 
1.16976 1.16976 
1.19472 1.19472 
1.20902 1.20902 
1.21421 1.21421 
1.2206 1.2206 
1.22581 1.22581 
1.21976 1.21976 
1.22389 1.22389 
1.21585 1.21585 
1.20186 1.20186 
1.19133 1.19133 
1.19182 1.19182 
1.18592 1.18592 
1.18692 1.18692 
1.21052 1.21052 
1.1765 1.1765 
1.20333 1.20333 
1.2213 1.2213 
1.19228 1.19228 
1.22078 1.22078 
1.2328 1.2328 
1.22369 1.22369 
1.19672 1.19672 
1.21832 1.21832 
1.21178 1.21178 
1.20466 1.20466 
1.2109 1.2109 
1.20999 1.20999 
1.20132 1.20132 
1.19389 1.19389 
1.19434 1.19434 
1.20592 1.20592 
1.1802 1.1802 
1.17569 1.17569 
1.15856 1.15856 
1.12898 1.12898 
1.13544 1.13544 
1.10884 1.10884 
1.1081 1.1081 
1.05009 1.05009 
1.04026 1.04026 
1.03657 1.03657 
0.989835 0.989835 
0.969949 0.969949 
0.945325 0.945325 
0.936708 0.936708 
0.947477 0.947477 
0.925177 0.925177 


14.6791 0.665073 
14.3142 0.648539 
14.276 0.646807 
13.7172 0.621491 
13.361 0.605353 
13.3606 0.605336 
13.1481 0.595708 
13.1204 0.594453 
13.274 0.601411 
13.069 0.592122 
13.0418 0.590888 
13.0907 0.593106 
12.9913 0.588604 
13.0098 0.58944 
12.7687 0.578517 
12.8109 0.58043 
12.6845 0.574703 
12.7598 0.578113 
12.8226 0.58096 
13.0167 0.589753 
13.0207 0.589934 
13.3359 0.604217 
13.3437 0.604569 
13.7008 0.620746 
13.6735 0.61951 
13.8677 0.628309 
13.9398 0.631578 
14.2933 0.647594 
14.5707 0.660159 
14.8419 0.672447 
15.3136 0.693821 
15.8323 0.717322 
16.4882 0.747037 
17.1613 0.777535 
17.6011 0.797462 
17.7882 0.80594 
18.4326 0.835133 
18.7827 0.850997 
18.9778 0.859834 
18.9304 0.857688 
19.5833 0.887267 
19.2428 0.871844 
19.3534 0.876855 
19.3036 0.874597 
19.0367 0.862503 
18.9229 0.857349 
18.9726 0.8596 
18.5135 0.838801 
18.0728 0.818833 
18.4584 0.836301 
18.6794 0.846317 
18.7596 0.849948 
18.8583 0.854419 
18.9388 0.858067 
18.8452 0.853829 
18.9091 0.856722 
18.7848 0.851092 
18.5688 0.841304 
18.4061 0.833933 
18.4136 0.834273 
18.3225 0.830147 
18.3379 0.830845 
18.7025 0.847362 
18.1769 0.82355 
18.5914 0.842328 
18.869 0.854907 
18.4207 0.834595 
18.861 0.854544 
19.0467 0.862957 
18.906 0.85658 
18.4893 0.837703 
18.823 0.852821 
18.7221 0.848249 
18.6121 0.843265 
18.7084 0.847631 
18.6944 0.846996 
18.5604 0.840925 
18.4457 0.835726 
18.4526 0.836038 
18.6315 0.844146 
18.2342 0.826143 
18.1643 0.822979 
17.8997 0.810991 
17.4427 0.790285 
17.5425 0.794804 
17.1315 0.776185 
17.1201 0.77567 
16.2239 0.735066 
16.0721 0.728184 
16.015 0.7256 
15.293 0.692885 
14.9857 0.678964 
14.6053 0.661727 
14.4721 0.655695 
14.6385 0.663234 
14.294 0.647624 


8.61745 1.7672 
8.40321 1.72326 
8.38077 1.71866 
8.05275 1.65139 
7.84365 1.60851 
7.84343 1.60847 
7.71867 1.58288 
7.70241 1.57955 
7.79257 1.59804 
7.67221 1.57335 
7.65623 1.57007 
7.68497 1.57597 
7.62662 1.564 
7.63746 1.56623 
7.49592 1.5372 
7.52072 1.54229 
7.4465 1.52707 
7.49069 1.53613 
7.52758 1.54369 
7.64152 1.56706 
7.64386 1.56754 
7.82893 1.60549 
7.83349 1.60643 
8.04309 1.64941 
8.02707 1.64613 
8.14108 1.66951 
8.18345 1.67819 
8.39097 1.72075 
8.55378 1.75414 
8.71299 1.78679 
8.98993 1.84358 
9.29445 1.90603 
9.67947 1.98499 
10.0746 2.06602 
10.3328 2.11897 
10.4427 2.1415 
10.8209 2.21907 
11.0265 2.26122 
11.141 2.2847 
11.1132 2.279 
11.4965 2.3576 
11.2966 2.31661 
11.3615 2.32993 
11.3323 2.32393 
11.1756 2.29179 
11.1088 2.2781 
11.138 2.28408 
10.8685 2.22881 
10.6097 2.17576 
10.8361 2.22217 
10.9658 2.24878 
11.0129 2.25843 
11.0708 2.27031 
11.1181 2.28001 
11.0632 2.26875 
11.1007 2.27643 
11.0277 2.26147 
10.9009 2.23546 
10.8054 2.21588 
10.8098 2.21678 
10.7563 2.20582 
10.7654 2.20767 
10.9794 2.25156 
10.6709 2.18829 
10.9142 2.23819 
11.0771 2.27161 
10.814 2.21764 
11.0725 2.27065 
11.1815 2.293 
11.0988 2.27606 
10.8542 2.2259 
11.0501 2.26607 
10.9909 2.25392 
10.9263 2.24067 
10.9829 2.25228 
10.9746 2.25059 
10.896 2.23446 
10.8286 2.22064 
10.8327 2.22147 
10.9377 2.24302 
10.7045 2.19518 
10.6635 2.18677 
10.5081 2.15492 
10.2398 2.0999 
10.2984 2.11191 
10.0571 2.06244 
10.0505 2.06107 
9.52435 1.95317 
9.43518 1.93489 
9.4017 1.92802 
8.9778 1.84109 
8.79744 1.8041 
8.5741 1.7583 
8.49594 1.74228 
8.59362 1.76231 
8.39136 1.72083 


24.5792 6.05217 
23.9681 5.9017 
23.9041 5.88594 
22.9686 5.65557 
22.3721 5.50871 
22.3715 5.50856 
22.0157 5.42094 
21.9693 5.40952 
22.2264 5.47284 
21.8831 5.38831 
21.8375 5.37708 
21.9195 5.39727 
21.7531 5.35629 
21.784 5.36391 
21.3803 5.2645 
21.451 5.28192 
21.2394 5.22979 
21.3654 5.26082 
21.4706 5.28673 
21.7956 5.36676 
21.8023 5.3684 
22.3301 5.49838 
22.3431 5.50158 
22.941 5.64879 
22.8953 5.63754 
23.2205 5.71761 
23.3413 5.74736 
23.9332 5.89311 
24.3976 6.00745 
24.8517 6.11927 
25.6416 6.31377 
26.5102 6.52763 
27.6084 6.79804 
28.7355 7.07557 
29.4719 7.2569 
29.7852 7.33405 
30.8641 7.59971 
31.4504 7.74407 
31.777 7.82449 
31.6977 7.80496 
32.7909 8.07413 
32.2209 7.93378 
32.4061 7.97938 
32.3226 7.95884 
31.8757 7.84878 
31.6852 7.80187 
31.7684 7.82236 
30.9997 7.63309 
30.2617 7.45138 
30.9073 7.61034 
31.2774 7.70148 
31.4116 7.73453 
31.5769 7.77521 
31.7117 7.80841 
31.5551 7.76985 
31.662 7.79617 
31.4539 7.74493 
31.0922 7.65586 
30.8198 7.58879 
30.8324 7.59189 
30.6799 7.55434 
30.7057 7.56069 
31.3161 7.711 
30.4361 7.49431 
31.1301 7.66519 
31.5949 7.77965 
30.8443 7.59482 
31.5815 7.77635 
31.8924 7.85291 
31.6568 7.79488 
30.9591 7.6231 
31.5178 7.76067 
31.3489 7.71907 
31.1647 7.67371 
31.326 7.71344 
31.3025 7.70766 
31.0782 7.65242 
30.8861 7.60511 
30.8976 7.60795 
31.1972 7.68173 
30.5319 7.51791 
30.415 7.48911 
29.9719 7.38002 
29.2067 7.19159 
29.3737 7.23272 
28.6856 7.06329 
28.6665 7.0586 
27.1659 6.6891 
26.9116 6.62647 
26.8161 6.60296 
25.607 6.30525 
25.0926 6.17857 
24.4556 6.02172 
24.2326 5.96683 
24.5112 6.03543 
23.9343 5.89338 


