-158.687 -47.4571 
-157.993 -47.2493 
-157.696 -47.1605 
-152.95 -45.7413 
-147.941 -44.2432 
-146.335 -43.7629 
-146.039 -43.6745 
-145.027 -43.3718 
-146.654 -43.8584 
-144.05 -43.0795 
-144.402 -43.1849 
-144.284 -43.1495 
-143.613 -42.9488 
-143.025 -42.7731 
-139.368 -41.6793 
-141.789 -42.4035 
-139.999 -41.8682 
-141.244 -42.2404 
-141.11 -42.2004 
-141.81 -42.4096 
-143.144 -42.8086 
-144.798 -43.3033 
-147.767 -44.1911 
-150.948 -45.1424 
-152.073 -45.4791 
-154.327 -46.1529 
-154.808 -46.2967 
-156.891 -46.9199 
-160.693 -48.0567 
-165.002 -49.3455 
-169.535 -50.7012 
-174.272 -52.1179 
-182.926 -54.7059 
-185.845 -55.5788 
-194.513 -58.171 
-196.06 -58.6337 
-205.171 -61.3585 
-208.337 -62.3052 
-206.096 -61.6352 
-209.586 -62.6789 
-214.76 -64.2263 
-214.214 -64.0627 
-211.563 -63.27 
-209.956 -62.7893 
-209.192 -62.5611 
-206.955 -61.892 
-208.033 -62.2143 
-204.763 -61.2363 
-200.139 -59.8534 
-201.559 -60.2783 
-207.975 -62.197 
-206.894 -61.8736 
-207.618 -62.0903 
-205.914 -61.5807 
-204.262 -61.0866 
-207.496 -62.0538 
-208.3 -62.2943 
-205.412 -61.4306 
-204.93 -61.2863 
-201.829 -60.359 
-203.311 -60.8023 
-203.057 -60.7261 
-204.66 -61.2056 
-201.177 -60.164 
-204.707 -61.2196 
-207.777 -62.1378 
-205.303 -61.3978 
-207.793 -62.1425 
-209.237 -62.5746 
-210.232 -62.8719 
-205.389 -61.4238 
-204.57 -61.1787 
-202.913 -60.6832 
-206.776 -61.8385 
-204.146 -61.0519 
-205.165 -61.3568 
-204.46 -61.1457 
-202.678 -60.613 
-204.386 -61.1237 
-205.589 -61.4834 
-202.568 -60.5801 
-202.709 -60.622 
-195.466 -58.4561 
-192.469 -57.5598 
-191.504 -57.2712 
-191.181 -57.1747 
-189.228 -56.5906 
-179.454 -53.6676 
-177.528 -53.0914 
-175.709 -52.5476 
-171.01 -51.1423 
-165.57 -49.5153 
-160.934 -48.1288 
-161.959 -48.4355 
-160.152 -47.8952 
-159.157 -47.5975 


-123.538 -37.3876 
-122.997 -37.2239 
-122.766 -37.154 
-119.071 -36.0359 
-115.171 -34.8557 
-113.921 -34.4772 
-113.691 -34.4076 
-112.903 -34.1692 
-114.17 -34.5525 
-112.142 -33.9389 
-112.416 -34.0219 
-112.324 -33.994 
-111.802 -33.8359 
-111.345 -33.6975 
-108.497 -32.8358 
-110.382 -33.4063 
-108.989 -32.9846 
-109.958 -33.2778 
-109.854 -33.2463 
-110.398 -33.4111 
-111.437 -33.7255 
-112.725 -34.1152 
-115.036 -34.8146 
-117.512 -35.564 
-118.389 -35.8293 
-120.143 -36.3601 
-120.517 -36.4735 
-122.139 -36.9644 
-125.099 -37.86 
-128.453 -38.8753 
-131.983 -39.9434 
-135.67 -41.0595 
-142.407 -43.0983 
-144.68 -43.786 
-151.427 -45.8282 
-152.632 -46.1928 
-159.725 -48.3394 
-162.189 -49.0853 
-160.445 -48.5574 
-163.162 -49.3796 
-167.19 -50.5987 
-166.765 -50.4699 
-164.701 -49.8454 
-163.45 -49.4667 
-162.855 -49.2868 
-161.114 -48.7597 
-161.953 -49.0136 
-159.407 -48.2432 
-155.807 -47.1537 
-156.913 -47.4884 
-161.908 -49 
-161.066 -48.7452 
-161.63 -48.9159 
-160.303 -48.5144 
-159.017 -48.1252 
-161.535 -48.8872 
-162.161 -49.0766 
-159.913 -48.3962 
-159.537 -48.2825 
-157.123 -47.552 
-158.277 -47.9012 
-158.079 -47.8412 
-159.327 -48.2189 
-156.615 -47.3984 
-159.363 -48.23 
-161.754 -48.9534 
-159.827 -48.3704 
-161.766 -48.957 
-162.891 -49.2974 
-163.665 -49.5317 
-159.895 -48.3908 
-159.257 -48.1978 
-157.967 -47.8074 
-160.975 -48.7176 
-158.927 -48.0978 
-159.72 -48.338 
-159.171 -48.1717 
-157.784 -47.7521 
-159.114 -48.1544 
-160.05 -48.4378 
-157.699 -47.7262 
-157.808 -47.7592 
-152.17 -46.0528 
-149.836 -45.3467 
-149.085 -45.1193 
-148.834 -45.0433 
-147.313 -44.5831 
-139.705 -42.2804 
-138.205 -41.8265 
-136.789 -41.398 
-133.131 -40.2909 
-128.895 -39.0091 
-125.286 -37.9168 
-126.085 -38.1585 
-124.678 -37.7327 
-123.903 -37.4982 


0.951006 0.270384 
0.946843 0.2692 
0.945063 0.268694 
0.916624 0.260609 
0.886603 0.252073 
0.876977 0.249337 
0.875206 0.248833 
0.869141 0.247109 
0.878891 0.249881 
0.863283 0.245443 
0.865395 0.246044 
0.864686 0.245842 
0.860665 0.244699 
0.857143 0.243698 
0.835224 0.237466 
0.849735 0.241591 
0.83901 0.238542 
0.846467 0.240662 
0.845665 0.240434 
0.849859 0.241627 
0.857854 0.2439 
0.867768 0.246718 
0.885558 0.251776 
0.904621 0.257196 
0.911369 0.259115 
0.924871 0.262954 
0.927754 0.263773 
0.940242 0.267324 
0.963023 0.273801 
0.988849 0.281143 
1.01602 0.288868 
1.04441 0.296939 
1.09627 0.311684 
1.11376 0.316657 
1.16571 0.331426 
1.17498 0.334063 
1.22958 0.349587 
1.24855 0.354981 
1.23513 0.351163 
1.25604 0.35711 
1.28705 0.365926 
1.28377 0.364994 
1.26789 0.360478 
1.25825 0.357739 
1.25368 0.356438 
1.24027 0.352627 
1.24673 0.354463 
1.22713 0.348891 
1.19942 0.341012 
1.20794 0.343432 
1.24638 0.354364 
1.2399 0.352521 
1.24425 0.353756 
1.23403 0.350853 
1.22413 0.348038 
1.24351 0.353548 
1.24833 0.354918 
1.23103 0.349998 
1.22813 0.349175 
1.20955 0.343892 
1.21843 0.346418 
1.21691 0.345984 
1.22652 0.348716 
1.20564 0.342781 
1.2268 0.348795 
1.2452 0.354027 
1.23037 0.349811 
1.24529 0.354053 
1.25395 0.356515 
1.25991 0.358209 
1.23089 0.349959 
1.22598 0.348563 
1.21605 0.345739 
1.2392 0.352322 
1.22344 0.34784 
1.22955 0.349577 
1.22532 0.348374 
1.21464 0.345339 
1.22488 0.348249 
1.23208 0.350298 
1.21398 0.345152 
1.21482 0.345391 
1.17142 0.33305 
1.15346 0.327944 
1.14767 0.326299 
1.14574 0.32575 
1.13403 0.322422 
1.07546 0.305768 
1.06391 0.302486 
1.05302 0.299387 
1.02486 0.291381 
0.992251 0.282111 
0.964467 0.274211 
0.970614 0.275959 
0.959786 0.27288 
0.95382 0.271184 


2.23766 1.11883 
2.22787 1.11393 
2.22368 1.11184 
2.15676 1.07838 
2.08613 1.04306 
2.06347 1.03174 
2.05931 1.02965 
2.04504 1.02252 
2.06798 1.03399 
2.03125 1.01563 
2.03622 1.01811 
2.03456 1.01728 
2.02509 1.01255 
2.01681 1.0084 
1.96523 0.982617 
1.99938 0.999688 
1.97414 0.98707 
1.99169 0.995844 
1.9898 0.9949 
1.99967 0.999834 
2.01848 1.00924 
2.04181 1.0209 
2.08366 1.04183 
2.12852 1.06426 
2.1444 1.0722 
2.17617 1.08808 
2.18295 1.09148 
2.21233 1.10617 
2.26594 1.13297 
2.3267 1.16335 
2.39063 1.19531 
2.45743 1.22871 
2.57945 1.28973 
2.62061 1.31031 
2.74284 1.37142 
2.76466 1.38233 
2.89313 1.44657 
2.93777 1.46889 
2.90618 1.45309 
2.95539 1.4777 
3.02835 1.51418 
3.02064 1.51032 
2.98326 1.49163 
2.9606 1.4803 
2.94983 1.47492 
2.91829 1.45914 
2.93348 1.46674 
2.88737 1.44369 
2.82217 1.41108 
2.8422 1.4211 
2.93267 1.46633 
2.91742 1.45871 
2.92764 1.46382 
2.90361 1.4518 
2.88031 1.44016 
2.92591 1.46296 
2.93725 1.46863 
2.89653 1.44827 
2.88973 1.44486 
2.846 1.423 
2.86691 1.43345 
2.86331 1.43166 
2.88592 1.44296 
2.83681 1.4184 
2.88658 1.44329 
2.92988 1.46494 
2.89499 1.44749 
2.9301 1.46505 
2.95047 1.47523 
2.96449 1.48225 
2.89621 1.4481 
2.88466 1.44233 
2.86129 1.43065 
2.91577 1.45788 
2.87867 1.43934 
2.89305 1.44652 
2.8831 1.44155 
2.85798 1.42899 
2.88206 1.44103 
2.89902 1.44951 
2.85643 1.42821 
2.85841 1.4292 
2.75628 1.37814 
2.71402 1.35701 
2.70041 1.3502 
2.69586 1.34793 
2.66832 1.33416 
2.5305 1.26525 
2.50333 1.25166 
2.47769 1.23884 
2.41143 1.20571 
2.33471 1.16735 
2.26933 1.13467 
2.2838 1.1419 
2.25832 1.12916 
2.24428 1.12214 


2.62925 0.447532 
2.61774 0.445573 
2.61282 0.444736 
2.5342 0.431353 
2.4512 0.417225 
2.42458 0.412695 
2.41969 0.411862 
2.40292 0.409007 
2.42987 0.413596 
2.38672 0.406251 
2.39256 0.407245 
2.3906 0.406911 
2.37948 0.405019 
2.36975 0.403361 
2.30915 0.393047 
2.34927 0.399875 
2.31962 0.394828 
2.34023 0.398338 
2.33802 0.39796 
2.34961 0.399934 
2.37172 0.403696 
2.39912 0.408361 
2.44831 0.416733 
2.50101 0.425704 
2.51967 0.428879 
2.557 0.435233 
2.56497 0.43659 
2.59949 0.442467 
2.66247 0.453187 
2.73388 0.465341 
2.80899 0.478126 
2.88748 0.491485 
3.03085 0.51589 
3.07922 0.524122 
3.22283 0.548567 
3.24847 0.552931 
3.39943 0.578626 
3.45188 0.587554 
3.41476 0.581236 
3.47258 0.591078 
3.55831 0.60567 
3.54925 0.604128 
3.50533 0.596653 
3.4787 0.59212 
3.46605 0.589967 
3.42899 0.583658 
3.44684 0.586697 
3.39266 0.577474 
3.31605 0.564433 
3.33959 0.56844 
3.44588 0.586534 
3.42797 0.583484 
3.43997 0.585527 
3.41174 0.580721 
3.38437 0.576062 
3.43795 0.585183 
3.45127 0.587451 
3.40343 0.579307 
3.39543 0.577945 
3.34405 0.569201 
3.36861 0.573381 
3.36439 0.572663 
3.39096 0.577184 
3.33325 0.567362 
3.39173 0.577316 
3.44261 0.585976 
3.40161 0.578997 
3.44286 0.586019 
3.4668 0.590094 
3.48328 0.592898 
3.40305 0.579242 
3.38947 0.576931 
3.36202 0.572258 
3.42603 0.583153 
3.38244 0.575735 
3.39933 0.57861 
3.38764 0.576619 
3.35813 0.571596 
3.38642 0.576412 
3.40635 0.579804 
3.3563 0.571286 
3.35863 0.571681 
3.23863 0.551256 
3.18897 0.542804 
3.17298 0.540082 
3.16764 0.539172 
3.13527 0.533663 
2.97333 0.506099 
2.94141 0.500666 
2.91128 0.495537 
2.83343 0.482285 
2.74328 0.466942 
2.66647 0.453867 
2.68346 0.45676 
2.65352 0.451664 
2.63703 0.448856 


2.02322 0.139854 
2.01436 0.139242 
2.01058 0.13898 
1.95007 0.134798 
1.8862 0.130383 
1.86573 0.128967 
1.86196 0.128707 
1.84905 0.127815 
1.8698 0.129249 
1.83659 0.126953 
1.84108 0.127264 
1.83958 0.12716 
1.83102 0.126568 
1.82353 0.12605 
1.7769 0.122827 
1.80777 0.124961 
1.78495 0.123384 
1.80082 0.12448 
1.79911 0.124363 
1.80803 0.124979 
1.82504 0.126155 
1.84613 0.127613 
1.88398 0.130229 
1.92454 0.133033 
1.93889 0.134025 
1.96762 0.13601 
1.97375 0.136434 
2.00032 0.138271 
2.04878 0.141621 
2.10373 0.145419 
2.16153 0.149414 
2.22192 0.153589 
2.33225 0.161216 
2.36947 0.163788 
2.47998 0.171427 
2.49971 0.172791 
2.61587 0.180821 
2.65623 0.183611 
2.62767 0.181636 
2.67217 0.184712 
2.73813 0.189272 
2.73116 0.18879 
2.69737 0.186454 
2.67687 0.185037 
2.66714 0.184365 
2.63862 0.182393 
2.65236 0.183343 
2.61066 0.180461 
2.55171 0.176385 
2.56982 0.177638 
2.65162 0.183292 
2.63783 0.182339 
2.64707 0.182977 
2.62534 0.181475 
2.60428 0.180019 
2.64551 0.18287 
2.65577 0.183578 
2.61895 0.181033 
2.61279 0.180608 
2.57326 0.177875 
2.59216 0.179182 
2.58891 0.178957 
2.60935 0.18037 
2.56495 0.177301 
2.60995 0.180411 
2.6491 0.183117 
2.61755 0.180937 
2.6493 0.183131 
2.66772 0.184404 
2.68039 0.185281 
2.61866 0.181013 
2.60821 0.180291 
2.58708 0.178831 
2.63634 0.182235 
2.6028 0.179917 
2.6158 0.180816 
2.6068 0.180193 
2.58409 0.178624 
2.60586 0.180129 
2.6212 0.181189 
2.58269 0.178527 
2.58448 0.17865 
2.49214 0.172267 
2.45393 0.169626 
2.44162 0.168775 
2.43751 0.168491 
2.4126 0.16677 
2.28799 0.158156 
2.26343 0.156458 
2.24024 0.154855 
2.18033 0.150714 
2.11097 0.145919 
2.05186 0.141833 
2.06493 0.142737 
2.0419 0.141145 
2.0292 0.140268 


6.19086 0.354296 
6.16376 0.352745 
6.15218 0.352082 
5.96704 0.341487 
5.77161 0.330303 
5.70895 0.326717 
5.69742 0.326057 
5.65794 0.323798 
5.72141 0.32743 
5.61981 0.321615 
5.63355 0.322402 
5.62894 0.322138 
5.60276 0.32064 
5.57983 0.319328 
5.43715 0.311162 
5.53161 0.316568 
5.46179 0.312572 
5.51034 0.315351 
5.50512 0.315052 
5.53241 0.316614 
5.58446 0.319593 
5.649 0.323286 
5.76481 0.329914 
5.88891 0.337016 
5.93283 0.33953 
6.02073 0.34456 
6.03949 0.345634 
6.12079 0.350286 
6.26909 0.358773 
6.43721 0.368395 
6.61407 0.378516 
6.79888 0.389092 
7.13648 0.408413 
7.25036 0.41493 
7.58852 0.434283 
7.64888 0.437737 
8.00433 0.458079 
8.12783 0.465147 
8.04043 0.460145 
8.17658 0.467937 
8.37843 0.479489 
8.3571 0.478268 
8.25369 0.47235 
8.19099 0.468761 
8.16121 0.467057 
8.07393 0.462062 
8.11597 0.464468 
7.98839 0.457167 
7.80799 0.446843 
7.86342 0.450015 
8.11371 0.464339 
8.07153 0.461925 
8.0998 0.463543 
8.03331 0.459738 
7.96886 0.456049 
8.09503 0.46327 
8.12641 0.465065 
8.01374 0.458618 
7.99491 0.45754 
7.87394 0.450617 
7.93177 0.453927 
7.92184 0.453358 
7.98438 0.456938 
7.8485 0.449161 
7.98621 0.457042 
8.106 0.463897 
8.00946 0.458373 
8.1066 0.463932 
8.16297 0.467158 
8.20176 0.469378 
8.01284 0.458566 
7.98088 0.456737 
7.91624 0.453038 
8.06695 0.461663 
7.96433 0.45579 
8.0041 0.458066 
7.97657 0.45649 
7.90708 0.452514 
7.9737 0.456326 
8.02062 0.459011 
7.90279 0.452268 
7.90826 0.452581 
7.62571 0.436411 
7.50879 0.42972 
7.47113 0.427565 
7.45855 0.426845 
7.38234 0.422484 
7.00104 0.400662 
6.92588 0.39636 
6.85493 0.3923 
6.67161 0.381809 
6.45936 0.369662 
6.27849 0.359311 
6.31851 0.361601 
6.24802 0.357567 
6.20918 0.355345 


1.26801 0.249872 
1.26246 0.248778 
1.26008 0.248311 
1.22217 0.240839 
1.18214 0.232951 
1.1693 0.230421 
1.16694 0.229956 
1.15885 0.228362 
1.17185 0.230924 
1.15104 0.226823 
1.15386 0.227378 
1.15291 0.227192 
1.14755 0.226135 
1.14286 0.22521 
1.11363 0.219451 
1.13298 0.223264 
1.11868 0.220446 
1.12862 0.222405 
1.12755 0.222194 
1.13315 0.223296 
1.14381 0.225397 
1.15702 0.228002 
1.18074 0.232676 
1.20616 0.237685 
1.21516 0.239458 
1.23316 0.243005 
1.23701 0.243763 
1.25366 0.247044 
1.28403 0.25303 
1.31847 0.259815 
1.35469 0.266953 
1.39254 0.274413 
1.46169 0.288039 
1.48501 0.292635 
1.55427 0.306283 
1.56664 0.30872 
1.63944 0.323066 
1.66474 0.328051 
1.64683 0.324523 
1.67472 0.330019 
1.71607 0.338166 
1.7117 0.337305 
1.69052 0.333131 
1.67767 0.3306 
1.67157 0.329398 
1.6537 0.325876 
1.66231 0.327572 
1.63618 0.322423 
1.59923 0.315142 
1.61058 0.317379 
1.66185 0.327481 
1.6532 0.325778 
1.65899 0.326919 
1.64538 0.324236 
1.63218 0.321635 
1.65802 0.326727 
1.66444 0.327993 
1.64137 0.323446 
1.63751 0.322686 
1.61274 0.317804 
1.62458 0.320138 
1.62254 0.319737 
1.63536 0.322261 
1.60753 0.316777 
1.63573 0.322335 
1.66026 0.32717 
1.64049 0.323273 
1.66039 0.327194 
1.67193 0.329469 
1.67988 0.331035 
1.64119 0.32341 
1.63464 0.32212 
1.6214 0.319511 
1.65227 0.325594 
1.63125 0.321452 
1.63939 0.323057 
1.63375 0.321946 
1.61952 0.319141 
1.63317 0.32183 
1.64278 0.323724 
1.61864 0.318968 
1.61976 0.319189 
1.56189 0.307785 
1.53794 0.303065 
1.53023 0.301546 
1.52765 0.301038 
1.51205 0.297962 
1.43395 0.282572 
1.41855 0.279538 
1.40402 0.276675 
1.36648 0.269276 
1.323 0.260709 
1.28596 0.253409 
1.29415 0.255024 
1.27971 0.252179 
1.27176 0.250611 


1.72486 0.354296 
1.71731 0.352745 
1.71409 0.352082 
1.6625 0.341487 
1.60805 0.330303 
1.5906 0.326717 
1.58738 0.326057 
1.57638 0.323798 
1.59407 0.32743 
1.56576 0.321615 
1.56959 0.322402 
1.5683 0.322138 
1.56101 0.32064 
1.55462 0.319328 
1.51487 0.311162 
1.54119 0.316568 
1.52173 0.312572 
1.53526 0.315351 
1.5338 0.315052 
1.54141 0.316614 
1.55591 0.319593 
1.57389 0.323286 
1.60616 0.329914 
1.64073 0.337016 
1.65297 0.33953 
1.67746 0.34456 
1.68269 0.345634 
1.70534 0.350286 
1.74666 0.358773 
1.7935 0.368395 
1.84278 0.378516 
1.89427 0.389092 
1.98833 0.408413 
2.02005 0.41493 
2.11427 0.434283 
2.13109 0.437737 
2.23012 0.458079 
2.26453 0.465147 
2.24018 0.460145 
2.27811 0.467937 
2.33435 0.479489 
2.32841 0.478268 
2.2996 0.47235 
2.28213 0.468761 
2.27383 0.467057 
2.24951 0.462062 
2.26123 0.464468 
2.22568 0.457167 
2.17542 0.446843 
2.19086 0.450015 
2.2606 0.464339 
2.24884 0.461925 
2.25672 0.463543 
2.2382 0.459738 
2.22024 0.456049 
2.25539 0.46327 
2.26413 0.465065 
2.23274 0.458618 
2.2275 0.45754 
2.19379 0.450617 
2.20991 0.453927 
2.20714 0.453358 
2.22456 0.456938 
2.18671 0.449161 
2.22507 0.457042 
2.25845 0.463897 
2.23155 0.458373 
2.25862 0.463932 
2.27432 0.467158 
2.28513 0.469378 
2.23249 0.458566 
2.22359 0.456737 
2.20558 0.453038 
2.24757 0.461663 
2.21898 0.45579 
2.23006 0.458066 
2.22239 0.45649 
2.20303 0.452514 
2.22159 0.456326 
2.23466 0.459011 
2.20183 0.452268 
2.20335 0.452581 
2.12463 0.436411 
2.09206 0.42972 
2.08156 0.427565 
2.07806 0.426845 
2.05683 0.422484 
1.95059 0.400662 
1.92965 0.39636 
1.90988 0.3923 
1.85881 0.381809 
1.79967 0.369662 
1.74928 0.359311 
1.76043 0.361601 
1.74079 0.357567 
1.72997 0.355345 


5.52889 1.42651 
5.50469 1.42026 
5.49434 1.41759 
5.329 1.37494 
5.15447 1.3299 
5.0985 1.31547 
5.08821 1.31281 
5.05295 1.30371 
5.10963 1.31834 
5.01889 1.29493 
5.03117 1.29809 
5.02705 1.29703 
5.00367 1.291 
4.98319 1.28571 
4.85577 1.25284 
4.94013 1.2746 
4.87777 1.25851 
4.92113 1.2697 
4.91647 1.2685 
4.94085 1.27479 
4.98733 1.28678 
5.04496 1.30165 
5.14839 1.32834 
5.25922 1.35693 
5.29845 1.36705 
5.37695 1.38731 
5.39371 1.39163 
5.46631 1.41036 
5.59875 1.44453 
5.7489 1.48327 
5.90684 1.52403 
6.07189 1.56661 
6.37339 1.6444 
6.47509 1.67064 
6.77709 1.74856 
6.831 1.76247 
7.14844 1.84437 
7.25874 1.87283 
7.18068 1.85269 
7.30228 1.88406 
7.48255 1.93057 
7.4635 1.92566 
7.37115 1.90183 
7.31514 1.88738 
7.28855 1.88052 
7.21061 1.86041 
7.24815 1.8701 
7.13421 1.8407 
6.9731 1.79913 
7.0226 1.8119 
7.24613 1.86958 
7.20846 1.85985 
7.2337 1.86637 
7.17433 1.85105 
7.11677 1.8362 
7.22945 1.86527 
7.25747 1.8725 
7.15685 1.84654 
7.14003 1.8422 
7.032 1.81433 
7.08364 1.82765 
7.07477 1.82536 
7.13063 1.83978 
7.00928 1.80847 
7.13226 1.8402 
7.23924 1.8678 
7.15303 1.84555 
7.23978 1.86794 
7.29012 1.88092 
7.32477 1.88986 
7.15605 1.84633 
7.1275 1.83897 
7.06978 1.82407 
7.20437 1.8588 
7.11272 1.83515 
7.14824 1.84432 
7.12365 1.83797 
7.06159 1.82196 
7.12109 1.83731 
7.163 1.84813 
7.05776 1.82097 
7.06264 1.82223 
6.81031 1.75713 
6.70589 1.73019 
6.67226 1.72151 
6.66102 1.71861 
6.59297 1.70105 
6.25244 1.61319 
6.18531 1.59587 
6.12195 1.57952 
5.95823 1.53728 
5.76867 1.48838 
5.60715 1.4467 
5.64288 1.45592 
5.57993 1.43968 
5.54525 1.43073 


2.46143 0.606033 
2.45065 0.60338 
2.44605 0.602246 
2.37244 0.584123 
2.29474 0.564992 
2.26982 0.558858 
2.26524 0.557729 
2.24954 0.553864 
2.27478 0.560077 
2.23438 0.550132 
2.23985 0.551477 
2.23801 0.551025 
2.2276 0.548463 
2.21849 0.546219 
2.16176 0.532251 
2.19931 0.541498 
2.17156 0.534663 
2.19086 0.539416 
2.18878 0.538904 
2.19963 0.541577 
2.22033 0.546672 
2.24599 0.552989 
2.29203 0.564326 
2.34137 0.576474 
2.35884 0.580774 
2.39378 0.589379 
2.40125 0.591216 
2.43357 0.599174 
2.49253 0.613691 
2.55937 0.630149 
2.62969 0.647462 
2.70317 0.665553 
2.8374 0.698601 
2.88267 0.709749 
3.01712 0.742852 
3.04112 0.748761 
3.18244 0.783556 
3.23155 0.795646 
3.1968 0.78709 
3.25093 0.800418 
3.33119 0.820178 
3.3227 0.81809 
3.28159 0.807967 
3.25666 0.801829 
3.24482 0.798913 
3.21012 0.79037 
3.22683 0.794485 
3.17611 0.781996 
3.10438 0.764337 
3.12642 0.769763 
3.22593 0.794264 
3.20916 0.790134 
3.2204 0.792902 
3.19397 0.786394 
3.16834 0.780084 
3.21851 0.792435 
3.23098 0.795507 
3.18619 0.784478 
3.1787 0.782634 
3.1306 0.770793 
3.1536 0.776453 
3.14965 0.775481 
3.17451 0.781604 
3.12049 0.768302 
3.17524 0.781783 
3.22287 0.793509 
3.18448 0.784058 
3.22311 0.793568 
3.24552 0.799086 
3.26094 0.802883 
3.18583 0.78439 
3.17312 0.781261 
3.14742 0.774933 
3.20734 0.789687 
3.16654 0.779641 
3.18235 0.783534 
3.17141 0.780838 
3.14378 0.774036 
3.17027 0.780558 
3.18892 0.785151 
3.14207 0.773616 
3.14425 0.774152 
3.03191 0.746493 
2.98542 0.735047 
2.97045 0.731361 
2.96545 0.730129 
2.93515 0.722669 
2.78355 0.685343 
2.75366 0.677985 
2.72545 0.67104 
2.65257 0.653095 
2.56818 0.632317 
2.49627 0.614612 
2.51218 0.618529 
2.48415 0.611628 
2.46871 0.607826 


4.49397 -0.0372944 
4.4743 -0.0371311 
4.46589 -0.0370613 
4.3315 -0.0359461 
4.18963 -0.0347688 
4.14415 -0.0343913 
4.13578 -0.0343218 
4.10712 -0.034084 
4.15319 -0.0344663 
4.07944 -0.0338543 
4.08941 -0.0339371 
4.08606 -0.0339093 
4.06706 -0.0337515 
4.05042 -0.0336135 
3.94684 -0.0327539 
4.01542 -0.0333229 
3.96473 -0.0329024 
3.99997 -0.0331948 
3.99618 -0.0331634 
4.016 -0.0333278 
4.05378 -0.0336414 
4.10063 -0.0340301 
4.18469 -0.0347278 
4.27478 -0.0354754 
4.30666 -0.0357399 
4.37047 -0.0362695 
4.38409 -0.0363825 
4.44311 -0.0368723 
4.55075 -0.0377656 
4.6728 -0.0387784 
4.80118 -0.0398438 
4.93533 -0.0409571 
5.1804 -0.0429908 
5.26306 -0.0436768 
5.50853 -0.0457139 
5.55235 -0.0460776 
5.81037 -0.0482189 
5.90002 -0.0489629 
5.83657 -0.0484363 
5.93541 -0.0492565 
6.08194 -0.0504725 
6.06645 -0.050344 
5.99139 -0.0497211 
5.94587 -0.0493433 
5.92425 -0.0491639 
5.8609 -0.0486381 
5.89141 -0.0488914 
5.7988 -0.0481229 
5.66785 -0.0470361 
5.70809 -0.04737 
5.88977 -0.0488778 
5.85915 -0.0486236 
5.87967 -0.0487939 
5.83141 -0.0483934 
5.78463 -0.0480052 
5.87621 -0.0487653 
5.89899 -0.0489543 
5.8172 -0.0482756 
5.80353 -0.0481621 
5.71572 -0.0474334 
5.7577 -0.0477818 
5.75049 -0.0477219 
5.79589 -0.0480987 
5.69726 -0.0472802 
5.79722 -0.0481097 
5.88417 -0.0488313 
5.81409 -0.0482498 
5.88461 -0.048835 
5.92553 -0.0491745 
5.95369 -0.0494082 
5.81655 -0.0482702 
5.79335 -0.0480776 
5.74643 -0.0476882 
5.85583 -0.0485961 
5.78134 -0.0479779 
5.81021 -0.0482175 
5.79022 -0.0480516 
5.73978 -0.047633 
5.78814 -0.0480344 
5.8222 -0.048317 
5.73666 -0.0476072 
5.74063 -0.0476401 
5.53553 -0.045938 
5.45065 -0.0452337 
5.42332 -0.0450068 
5.41419 -0.044931 
5.35887 -0.0444719 
5.08208 -0.042175 
5.02752 -0.0417222 
4.97602 -0.0412948 
4.84295 -0.0401905 
4.68887 -0.0389118 
4.55758 -0.0378223 
4.58663 -0.0380633 
4.53546 -0.0376387 
4.50727 -0.0374047 


21.351 2.00457 
21.2576 1.9958 
21.2176 1.99204 
20.5791 1.9321 
19.9051 1.86882 
19.689 1.84853 
19.6492 1.8448 
19.5131 1.83201 
19.732 1.85256 
19.3816 1.81967 
19.429 1.82412 
19.413 1.82262 
19.3228 1.81415 
19.2437 1.80672 
18.7516 1.76052 
19.0774 1.79111 
18.8366 1.7685 
19.004 1.78422 
18.986 1.78253 
19.0802 1.79137 
19.2597 1.80822 
19.4822 1.82912 
19.8816 1.86662 
20.3096 1.9068 
20.4611 1.92102 
20.7643 1.94948 
20.829 1.95556 
21.1094 1.98188 
21.6208 2.0299 
22.2006 2.08434 
22.8106 2.1416 
23.4479 2.20144 
24.6123 2.31076 
25.005 2.34763 
26.1712 2.45712 
26.3794 2.47667 
27.6053 2.59176 
28.0312 2.63175 
27.7298 2.60345 
28.1993 2.64754 
28.8955 2.7129 
28.8219 2.70599 
28.4653 2.67251 
28.249 2.6522 
28.1463 2.64256 
27.8453 2.6143 
27.9903 2.62791 
27.5503 2.5866 
26.9282 2.52819 
27.1193 2.54614 
27.9825 2.62718 
27.837 2.61352 
27.9345 2.62267 
27.7053 2.60115 
27.483 2.58028 
27.9181 2.62113 
28.0263 2.63129 
27.6378 2.59481 
27.5728 2.58871 
27.1556 2.54955 
27.3551 2.56827 
27.3208 2.56505 
27.5365 2.58531 
27.0679 2.54131 
27.5428 2.5859 
27.9559 2.62468 
27.623 2.59342 
27.958 2.62488 
28.1524 2.64313 
28.2862 2.65569 
27.6347 2.59452 
27.5244 2.58417 
27.3015 2.56324 
27.8213 2.61204 
27.4673 2.57881 
27.6045 2.59169 
27.5095 2.58277 
27.2699 2.56027 
27.4997 2.58185 
27.6615 2.59704 
27.2551 2.55888 
27.274 2.56066 
26.2995 2.46917 
25.8963 2.43131 
25.7664 2.41912 
25.723 2.41504 
25.4602 2.39037 
24.1452 2.2669 
23.8859 2.24257 
23.6412 2.21959 
23.009 2.16024 
22.277 2.09151 
21.6532 2.03295 
21.7912 2.0459 
21.5481 2.02308 
21.4142 2.0105 


27.6444 6.99269 
27.5234 6.96208 
27.4717 6.94899 
26.645 6.73988 
25.7723 6.51914 
25.4925 6.44836 
25.441 6.43534 
25.2647 6.39074 
25.5481 6.46243 
25.0945 6.34767 
25.1558 6.3632 
25.1352 6.35798 
25.0183 6.32842 
24.916 6.30252 
24.2788 6.14136 
24.7006 6.24805 
24.3889 6.16919 
24.6056 6.22403 
24.5823 6.21813 
24.7042 6.24896 
24.9367 6.30775 
25.2248 6.38064 
25.7419 6.51145 
26.2961 6.65163 
26.4922 6.70124 
26.8847 6.80052 
26.9685 6.82172 
27.3316 6.91355 
27.9938 7.08105 
28.7445 7.27095 
29.5342 7.47071 
30.3595 7.67946 
31.867 8.06078 
32.3755 8.18941 
33.8855 8.57137 
34.155 8.63955 
35.7422 9.04103 
36.2937 9.18053 
35.9034 9.08181 
36.5114 9.23559 
37.4127 9.46359 
37.3175 9.4395 
36.8557 9.3227 
36.5757 9.25187 
36.4427 9.21823 
36.053 9.11965 
36.2408 9.16714 
35.6711 9.02303 
34.8655 8.81927 
35.113 8.88188 
36.2307 9.16459 
36.0423 9.11693 
36.1685 9.14887 
35.8716 9.07377 
35.5839 9.00097 
36.1472 9.14348 
36.2873 9.17892 
35.7843 9.05167 
35.7002 9.03039 
35.16 8.89376 
35.4182 8.95908 
35.3739 8.94786 
35.6532 9.01851 
35.0464 8.86503 
35.6613 9.02057 
36.1962 9.15587 
35.7651 9.04683 
36.1989 9.15655 
36.4506 9.22022 
36.6238 9.26404 
35.7802 9.05065 
35.6375 9.01455 
35.3489 8.94154 
36.0219 9.11177 
35.5636 8.99586 
35.7412 9.04078 
35.6182 9.00967 
35.308 8.93119 
35.6055 9.00644 
35.815 9.05944 
35.2888 8.92634 
35.3132 8.93252 
34.0515 8.61337 
33.5294 8.48131 
33.3613 8.43877 
33.3051 8.42456 
32.9648 8.33849 
31.2622 7.9078 
30.9265 7.8229 
30.6097 7.74277 
29.7912 7.53571 
28.8434 7.29596 
28.0357 7.09167 
28.2144 7.13687 
27.8996 7.05725 
27.7262 7.01338 


0.932359 0.932359 
0.928277 0.928277 
0.926532 0.926532 
0.898651 0.898651 
0.869219 0.869219 
0.859781 0.859781 
0.858045 0.858045 
0.852099 0.852099 
0.861657 0.861657 
0.846356 0.846356 
0.848426 0.848426 
0.847731 0.847731 
0.843789 0.843789 
0.840336 0.840336 
0.818847 0.818847 
0.833074 0.833074 
0.822559 0.822559 
0.82987 0.82987 
0.829084 0.829084 
0.833195 0.833195 
0.841034 0.841034 
0.850753 0.850753 
0.868194 0.868194 
0.886884 0.886884 
0.893499 0.893499 
0.906736 0.906736 
0.909563 0.909563 
0.921806 0.921806 
0.94414 0.94414 
0.96946 0.96946 
0.996095 0.996095 
1.02393 1.02393 
1.07477 1.07477 
1.09192 1.09192 
1.14285 1.14285 
1.15194 1.15194 
1.20547 1.20547 
1.22407 1.22407 
1.21091 1.21091 
1.23141 1.23141 
1.26181 1.26181 
1.2586 1.2586 
1.24303 1.24303 
1.23358 1.23358 
1.2291 1.2291 
1.21595 1.21595 
1.22229 1.22229 
1.20307 1.20307 
1.1759 1.1759 
1.18425 1.18425 
1.22195 1.22195 
1.21559 1.21559 
1.21985 1.21985 
1.20984 1.20984 
1.20013 1.20013 
1.21913 1.21913 
1.22386 1.22386 
1.20689 1.20689 
1.20405 1.20405 
1.18584 1.18584 
1.19454 1.19454 
1.19305 1.19305 
1.20247 1.20247 
1.182 1.182 
1.20274 1.20274 
1.22078 1.22078 
1.20624 1.20624 
1.22087 1.22087 
1.22936 1.22936 
1.23521 1.23521 
1.20675 1.20675 
1.20194 1.20194 
1.19221 1.19221 
1.2149 1.2149 
1.19945 1.19945 
1.20544 1.20544 
1.20129 1.20129 
1.19083 1.19083 
1.20086 1.20086 
1.20792 1.20792 
1.19018 1.19018 
1.191 1.191 
1.14845 1.14845 
1.13084 1.13084 
1.12517 1.12517 
1.12328 1.12328 
1.1118 1.1118 
1.05437 1.05437 
1.04305 1.04305 
1.03237 1.03237 
1.00476 1.00476 
0.972795 0.972795 
0.945556 0.945556 
0.951583 0.951583 
0.940966 0.940966 
0.935118 0.935118 


8.58702 1.4638 
8.54944 1.4574 
8.53336 1.45466 
8.27658 1.41088 
8.0055 1.36467 
7.91859 1.34986 
7.90259 1.34713 
7.84783 1.3378 
7.93587 1.3528 
7.79494 1.32878 
7.81401 1.33203 
7.8076 1.33094 
7.77129 1.32475 
7.7395 1.31933 
7.54159 1.28559 
7.67261 1.30793 
7.57577 1.29142 
7.6431 1.3029 
7.63586 1.30166 
7.67373 1.30812 
7.74592 1.32042 
7.83543 1.33568 
7.99606 1.36306 
8.1682 1.39241 
8.22912 1.40279 
8.35104 1.42358 
8.37707 1.42801 
8.48984 1.44724 
8.69553 1.4823 
8.92873 1.52205 
9.17403 1.56387 
9.43037 1.60757 
9.89864 1.68739 
10.0566 1.71432 
10.5256 1.79427 
10.6094 1.80855 
11.1024 1.89259 
11.2737 1.92179 
11.1525 1.90112 
11.3413 1.93332 
11.6213 1.98105 
11.5917 1.976 
11.4483 1.95155 
11.3613 1.93672 
11.32 1.92968 
11.1989 1.90905 
11.2572 1.91899 
11.0803 1.88882 
10.8301 1.84617 
10.9069 1.85927 
11.2541 1.91845 
11.1956 1.90848 
11.2348 1.91516 
11.1426 1.89944 
11.0532 1.8842 
11.2282 1.91404 
11.2717 1.92145 
11.1154 1.89482 
11.0893 1.89036 
10.9215 1.86176 
11.0017 1.87543 
10.988 1.87308 
11.0747 1.88787 
10.8863 1.85575 
11.0773 1.88831 
11.2434 1.91663 
11.1095 1.8938 
11.2442 1.91677 
11.3224 1.9301 
11.3762 1.93927 
11.1142 1.8946 
11.0699 1.88705 
10.9802 1.87176 
11.1893 1.9074 
11.0469 1.88313 
11.1021 1.89254 
11.0639 1.88603 
10.9675 1.8696 
11.0599 1.88535 
11.125 1.89644 
10.9615 1.86858 
10.9691 1.86987 
10.5772 1.80307 
10.415 1.77542 
10.3628 1.76652 
10.3454 1.76354 
10.2397 1.74552 
9.71078 1.65537 
9.60653 1.63759 
9.50812 1.62082 
9.25385 1.57748 
8.95944 1.52729 
8.70857 1.48452 
8.76407 1.49398 
8.6663 1.47732 
8.61243 1.46813 


0.932359 0.932359 
0.928277 0.928277 
0.926532 0.926532 
0.898651 0.898651 
0.869219 0.869219 
0.859781 0.859781 
0.858045 0.858045 
0.852099 0.852099 
0.861657 0.861657 
0.846356 0.846356 
0.848426 0.848426 
0.847731 0.847731 
0.843789 0.843789 
0.840336 0.840336 
0.818847 0.818847 
0.833074 0.833074 
0.822559 0.822559 
0.82987 0.82987 
0.829084 0.829084 
0.833195 0.833195 
0.841034 0.841034 
0.850753 0.850753 
0.868194 0.868194 
0.886884 0.886884 
0.893499 0.893499 
0.906736 0.906736 
0.909563 0.909563 
0.921806 0.921806 
0.94414 0.94414 
0.96946 0.96946 
0.996095 0.996095 
1.02393 1.02393 
1.07477 1.07477 
1.09192 1.09192 
1.14285 1.14285 
1.15194 1.15194 
1.20547 1.20547 
1.22407 1.22407 
1.21091 1.21091 
1.23141 1.23141 
1.26181 1.26181 
1.2586 1.2586 
1.24303 1.24303 
1.23358 1.23358 
1.2291 1.2291 
1.21595 1.21595 
1.22229 1.22229 
1.20307 1.20307 
1.1759 1.1759 
1.18425 1.18425 
1.22195 1.22195 
1.21559 1.21559 
1.21985 1.21985 
1.20984 1.20984 
1.20013 1.20013 
1.21913 1.21913 
1.22386 1.22386 
1.20689 1.20689 
1.20405 1.20405 
1.18584 1.18584 
1.19454 1.19454 
1.19305 1.19305 
1.20247 1.20247 
1.182 1.182 
1.20274 1.20274 
1.22078 1.22078 
1.20624 1.20624 
1.22087 1.22087 
1.22936 1.22936 
1.23521 1.23521 
1.20675 1.20675 
1.20194 1.20194 
1.19221 1.19221 
1.2149 1.2149 
1.19945 1.19945 
1.20544 1.20544 
1.20129 1.20129 
1.19083 1.19083 
1.20086 1.20086 
1.20792 1.20792 
1.19018 1.19018 
1.191 1.191 
1.14845 1.14845 
1.13084 1.13084 
1.12517 1.12517 
1.12328 1.12328 
1.1118 1.1118 
1.05437 1.05437 
1.04305 1.04305 
1.03237 1.03237 
1.00476 1.00476 
0.972795 0.972795 
0.945556 0.945556 
0.951583 0.951583 
0.940966 0.940966 
0.935118 0.935118 


21.351 2.00457 
21.2576 1.9958 
21.2176 1.99204 
20.5791 1.9321 
19.9051 1.86882 
19.689 1.84853 
19.6492 1.8448 
19.5131 1.83201 
19.732 1.85256 
19.3816 1.81967 
19.429 1.82412 
19.413 1.82262 
19.3228 1.81415 
19.2437 1.80672 
18.7516 1.76052 
19.0774 1.79111 
18.8366 1.7685 
19.004 1.78422 
18.986 1.78253 
19.0802 1.79137 
19.2597 1.80822 
19.4822 1.82912 
19.8816 1.86662 
20.3096 1.9068 
20.4611 1.92102 
20.7643 1.94948 
20.829 1.95556 
21.1094 1.98188 
21.6208 2.0299 
22.2006 2.08434 
22.8106 2.1416 
23.4479 2.20144 
24.6123 2.31076 
25.005 2.34763 
26.1712 2.45712 
26.3794 2.47667 
27.6053 2.59176 
28.0312 2.63175 
27.7298 2.60345 
28.1993 2.64754 
28.8955 2.7129 
28.8219 2.70599 
28.4653 2.67251 
28.249 2.6522 
28.1463 2.64256 
27.8453 2.6143 
27.9903 2.62791 
27.5503 2.5866 
26.9282 2.52819 
27.1193 2.54614 
27.9825 2.62718 
27.837 2.61352 
27.9345 2.62267 
27.7053 2.60115 
27.483 2.58028 
27.9181 2.62113 
28.0263 2.63129 
27.6378 2.59481 
27.5728 2.58871 
27.1556 2.54955 
27.3551 2.56827 
27.3208 2.56505 
27.5365 2.58531 
27.0679 2.54131 
27.5428 2.5859 
27.9559 2.62468 
27.623 2.59342 
27.958 2.62488 
28.1524 2.64313 
28.2862 2.65569 
27.6347 2.59452 
27.5244 2.58417 
27.3015 2.56324 
27.8213 2.61204 
27.4673 2.57881 
27.6045 2.59169 
27.5095 2.58277 
27.2699 2.56027 
27.4997 2.58185 
27.6615 2.59704 
27.2551 2.55888 
27.274 2.56066 
26.2995 2.46917 
25.8963 2.43131 
25.7664 2.41912 
25.723 2.41504 
25.4602 2.39037 
24.1452 2.2669 
23.8859 2.24257 
23.6412 2.21959 
23.009 2.16024 
22.277 2.09151 
21.6532 2.03295 
21.7912 2.0459 
21.5481 2.02308 
21.4142 2.0105 


10.1161 2.09781 
10.0718 2.08862 
10.0529 2.0847 
9.75037 2.02197 
9.43102 1.95574 
9.32863 1.93451 
9.30979 1.9306 
9.24527 1.91722 
9.34898 1.93873 
9.18297 1.9043 
9.20542 1.90896 
9.19788 1.9074 
9.15511 1.89852 
9.11765 1.89076 
8.8845 1.84241 
9.03885 1.87442 
8.92476 1.85076 
9.00409 1.86721 
8.99556 1.86544 
9.04017 1.87469 
9.12522 1.89233 
9.23066 1.91419 
9.4199 1.95344 
9.62269 1.99549 
9.69446 2.01037 
9.83809 2.04016 
9.86875 2.04652 
10.0016 2.07406 
10.2439 2.12432 
10.5186 2.18128 
10.8076 2.24121 
11.1096 2.30384 
11.6613 2.41824 
11.8473 2.45682 
12.3999 2.57141 
12.4985 2.59186 
13.0794 2.71231 
13.2812 2.75416 
13.1383 2.72454 
13.3608 2.77068 
13.6907 2.83908 
13.6558 2.83185 
13.4868 2.79681 
13.3844 2.77556 
13.3357 2.76547 
13.1931 2.7359 
13.2618 2.75014 
13.0533 2.70691 
12.7585 2.64578 
12.8491 2.66456 
13.2581 2.74938 
13.1892 2.73508 
13.2354 2.74466 
13.1267 2.72213 
13.0214 2.70029 
13.2276 2.74305 
13.2788 2.75368 
13.0947 2.7155 
13.064 2.70912 
12.8663 2.66813 
12.9608 2.68772 
12.9446 2.68436 
13.0468 2.70555 
12.8247 2.65951 
13.0498 2.70617 
13.2455 2.74676 
13.0877 2.71405 
13.2465 2.74697 
13.3386 2.76607 
13.402 2.77921 
13.0933 2.7152 
13.041 2.70437 
12.9354 2.68246 
13.1817 2.73353 
13.014 2.69876 
13.079 2.71223 
13.034 2.7029 
12.9205 2.67936 
13.0293 2.70193 
13.106 2.71783 
12.9134 2.6779 
12.9224 2.67976 
12.4607 2.58401 
12.2696 2.54439 
12.2081 2.53163 
12.1875 2.52737 
12.063 2.50155 
11.44 2.37234 
11.3171 2.34687 
11.2012 2.32283 
10.9017 2.26071 
10.5548 2.18879 
10.2593 2.1275 
10.3247 2.14106 
10.2095 2.11717 
10.146 2.10401 


10.1161 2.09781 
10.0718 2.08862 
10.0529 2.0847 
9.75037 2.02197 
9.43102 1.95574 
9.32863 1.93451 
9.30979 1.9306 
9.24527 1.91722 
9.34898 1.93873 
9.18297 1.9043 
9.20542 1.90896 
9.19788 1.9074 
9.15511 1.89852 
9.11765 1.89076 
8.8845 1.84241 
9.03885 1.87442 
8.92476 1.85076 
9.00409 1.86721 
8.99556 1.86544 
9.04017 1.87469 
9.12522 1.89233 
9.23066 1.91419 
9.4199 1.95344 
9.62269 1.99549 
9.69446 2.01037 
9.83809 2.04016 
9.86875 2.04652 
10.0016 2.07406 
10.2439 2.12432 
10.5186 2.18128 
10.8076 2.24121 
11.1096 2.30384 
11.6613 2.41824 
11.8473 2.45682 
12.3999 2.57141 
12.4985 2.59186 
13.0794 2.71231 
13.2812 2.75416 
13.1383 2.72454 
13.3608 2.77068 
13.6907 2.83908 
13.6558 2.83185 
13.4868 2.79681 
13.3844 2.77556 
13.3357 2.76547 
13.1931 2.7359 
13.2618 2.75014 
13.0533 2.70691 
12.7585 2.64578 
12.8491 2.66456 
13.2581 2.74938 
13.1892 2.73508 
13.2354 2.74466 
13.1267 2.72213 
13.0214 2.70029 
13.2276 2.74305 
13.2788 2.75368 
13.0947 2.7155 
13.064 2.70912 
12.8663 2.66813 
12.9608 2.68772 
12.9446 2.68436 
13.0468 2.70555 
12.8247 2.65951 
13.0498 2.70617 
13.2455 2.74676 
13.0877 2.71405 
13.2465 2.74697 
13.3386 2.76607 
13.402 2.77921 
13.0933 2.7152 
13.041 2.70437 
12.9354 2.68246 
13.1817 2.73353 
13.014 2.69876 
13.079 2.71223 
13.034 2.7029 
12.9205 2.67936 
13.0293 2.70193 
13.106 2.71783 
12.9134 2.6779 
12.9224 2.67976 
12.4607 2.58401 
12.2696 2.54439 
12.2081 2.53163 
12.1875 2.52737 
12.063 2.50155 
11.44 2.37234 
11.3171 2.34687 
11.2012 2.32283 
10.9017 2.26071 
10.5548 2.18879 
10.2593 2.1275 
10.3247 2.14106 
10.2095 2.11717 
10.146 2.10401 


22.3766 11.1883 
22.2787 11.1393 
22.2368 11.1184 
21.5676 10.7838 
20.8613 10.4306 
20.6348 10.3174 
20.5931 10.2965 
20.4504 10.2252 
20.6798 10.3399 
20.3126 10.1563 
20.3622 10.1811 
20.3456 10.1728 
20.2509 10.1255 
20.1681 10.084 
19.6523 9.82617 
19.9938 9.99688 
19.7414 9.87071 
19.9169 9.95844 
19.898 9.949 
19.9967 9.99834 
20.1848 10.0924 
20.4181 10.209 
20.8366 10.4183 
21.2852 10.6426 
21.444 10.722 
21.7617 10.8808 
21.8295 10.9148 
22.1234 11.0617 
22.6594 11.3297 
23.267 11.6335 
23.9063 11.9531 
24.5743 12.2871 
25.7945 12.8973 
26.2061 13.1031 
27.4284 13.7142 
27.6466 13.8233 
28.9313 14.4657 
29.3777 14.6889 
29.0618 14.5309 
29.5539 14.7769 
30.2835 15.1418 
30.2064 15.1032 
29.8326 14.9163 
29.606 14.803 
29.4983 14.7492 
29.1829 14.5914 
29.3348 14.6674 
28.8737 14.4369 
28.2217 14.1108 
28.422 14.211 
29.3267 14.6633 
29.1742 14.5871 
29.2764 14.6382 
29.0361 14.518 
28.8031 14.4016 
29.2591 14.6296 
29.3726 14.6863 
28.9653 14.4827 
28.8973 14.4486 
28.46 14.23 
28.669 14.3345 
28.6331 14.3166 
28.8592 14.4296 
28.3681 14.184 
28.8658 14.4329 
29.2988 14.6494 
28.9499 14.4749 
29.301 14.6505 
29.5047 14.7524 
29.6449 14.8225 
28.9621 14.481 
28.8466 14.4233 
28.6129 14.3065 
29.1577 14.5788 
28.7867 14.3934 
28.9305 14.4652 
28.831 14.4155 
28.5798 14.2899 
28.8206 14.4103 
28.9902 14.4951 
28.5643 14.2821 
28.5841 14.292 
27.5628 13.7814 
27.1402 13.5701 
27.0041 13.502 
26.9586 13.4793 
26.6832 13.3416 
25.305 12.6525 
25.0333 12.5166 
24.7769 12.3884 
24.1143 12.0571 
23.3471 11.6735 
22.6933 11.3467 
22.838 11.419 
22.5832 11.2916 
22.4428 11.2214 


27.6444 6.99269 
27.5234 6.96208 
27.4717 6.94899 
26.645 6.73988 
25.7723 6.51914 
25.4925 6.44836 
25.441 6.43534 
25.2647 6.39074 
25.5481 6.46243 
25.0945 6.34767 
25.1558 6.3632 
25.1352 6.35798 
25.0183 6.32842 
24.916 6.30252 
24.2788 6.14136 
24.7006 6.24805 
24.3889 6.16919 
24.6056 6.22403 
24.5823 6.21813 
24.7042 6.24896 
24.9367 6.30775 
25.2248 6.38064 
25.7419 6.51145 
26.2961 6.65163 
26.4922 6.70124 
26.8847 6.80052 
26.9685 6.82172 
27.3316 6.91355 
27.9938 7.08105 
28.7445 7.27095 
29.5342 7.47071 
30.3595 7.67946 
31.867 8.06078 
32.3755 8.18941 
33.8855 8.57137 
34.155 8.63955 
35.7422 9.04103 
36.2937 9.18053 
35.9034 9.08181 
36.5114 9.23559 
37.4127 9.46359 
37.3175 9.4395 
36.8557 9.3227 
36.5757 9.25187 
36.4427 9.21823 
36.053 9.11965 
36.2408 9.16714 
35.6711 9.02303 
34.8655 8.81927 
35.113 8.88188 
36.2307 9.16459 
36.0423 9.11693 
36.1685 9.14887 
35.8716 9.07377 
35.5839 9.00097 
36.1472 9.14348 
36.2873 9.17892 
35.7843 9.05167 
35.7002 9.03039 
35.16 8.89376 
35.4182 8.95908 
35.3739 8.94786 
35.6532 9.01851 
35.0464 8.86503 
35.6613 9.02057 
36.1962 9.15587 
35.7651 9.04683 
36.1989 9.15655 
36.4506 9.22022 
36.6238 9.26404 
35.7802 9.05065 
35.6375 9.01455 
35.3489 8.94154 
36.0219 9.11177 
35.5636 8.99586 
35.7412 9.04078 
35.6182 9.00967 
35.308 8.93119 
35.6055 9.00644 
35.815 9.05944 
35.2888 8.92634 
35.3132 8.93252 
34.0515 8.61337 
33.5294 8.48131 
33.3613 8.43877 
33.3051 8.42456 
32.9648 8.33849 
31.2622 7.9078 
30.9265 7.8229 
30.6097 7.74277 
29.7912 7.53571 
28.8434 7.29596 
28.0357 7.09167 
28.2144 7.13687 
27.8996 7.05725 
27.7262 7.01338 


0.932359 0.932359 
0.928277 0.928277 
0.926532 0.926532 
0.898651 0.898651 
0.869219 0.869219 
0.859781 0.859781 
0.858045 0.858045 
0.852099 0.852099 
0.861657 0.861657 
0.846356 0.846356 
0.848426 0.848426 
0.847731 0.847731 
0.843789 0.843789 
0.840336 0.840336 
0.818847 0.818847 
0.833074 0.833074 
0.822559 0.822559 
0.82987 0.82987 
0.829084 0.829084 
0.833195 0.833195 
0.841034 0.841034 
0.850753 0.850753 
0.868194 0.868194 
0.886884 0.886884 
0.893499 0.893499 
0.906736 0.906736 
0.909563 0.909563 
0.921806 0.921806 
0.94414 0.94414 
0.96946 0.96946 
0.996095 0.996095 
1.02393 1.02393 
1.07477 1.07477 
1.09192 1.09192 
1.14285 1.14285 
1.15194 1.15194 
1.20547 1.20547 
1.22407 1.22407 
1.21091 1.21091 
1.23141 1.23141 
1.26181 1.26181 
1.2586 1.2586 
1.24303 1.24303 
1.23358 1.23358 
1.2291 1.2291 
1.21595 1.21595 
1.22229 1.22229 
1.20307 1.20307 
1.1759 1.1759 
1.18425 1.18425 
1.22195 1.22195 
1.21559 1.21559 
1.21985 1.21985 
1.20984 1.20984 
1.20013 1.20013 
1.21913 1.21913 
1.22386 1.22386 
1.20689 1.20689 
1.20405 1.20405 
1.18584 1.18584 
1.19454 1.19454 
1.19305 1.19305 
1.20247 1.20247 
1.182 1.182 
1.20274 1.20274 
1.22078 1.22078 
1.20624 1.20624 
1.22087 1.22087 
1.22936 1.22936 
1.23521 1.23521 
1.20675 1.20675 
1.20194 1.20194 
1.19221 1.19221 
1.2149 1.2149 
1.19945 1.19945 
1.20544 1.20544 
1.20129 1.20129 
1.19083 1.19083 
1.20086 1.20086 
1.20792 1.20792 
1.19018 1.19018 
1.191 1.191 
1.14845 1.14845 
1.13084 1.13084 
1.12517 1.12517 
1.12328 1.12328 
1.1118 1.1118 
1.05437 1.05437 
1.04305 1.04305 
1.03237 1.03237 
1.00476 1.00476 
0.972795 0.972795 
0.945556 0.945556 
0.951583 0.951583 
0.940966 0.940966 
0.935118 0.935118 


14.6101 2.06051 
14.5461 2.05149 
14.5188 2.04764 
14.0819 1.98602 
13.6207 1.92097 
13.4728 1.90012 
13.4456 1.89628 
13.3524 1.88314 
13.5022 1.90426 
13.2624 1.87045 
13.2948 1.87502 
13.2839 1.87349 
13.2222 1.86477 
13.1681 1.85714 
12.8313 1.80965 
13.0543 1.84109 
12.8895 1.81785 
13.0041 1.83401 
12.9917 1.83228 
13.0562 1.84136 
13.179 1.85868 
13.3313 1.88016 
13.6046 1.91871 
13.8975 1.96001 
14.0011 1.97463 
14.2086 2.00389 
14.2528 2.01013 
14.4447 2.03719 
14.7947 2.08655 
15.1914 2.14251 
15.6088 2.20137 
16.0449 2.26288 
16.8417 2.37524 
17.1104 2.41315 
17.9084 2.5257 
18.0509 2.54579 
18.8897 2.66409 
19.1812 2.7052 
18.9749 2.67611 
19.2962 2.72142 
19.7726 2.78861 
19.7223 2.78151 
19.4782 2.74709 
19.3302 2.72622 
19.26 2.71631 
19.054 2.68726 
19.1532 2.70125 
18.8521 2.65879 
18.4264 2.59874 
18.5572 2.61719 
19.1479 2.7005 
19.0483 2.68646 
19.115 2.69587 
18.9581 2.67374 
18.806 2.65229 
19.1038 2.69428 
19.1778 2.70472 
18.9119 2.66722 
18.8675 2.66096 
18.582 2.6207 
18.7185 2.63994 
18.6951 2.63663 
18.8427 2.65745 
18.522 2.61223 
18.847 2.65806 
19.1297 2.69793 
18.9018 2.6658 
19.1311 2.69813 
19.2641 2.71689 
19.3557 2.7298 
18.9098 2.66693 
18.8344 2.65629 
18.6819 2.63477 
19.0375 2.68493 
18.7953 2.65078 
18.8892 2.66402 
18.8242 2.65485 
18.6602 2.63172 
18.8175 2.6539 
18.9282 2.66951 
18.6501 2.6303 
18.663 2.63212 
17.9962 2.53807 
17.7203 2.49916 
17.6314 2.48663 
17.6017 2.48244 
17.4219 2.45708 
16.522 2.33017 
16.3447 2.30515 
16.1772 2.28153 
15.7446 2.22052 
15.2437 2.14988 
14.8169 2.08968 
14.9113 2.103 
14.7449 2.07954 
14.6533 2.06661 


0.932359 0.932359 
0.928277 0.928277 
0.926532 0.926532 
0.898651 0.898651 
0.869219 0.869219 
0.859781 0.859781 
0.858045 0.858045 
0.852099 0.852099 
0.861657 0.861657 
0.846356 0.846356 
0.848426 0.848426 
0.847731 0.847731 
0.843789 0.843789 
0.840336 0.840336 
0.818847 0.818847 
0.833074 0.833074 
0.822559 0.822559 
0.82987 0.82987 
0.829084 0.829084 
0.833195 0.833195 
0.841034 0.841034 
0.850753 0.850753 
0.868194 0.868194 
0.886884 0.886884 
0.893499 0.893499 
0.906736 0.906736 
0.909563 0.909563 
0.921806 0.921806 
0.94414 0.94414 
0.96946 0.96946 
0.996095 0.996095 
1.02393 1.02393 
1.07477 1.07477 
1.09192 1.09192 
1.14285 1.14285 
1.15194 1.15194 
1.20547 1.20547 
1.22407 1.22407 
1.21091 1.21091 
1.23141 1.23141 
1.26181 1.26181 
1.2586 1.2586 
1.24303 1.24303 
1.23358 1.23358 
1.2291 1.2291 
1.21595 1.21595 
1.22229 1.22229 
1.20307 1.20307 
1.1759 1.1759 
1.18425 1.18425 
1.22195 1.22195 
1.21559 1.21559 
1.21985 1.21985 
1.20984 1.20984 
1.20013 1.20013 
1.21913 1.21913 
1.22386 1.22386 
1.20689 1.20689 
1.20405 1.20405 
1.18584 1.18584 
1.19454 1.19454 
1.19305 1.19305 
1.20247 1.20247 
1.182 1.182 
1.20274 1.20274 
1.22078 1.22078 
1.20624 1.20624 
1.22087 1.22087 
1.22936 1.22936 
1.23521 1.23521 
1.20675 1.20675 
1.20194 1.20194 
1.19221 1.19221 
1.2149 1.2149 
1.19945 1.19945 
1.20544 1.20544 
1.20129 1.20129 
1.19083 1.19083 
1.20086 1.20086 
1.20792 1.20792 
1.19018 1.19018 
1.191 1.191 
1.14845 1.14845 
1.13084 1.13084 
1.12517 1.12517 
1.12328 1.12328 
1.1118 1.1118 
1.05437 1.05437 
1.04305 1.04305 
1.03237 1.03237 
1.00476 1.00476 
0.972795 0.972795 
0.945556 0.945556 
0.951583 0.951583 
0.940966 0.940966 
0.935118 0.935118 


14.4049 0.652651 
14.3419 0.649794 
14.3149 0.648573 
13.8842 0.629056 
13.4294 0.608453 
13.2836 0.601847 
13.2568 0.600631 
13.1649 0.596469 
13.3126 0.60316 
13.0762 0.592449 
13.1082 0.593898 
13.0974 0.593412 
13.0365 0.590652 
12.9832 0.588235 
12.6512 0.573193 
12.871 0.583152 
12.7085 0.575791 
12.8215 0.580909 
12.8093 0.580359 
12.8729 0.583236 
12.994 0.588724 
13.1441 0.595527 
13.4136 0.607736 
13.7024 0.620819 
13.8046 0.625449 
14.0091 0.634715 
14.0527 0.636694 
14.2419 0.645264 
14.587 0.660898 
14.9782 0.678622 
15.3897 0.697266 
15.8197 0.716749 
16.6052 0.75234 
16.8702 0.764345 
17.657 0.799994 
17.7975 0.806358 
18.6245 0.84383 
18.9119 0.85685 
18.7085 0.847635 
19.0253 0.861989 
19.495 0.883269 
19.4454 0.88102 
19.2048 0.870118 
19.0588 0.863508 
18.9896 0.860368 
18.7865 0.851168 
18.8843 0.855599 
18.5875 0.84215 
18.1677 0.823132 
18.2967 0.828975 
18.8791 0.855362 
18.7809 0.850914 
18.8467 0.853894 
18.692 0.846885 
18.542 0.840091 
18.8356 0.853392 
18.9086 0.856699 
18.6464 0.844822 
18.6026 0.842837 
18.3212 0.830084 
18.4557 0.836181 
18.4326 0.835133 
18.5781 0.841727 
18.262 0.827403 
18.5824 0.84192 
18.8611 0.854548 
18.6365 0.844371 
18.8625 0.854612 
18.9937 0.860554 
19.0839 0.864644 
18.6443 0.844728 
18.57 0.841358 
18.4196 0.834543 
18.7702 0.850432 
18.5315 0.839613 
18.624 0.843806 
18.5599 0.840903 
18.3982 0.833577 
18.5533 0.840601 
18.6624 0.845547 
18.3883 0.833125 
18.401 0.833702 
17.7436 0.803915 
17.4715 0.791589 
17.3839 0.787619 
17.3546 0.786292 
17.1773 0.778259 
16.2901 0.738062 
16.1152 0.730138 
15.9501 0.722658 
15.5236 0.703333 
15.0297 0.680956 
14.6088 0.661889 
14.7019 0.666108 
14.5379 0.658676 
14.4476 0.654582 


8.58702 1.4638 
8.54944 1.4574 
8.53336 1.45466 
8.27658 1.41088 
8.0055 1.36467 
7.91859 1.34986 
7.90259 1.34713 
7.84783 1.3378 
7.93587 1.3528 
7.79494 1.32878 
7.81401 1.33203 
7.8076 1.33094 
7.77129 1.32475 
7.7395 1.31933 
7.54159 1.28559 
7.67261 1.30793 
7.57577 1.29142 
7.6431 1.3029 
7.63586 1.30166 
7.67373 1.30812 
7.74592 1.32042 
7.83543 1.33568 
7.99606 1.36306 
8.1682 1.39241 
8.22912 1.40279 
8.35104 1.42358 
8.37707 1.42801 
8.48984 1.44724 
8.69553 1.4823 
8.92873 1.52205 
9.17403 1.56387 
9.43037 1.60757 
9.89864 1.68739 
10.0566 1.71432 
10.5256 1.79427 
10.6094 1.80855 
11.1024 1.89259 
11.2737 1.92179 
11.1525 1.90112 
11.3413 1.93332 
11.6213 1.98105 
11.5917 1.976 
11.4483 1.95155 
11.3613 1.93672 
11.32 1.92968 
11.1989 1.90905 
11.2572 1.91899 
11.0803 1.88882 
10.8301 1.84617 
10.9069 1.85927 
11.2541 1.91845 
11.1956 1.90848 
11.2348 1.91516 
11.1426 1.89944 
11.0532 1.8842 
11.2282 1.91404 
11.2717 1.92145 
11.1154 1.89482 
11.0893 1.89036 
10.9215 1.86176 
11.0017 1.87543 
10.988 1.87308 
11.0747 1.88787 
10.8863 1.85575 
11.0773 1.88831 
11.2434 1.91663 
11.1095 1.8938 
11.2442 1.91677 
11.3224 1.9301 
11.3762 1.93927 
11.1142 1.8946 
11.0699 1.88705 
10.9802 1.87176 
11.1893 1.9074 
11.0469 1.88313 
11.1021 1.89254 
11.0639 1.88603 
10.9675 1.8696 
11.0599 1.88535 
11.125 1.89644 
10.9615 1.86858 
10.9691 1.86987 
10.5772 1.80307 
10.415 1.77542 
10.3628 1.76652 
10.3454 1.76354 
10.2397 1.74552 
9.71078 1.65537 
9.60653 1.63759 
9.50812 1.62082 
9.25385 1.57748 
8.95944 1.52729 
8.70857 1.48452 
8.76407 1.49398 
8.6663 1.47732 
8.61243 1.46813 


8.58702 1.4638 
8.54944 1.4574 
8.53336 1.45466 
8.27658 1.41088 
8.0055 1.36467 
7.91859 1.34986 
7.90259 1.34713 
7.84783 1.3378 
7.93587 1.3528 
7.79494 1.32878 
7.81401 1.33203 
7.8076 1.33094 
7.77129 1.32475 
7.7395 1.31933 
7.54159 1.28559 
7.67261 1.30793 
7.57577 1.29142 
7.6431 1.3029 
7.63586 1.30166 
7.67373 1.30812 
7.74592 1.32042 
7.83543 1.33568 
7.99606 1.36306 
8.1682 1.39241 
8.22912 1.40279 
8.35104 1.42358 
8.37707 1.42801 
8.48984 1.44724 
8.69553 1.4823 
8.92873 1.52205 
9.17403 1.56387 
9.43037 1.60757 
9.89864 1.68739 
10.0566 1.71432 
10.5256 1.79427 
10.6094 1.80855 
11.1024 1.89259 
11.2737 1.92179 
11.1525 1.90112 
11.3413 1.93332 
11.6213 1.98105 
11.5917 1.976 
11.4483 1.95155 
11.3613 1.93672 
11.32 1.92968 
11.1989 1.90905 
11.2572 1.91899 
11.0803 1.88882 
10.8301 1.84617 
10.9069 1.85927 
11.2541 1.91845 
11.1956 1.90848 
11.2348 1.91516 
11.1426 1.89944 
11.0532 1.8842 
11.2282 1.91404 
11.2717 1.92145 
11.1154 1.89482 
11.0893 1.89036 
10.9215 1.86176 
11.0017 1.87543 
10.988 1.87308 
11.0747 1.88787 
10.8863 1.85575 
11.0773 1.88831 
11.2434 1.91663 
11.1095 1.8938 
11.2442 1.91677 
11.3224 1.9301 
11.3762 1.93927 
11.1142 1.8946 
11.0699 1.88705 
10.9802 1.87176 
11.1893 1.9074 
11.0469 1.88313 
11.1021 1.89254 
11.0639 1.88603 
10.9675 1.8696 
11.0599 1.88535 
11.125 1.89644 
10.9615 1.86858 
10.9691 1.86987 
10.5772 1.80307 
10.415 1.77542 
10.3628 1.76652 
10.3454 1.76354 
10.2397 1.74552 
9.71078 1.65537 
9.60653 1.63759 
9.50812 1.62082 
9.25385 1.57748 
8.95944 1.52729 
8.70857 1.48452 
8.76407 1.49398 
8.6663 1.47732 
8.61243 1.46813 


14.6101 2.06051 
14.5461 2.05149 
14.5188 2.04764 
14.0819 1.98602 
13.6207 1.92097 
13.4728 1.90012 
13.4456 1.89628 
13.3524 1.88314 
13.5022 1.90426 
13.2624 1.87045 
13.2948 1.87502 
13.2839 1.87349 
13.2222 1.86477 
13.1681 1.85714 
12.8313 1.80965 
13.0543 1.84109 
12.8895 1.81785 
13.0041 1.83401 
12.9917 1.83228 
13.0562 1.84136 
13.179 1.85868 
13.3313 1.88016 
13.6046 1.91871 
13.8975 1.96001 
14.0011 1.97463 
14.2086 2.00389 
14.2528 2.01013 
14.4447 2.03719 
14.7947 2.08655 
15.1914 2.14251 
15.6088 2.20137 
16.0449 2.26288 
16.8417 2.37524 
17.1104 2.41315 
17.9084 2.5257 
18.0509 2.54579 
18.8897 2.66409 
19.1812 2.7052 
18.9749 2.67611 
19.2962 2.72142 
19.7726 2.78861 
19.7223 2.78151 
19.4782 2.74709 
19.3302 2.72622 
19.26 2.71631 
19.054 2.68726 
19.1532 2.70125 
18.8521 2.65879 
18.4264 2.59874 
18.5572 2.61719 
19.1479 2.7005 
19.0483 2.68646 
19.115 2.69587 
18.9581 2.67374 
18.806 2.65229 
19.1038 2.69428 
19.1778 2.70472 
18.9119 2.66722 
18.8675 2.66096 
18.582 2.6207 
18.7185 2.63994 
18.6951 2.63663 
18.8427 2.65745 
18.522 2.61223 
18.847 2.65806 
19.1297 2.69793 
18.9018 2.6658 
19.1311 2.69813 
19.2641 2.71689 
19.3557 2.7298 
18.9098 2.66693 
18.8344 2.65629 
18.6819 2.63477 
19.0375 2.68493 
18.7953 2.65078 
18.8892 2.66402 
18.8242 2.65485 
18.6602 2.63172 
18.8175 2.6539 
18.9282 2.66951 
18.6501 2.6303 
18.663 2.63212 
17.9962 2.53807 
17.7203 2.49916 
17.6314 2.48663 
17.6017 2.48244 
17.4219 2.45708 
16.522 2.33017 
16.3447 2.30515 
16.1772 2.28153 
15.7446 2.22052 
15.2437 2.14988 
14.8169 2.08968 
14.9113 2.103 
14.7449 2.07954 
14.6533 2.06661 


0.932359 0.932359 
0.928277 0.928277 
0.926532 0.926532 
0.898651 0.898651 
0.869219 0.869219 
0.859781 0.859781 
0.858045 0.858045 
0.852099 0.852099 
0.861657 0.861657 
0.846356 0.846356 
0.848426 0.848426 
0.847731 0.847731 
0.843789 0.843789 
0.840336 0.840336 
0.818847 0.818847 
0.833074 0.833074 
0.822559 0.822559 
0.82987 0.82987 
0.829084 0.829084 
0.833195 0.833195 
0.841034 0.841034 
0.850753 0.850753 
0.868194 0.868194 
0.886884 0.886884 
0.893499 0.893499 
0.906736 0.906736 
0.909563 0.909563 
0.921806 0.921806 
0.94414 0.94414 
0.96946 0.96946 
0.996095 0.996095 
1.02393 1.02393 
1.07477 1.07477 
1.09192 1.09192 
1.14285 1.14285 
1.15194 1.15194 
1.20547 1.20547 
1.22407 1.22407 
1.21091 1.21091 
1.23141 1.23141 
1.26181 1.26181 
1.2586 1.2586 
1.24303 1.24303 
1.23358 1.23358 
1.2291 1.2291 
1.21595 1.21595 
1.22229 1.22229 
1.20307 1.20307 
1.1759 1.1759 
1.18425 1.18425 
1.22195 1.22195 
1.21559 1.21559 
1.21985 1.21985 
1.20984 1.20984 
1.20013 1.20013 
1.21913 1.21913 
1.22386 1.22386 
1.20689 1.20689 
1.20405 1.20405 
1.18584 1.18584 
1.19454 1.19454 
1.19305 1.19305 
1.20247 1.20247 
1.182 1.182 
1.20274 1.20274 
1.22078 1.22078 
1.20624 1.20624 
1.22087 1.22087 
1.22936 1.22936 
1.23521 1.23521 
1.20675 1.20675 
1.20194 1.20194 
1.19221 1.19221 
1.2149 1.2149 
1.19945 1.19945 
1.20544 1.20544 
1.20129 1.20129 
1.19083 1.19083 
1.20086 1.20086 
1.20792 1.20792 
1.19018 1.19018 
1.191 1.191 
1.14845 1.14845 
1.13084 1.13084 
1.12517 1.12517 
1.12328 1.12328 
1.1118 1.1118 
1.05437 1.05437 
1.04305 1.04305 
1.03237 1.03237 
1.00476 1.00476 
0.972795 0.972795 
0.945556 0.945556 
0.951583 0.951583 
0.940966 0.940966 
0.935118 0.935118 


8.45649 1.73419 
8.41948 1.7266 
8.40365 1.72335 
8.15077 1.67149 
7.88381 1.61675 
7.79822 1.59919 
7.78247 1.59596 
7.72854 1.5849 
7.81523 1.60268 
7.67645 1.57422 
7.69523 1.57807 
7.68892 1.57678 
7.65316 1.56945 
7.62185 1.56303 
7.42695 1.52306 
7.55598 1.54952 
7.46061 1.52996 
7.52692 1.54356 
7.51979 1.5421 
7.55708 1.54974 
7.62818 1.56432 
7.71633 1.5824 
7.87452 1.61484 
8.04404 1.6496 
8.10403 1.66191 
8.2241 1.68653 
8.24973 1.69179 
8.36078 1.71456 
8.56335 1.7561 
8.793 1.8032 
9.03458 1.85274 
9.28702 1.90451 
9.74818 1.99907 
9.90373 2.03097 
10.3656 2.1257 
10.4481 2.14261 
10.9336 2.24218 
11.1023 2.27677 
10.9829 2.25229 
11.1689 2.29043 
11.4446 2.34697 
11.4155 2.341 
11.2742 2.31203 
11.1886 2.29446 
11.1479 2.28612 
11.0287 2.26167 
11.0861 2.27345 
10.9119 2.23771 
10.6654 2.18718 
10.7411 2.20271 
11.083 2.27282 
11.0254 2.261 
11.064 2.26892 
10.9732 2.2503 
10.8852 2.23224 
11.0575 2.26758 
11.1004 2.27637 
10.9465 2.24481 
10.9208 2.23954 
10.7555 2.20565 
10.8345 2.22185 
10.8209 2.21907 
10.9064 2.23659 
10.7208 2.19853 
10.9089 2.2371 
11.0725 2.27066 
10.9406 2.24361 
11.0733 2.27083 
11.1503 2.28661 
11.2033 2.29748 
10.9453 2.24456 
10.9016 2.23561 
10.8133 2.2175 
11.0192 2.25972 
10.879 2.23097 
10.9333 2.24211 
10.8957 2.2344 
10.8008 2.21493 
10.8918 2.2336 
10.9559 2.24674 
10.7949 2.21373 
10.8024 2.21526 
10.4164 2.13612 
10.2567 2.10336 
10.2053 2.09282 
10.1881 2.08929 
10.084 2.06795 
9.56317 1.96114 
9.4605 1.94008 
9.36358 1.92021 
9.11318 1.86886 
8.82325 1.8094 
8.5762 1.75873 
8.63085 1.76994 
8.53456 1.7502 
8.48152 1.73932 


0.932359 0.932359 
0.928277 0.928277 
0.926532 0.926532 
0.898651 0.898651 
0.869219 0.869219 
0.859781 0.859781 
0.858045 0.858045 
0.852099 0.852099 
0.861657 0.861657 
0.846356 0.846356 
0.848426 0.848426 
0.847731 0.847731 
0.843789 0.843789 
0.840336 0.840336 
0.818847 0.818847 
0.833074 0.833074 
0.822559 0.822559 
0.82987 0.82987 
0.829084 0.829084 
0.833195 0.833195 
0.841034 0.841034 
0.850753 0.850753 
0.868194 0.868194 
0.886884 0.886884 
0.893499 0.893499 
0.906736 0.906736 
0.909563 0.909563 
0.921806 0.921806 
0.94414 0.94414 
0.96946 0.96946 
0.996095 0.996095 
1.02393 1.02393 
1.07477 1.07477 
1.09192 1.09192 
1.14285 1.14285 
1.15194 1.15194 
1.20547 1.20547 
1.22407 1.22407 
1.21091 1.21091 
1.23141 1.23141 
1.26181 1.26181 
1.2586 1.2586 
1.24303 1.24303 
1.23358 1.23358 
1.2291 1.2291 
1.21595 1.21595 
1.22229 1.22229 
1.20307 1.20307 
1.1759 1.1759 
1.18425 1.18425 
1.22195 1.22195 
1.21559 1.21559 
1.21985 1.21985 
1.20984 1.20984 
1.20013 1.20013 
1.21913 1.21913 
1.22386 1.22386 
1.20689 1.20689 
1.20405 1.20405 
1.18584 1.18584 
1.19454 1.19454 
1.19305 1.19305 
1.20247 1.20247 
1.182 1.182 
1.20274 1.20274 
1.22078 1.22078 
1.20624 1.20624 
1.22087 1.22087 
1.22936 1.22936 
1.23521 1.23521 
1.20675 1.20675 
1.20194 1.20194 
1.19221 1.19221 
1.2149 1.2149 
1.19945 1.19945 
1.20544 1.20544 
1.20129 1.20129 
1.19083 1.19083 
1.20086 1.20086 
1.20792 1.20792 
1.19018 1.19018 
1.191 1.191 
1.14845 1.14845 
1.13084 1.13084 
1.12517 1.12517 
1.12328 1.12328 
1.1118 1.1118 
1.05437 1.05437 
1.04305 1.04305 
1.03237 1.03237 
1.00476 1.00476 
0.972795 0.972795 
0.945556 0.945556 
0.951583 0.951583 
0.940966 0.940966 
0.935118 0.935118 


14.4049 0.652651 
14.3419 0.649794 
14.3149 0.648573 
13.8842 0.629056 
13.4294 0.608453 
13.2836 0.601847 
13.2568 0.600631 
13.1649 0.596469 
13.3126 0.60316 
13.0762 0.592449 
13.1082 0.593898 
13.0974 0.593412 
13.0365 0.590652 
12.9832 0.588235 
12.6512 0.573193 
12.871 0.583152 
12.7085 0.575791 
12.8215 0.580909 
12.8093 0.580359 
12.8729 0.583236 
12.994 0.588724 
13.1441 0.595527 
13.4136 0.607736 
13.7024 0.620819 
13.8046 0.625449 
14.0091 0.634715 
14.0527 0.636694 
14.2419 0.645264 
14.587 0.660898 
14.9782 0.678622 
15.3897 0.697266 
15.8197 0.716749 
16.6052 0.75234 
16.8702 0.764345 
17.657 0.799994 
17.7975 0.806358 
18.6245 0.84383 
18.9119 0.85685 
18.7085 0.847635 
19.0253 0.861989 
19.495 0.883269 
19.4454 0.88102 
19.2048 0.870118 
19.0588 0.863508 
18.9896 0.860368 
18.7865 0.851168 
18.8843 0.855599 
18.5875 0.84215 
18.1677 0.823132 
18.2967 0.828975 
18.8791 0.855362 
18.7809 0.850914 
18.8467 0.853894 
18.692 0.846885 
18.542 0.840091 
18.8356 0.853392 
18.9086 0.856699 
18.6464 0.844822 
18.6026 0.842837 
18.3212 0.830084 
18.4557 0.836181 
18.4326 0.835133 
18.5781 0.841727 
18.262 0.827403 
18.5824 0.84192 
18.8611 0.854548 
18.6365 0.844371 
18.8625 0.854612 
18.9937 0.860554 
19.0839 0.864644 
18.6443 0.844728 
18.57 0.841358 
18.4196 0.834543 
18.7702 0.850432 
18.5315 0.839613 
18.624 0.843806 
18.5599 0.840903 
18.3982 0.833577 
18.5533 0.840601 
18.6624 0.845547 
18.3883 0.833125 
18.401 0.833702 
17.7436 0.803915 
17.4715 0.791589 
17.3839 0.787619 
17.3546 0.786292 
17.1773 0.778259 
16.2901 0.738062 
16.1152 0.730138 
15.9501 0.722658 
15.5236 0.703333 
15.0297 0.680956 
14.6088 0.661889 
14.7019 0.666108 
14.5379 0.658676 
14.4476 0.654582 


8.45649 1.73419 
8.41948 1.7266 
8.40365 1.72335 
8.15077 1.67149 
7.88381 1.61675 
7.79822 1.59919 
7.78247 1.59596 
7.72854 1.5849 
7.81523 1.60268 
7.67645 1.57422 
7.69523 1.57807 
7.68892 1.57678 
7.65316 1.56945 
7.62185 1.56303 
7.42695 1.52306 
7.55598 1.54952 
7.46061 1.52996 
7.52692 1.54356 
7.51979 1.5421 
7.55708 1.54974 
7.62818 1.56432 
7.71633 1.5824 
7.87452 1.61484 
8.04404 1.6496 
8.10403 1.66191 
8.2241 1.68653 
8.24973 1.69179 
8.36078 1.71456 
8.56335 1.7561 
8.793 1.8032 
9.03458 1.85274 
9.28702 1.90451 
9.74818 1.99907 
9.90373 2.03097 
10.3656 2.1257 
10.4481 2.14261 
10.9336 2.24218 
11.1023 2.27677 
10.9829 2.25229 
11.1689 2.29043 
11.4446 2.34697 
11.4155 2.341 
11.2742 2.31203 
11.1886 2.29446 
11.1479 2.28612 
11.0287 2.26167 
11.0861 2.27345 
10.9119 2.23771 
10.6654 2.18718 
10.7411 2.20271 
11.083 2.27282 
11.0254 2.261 
11.064 2.26892 
10.9732 2.2503 
10.8852 2.23224 
11.0575 2.26758 
11.1004 2.27637 
10.9465 2.24481 
10.9208 2.23954 
10.7555 2.20565 
10.8345 2.22185 
10.8209 2.21907 
10.9064 2.23659 
10.7208 2.19853 
10.9089 2.2371 
11.0725 2.27066 
10.9406 2.24361 
11.0733 2.27083 
11.1503 2.28661 
11.2033 2.29748 
10.9453 2.24456 
10.9016 2.23561 
10.8133 2.2175 
11.0192 2.25972 
10.879 2.23097 
10.9333 2.24211 
10.8957 2.2344 
10.8008 2.21493 
10.8918 2.2336 
10.9559 2.24674 
10.7949 2.21373 
10.8024 2.21526 
10.4164 2.13612 
10.2567 2.10336 
10.2053 2.09282 
10.1881 2.08929 
10.084 2.06795 
9.56317 1.96114 
9.4605 1.94008 
9.36358 1.92021 
9.11318 1.86886 
8.82325 1.8094 
8.5762 1.75873 
8.63085 1.76994 
8.53456 1.7502 
8.48152 1.73932 


24.1201 5.93913 
24.0145 5.91313 
23.9694 5.90201 
23.2481 5.72441 
22.4867 5.53692 
22.2425 5.47681 
22.1976 5.46575 
22.0438 5.42787 
22.2911 5.48876 
21.8952 5.39129 
21.9488 5.40448 
21.9308 5.40005 
21.8288 5.37493 
21.7395 5.35294 
21.1836 5.21606 
21.5516 5.30668 
21.2796 5.2397 
21.4687 5.28627 
21.4484 5.28126 
21.5548 5.30745 
21.7575 5.35738 
22.009 5.41929 
22.4602 5.53039 
22.9437 5.64945 
23.1148 5.69159 
23.4573 5.77591 
23.5304 5.79391 
23.8471 5.87191 
24.4249 6.01417 
25.0799 6.17546 
25.769 6.34513 
26.489 6.52242 
27.8043 6.84629 
28.248 6.95554 
29.5655 7.27995 
29.8007 7.33786 
31.1855 7.67885 
31.6667 7.79733 
31.3262 7.71348 
31.8566 7.8441 
32.6431 8.03775 
32.56 8.01728 
32.1571 7.91808 
31.9128 7.85792 
31.7968 7.82935 
31.4567 7.74563 
31.6205 7.78596 
31.1235 7.66356 
30.4206 7.4905 
30.6365 7.54367 
31.6117 7.78379 
31.4473 7.74332 
31.5575 7.77044 
31.2985 7.70666 
31.0474 7.64483 
31.5389 7.76587 
31.6612 7.79596 
31.2222 7.68788 
31.1488 7.66981 
30.6776 7.55377 
30.9028 7.60924 
30.8641 7.59971 
31.1078 7.65972 
30.5784 7.52936 
31.1149 7.66147 
31.5816 7.77638 
31.2055 7.68377 
31.584 7.77697 
31.8036 7.83104 
31.9548 7.86826 
31.2187 7.68702 
31.0942 7.65636 
30.8423 7.59435 
31.4295 7.73893 
31.0297 7.64048 
31.1847 7.67864 
31.0774 7.65222 
30.8066 7.58556 
31.0662 7.64947 
31.249 7.69448 
30.7899 7.58144 
30.8112 7.58669 
29.7104 7.31563 
29.2549 7.20346 
29.1081 7.16733 
29.0591 7.15526 
28.7622 7.08216 
27.2766 6.71636 
26.9838 6.64425 
26.7074 6.57619 
25.9932 6.40033 
25.1662 6.1967 
24.4615 6.02319 
24.6174 6.06158 
24.3428 5.99396 
24.1915 5.9567 


