-161.292 -48.2359 
-158.277 -47.3345 
-156.487 -46.7991 
-153.263 -45.8347 
-148.193 -44.3186 
-146.07 -43.6837 
-145.278 -43.447 
-146.392 -43.78 
-144.476 -43.2068 
-144.342 -43.167 
-143.2 -42.8254 
-141.91 -42.4395 
-143.454 -42.9014 
-143.446 -42.8991 
-140.998 -42.1667 
-139.777 -41.8017 
-142.231 -42.5355 
-142.755 -42.6923 
-141.509 -42.3196 
-141.662 -42.3653 
-143.9 -43.0347 
-145.445 -43.4967 
-148.519 -44.4162 
-149.654 -44.7554 
-152.134 -45.4972 
-153.149 -45.8008 
-153.523 -45.9124 
-158.584 -47.4262 
-159.875 -47.8123 
-165.128 -49.3831 
-169.695 -50.749 
-175.907 -52.6067 
-181.093 -54.1577 
-188.403 -56.3439 
-194.241 -58.0898 
-199.558 -59.6798 
-203.322 -60.8055 
-208.734 -62.424 
-208.012 -62.2082 
-207.383 -62.0198 
-213.652 -63.8948 
-210.59 -62.9791 
-215.482 -64.4419 
-213.237 -63.7707 
-210.513 -62.9559 
-208.979 -62.4971 
-208.932 -62.4833 
-202.402 -60.5304 
-201.17 -60.162 
-203.689 -60.9151 
-207.989 -62.2012 
-206.232 -61.6758 
-208.231 -62.2737 
-209.643 -62.6958 
-205.308 -61.3995 
-209.522 -62.6597 
-206.237 -61.6772 
-203.073 -60.731 
-206.411 -61.7292 
-204.083 -61.0331 
-201.776 -60.343 
-201.48 -60.2545 
-203.569 -60.8794 
-201.984 -60.4053 
-204.357 -61.1149 
-205.956 -61.5931 
-204.835 -61.258 
-204.684 -61.2128 
-208.281 -62.2886 
-208.132 -62.2438 
-205.527 -61.465 
-206.299 -61.6958 
-202.467 -60.5497 
-205.591 -61.4839 
-204.921 -61.2837 
-205.445 -61.4403 
-200.885 -60.0767 
-202.784 -60.6444 
-203.361 -60.817 
-202.986 -60.7049 
-201.772 -60.342 
-201.798 -60.3498 
-197.83 -59.163 
-192.587 -57.5949 
-193.955 -58.0041 
-188.374 -56.3351 
-188.095 -56.2518 
-181.525 -54.2869 
-177.492 -53.0808 
-174.765 -52.2651 
-171.592 -51.3164 
-165.518 -49.4999 
-160.198 -47.9089 
-161.481 -48.2926 
-159.869 -47.8103 
-159.026 -47.5582 


-125.565 -38.0012 
-123.218 -37.291 
-121.825 -36.8692 
-119.314 -36.1094 
-115.368 -34.915 
-113.715 -34.4149 
-113.099 -34.2284 
-113.966 -34.4907 
-112.474 -34.0392 
-112.37 -34.0078 
-111.481 -33.7387 
-110.476 -33.4346 
-111.678 -33.7985 
-111.672 -33.7967 
-109.766 -33.2197 
-108.816 -32.9322 
-110.726 -33.5103 
-111.134 -33.6338 
-110.164 -33.3402 
-110.283 -33.3762 
-112.026 -33.9036 
-113.228 -34.2676 
-115.622 -34.992 
-116.505 -35.2592 
-118.436 -35.8436 
-119.226 -36.0828 
-119.517 -36.1707 
-123.457 -37.3633 
-124.462 -37.6675 
-128.551 -38.905 
-132.107 -39.9811 
-136.943 -41.4446 
-140.98 -42.6665 
-146.671 -44.3888 
-151.216 -45.7642 
-155.355 -47.0169 
-158.285 -47.9038 
-162.499 -49.1788 
-161.937 -49.0088 
-161.446 -48.8604 
-166.327 -50.3375 
-163.944 -49.6161 
-167.752 -50.7686 
-166.004 -50.2398 
-163.883 -49.5979 
-162.689 -49.2364 
-162.653 -49.2256 
-157.569 -47.687 
-156.61 -47.3967 
-158.571 -47.9901 
-161.919 -49.0033 
-160.551 -48.5894 
-162.107 -49.0604 
-163.206 -49.393 
-159.832 -48.3717 
-163.112 -49.3645 
-160.555 -48.5905 
-158.092 -47.8451 
-160.69 -48.6314 
-158.878 -48.0831 
-157.081 -47.5394 
-156.851 -47.4697 
-158.478 -47.962 
-157.244 -47.5885 
-159.091 -48.1475 
-160.336 -48.5242 
-159.463 -48.2602 
-159.346 -48.2247 
-162.146 -49.0721 
-162.03 -49.0369 
-160.002 -48.4233 
-160.603 -48.6052 
-157.62 -47.7022 
-160.051 -48.4382 
-159.53 -48.2805 
-159.938 -48.4039 
-156.388 -47.3296 
-157.866 -47.7768 
-158.315 -47.9128 
-158.024 -47.8245 
-157.079 -47.5386 
-157.099 -47.5448 
-154.01 -46.6098 
-149.928 -45.3744 
-150.993 -45.6968 
-146.648 -44.3819 
-146.432 -44.3163 
-141.317 -42.7683 
-138.177 -41.8181 
-136.053 -41.1754 
-133.584 -40.428 
-128.855 -38.9969 
-124.714 -37.7435 
-125.713 -38.0458 
-124.457 -37.6659 
-123.801 -37.4673 


0.966613 0.274821 
0.948549 0.269686 
0.93782 0.266635 
0.918495 0.261141 
0.888113 0.252503 
0.875391 0.248886 
0.870646 0.247537 
0.87732 0.249434 
0.865835 0.246169 
0.865036 0.245942 
0.858191 0.243995 
0.850457 0.241797 
0.859713 0.244428 
0.859667 0.244415 
0.844991 0.240243 
0.837676 0.238163 
0.852381 0.242344 
0.855524 0.243237 
0.848055 0.241114 
0.84897 0.241374 
0.862386 0.245188 
0.871644 0.24782 
0.89007 0.253059 
0.896867 0.254992 
0.911732 0.259218 
0.917816 0.260948 
0.920053 0.261584 
0.950388 0.270208 
0.958126 0.272408 
0.989603 0.281358 
1.01697 0.28914 
1.0542 0.299724 
1.08528 0.30856 
1.12909 0.321016 
1.16408 0.330963 
1.19594 0.340022 
1.2185 0.346436 
1.25093 0.355657 
1.24661 0.354428 
1.24283 0.353354 
1.28041 0.364037 
1.26206 0.35882 
1.29137 0.367154 
1.27792 0.36333 
1.26159 0.358688 
1.2524 0.356074 
1.25212 0.355995 
1.21299 0.344869 
1.2056 0.342769 
1.2207 0.347061 
1.24647 0.354388 
1.23594 0.351395 
1.24792 0.354801 
1.25638 0.357206 
1.2304 0.34982 
1.25566 0.357 
1.23597 0.351402 
1.21701 0.346012 
1.23701 0.351699 
1.22306 0.347733 
1.20923 0.343801 
1.20746 0.343297 
1.21998 0.346857 
1.21048 0.344156 
1.2247 0.348199 
1.23428 0.350923 
1.22757 0.349014 
1.22666 0.348757 
1.24822 0.354886 
1.24732 0.354631 
1.23172 0.350193 
1.23634 0.351509 
1.21337 0.344979 
1.23209 0.350301 
1.22808 0.34916 
1.23122 0.350053 
1.20389 0.342284 
1.21527 0.345518 
1.21873 0.346502 
1.21648 0.345863 
1.20921 0.343795 
1.20937 0.34384 
1.18559 0.337078 
1.15416 0.328144 
1.16236 0.330475 
1.12892 0.320966 
1.12725 0.320492 
1.08787 0.309297 
1.0637 0.302425 
1.04736 0.297777 
1.02834 0.292372 
0.991942 0.282023 
0.96006 0.272958 
0.967749 0.275144 
0.958085 0.272397 
0.953033 0.27096 


2.27438 1.13719 
2.23188 1.11594 
2.20663 1.10332 
2.16116 1.08058 
2.08968 1.04484 
2.05974 1.02987 
2.04858 1.02429 
2.06428 1.03214 
2.03726 1.01863 
2.03538 1.01769 
2.01927 1.00964 
2.00108 1.00054 
2.02285 1.01143 
2.02275 1.01137 
1.98821 0.994107 
1.971 0.985501 
2.0056 1.0028 
2.013 1.0065 
1.99542 0.997711 
1.99758 0.998788 
2.02914 1.01457 
2.05093 1.02546 
2.09428 1.04714 
2.11028 1.05514 
2.14525 1.07263 
2.15957 1.07978 
2.16483 1.08241 
2.23621 1.1181 
2.25441 1.12721 
2.32848 1.16424 
2.39288 1.19644 
2.48047 1.24024 
2.5536 1.2768 
2.65669 1.32834 
2.73901 1.3695 
2.81398 1.40699 
2.86706 1.43353 
2.94337 1.47169 
2.9332 1.4666 
2.92431 1.46216 
3.01272 1.50636 
2.96954 1.48477 
3.03852 1.51926 
3.00687 1.50343 
2.96845 1.48423 
2.94682 1.47341 
2.94617 1.47308 
2.85409 1.42704 
2.83671 1.41836 
2.87223 1.43611 
2.93287 1.46643 
2.90809 1.45405 
2.93628 1.46814 
2.95619 1.47809 
2.89506 1.44753 
2.95448 1.47724 
2.90816 1.45408 
2.86354 1.43177 
2.91061 1.4553 
2.87779 1.43889 
2.84525 1.42262 
2.84108 1.42054 
2.87054 1.43527 
2.84819 1.42409 
2.88164 1.44082 
2.90419 1.4521 
2.88839 1.4442 
2.88626 1.44313 
2.93698 1.46849 
2.93488 1.46744 
2.89815 1.44908 
2.90904 1.45452 
2.855 1.4275 
2.89904 1.44952 
2.8896 1.4448 
2.89699 1.44849 
2.83269 1.41635 
2.85946 1.42973 
2.8676 1.4338 
2.86232 1.43116 
2.8452 1.4226 
2.84557 1.42279 
2.78961 1.39481 
2.71568 1.35784 
2.73497 1.36748 
2.65627 1.32814 
2.65235 1.32617 
2.5597 1.27985 
2.50283 1.25141 
2.46436 1.23218 
2.41963 1.20982 
2.33398 1.16699 
2.25896 1.12948 
2.27706 1.13853 
2.25432 1.12716 
2.24243 1.12122 


2.6724 0.454877 
2.62246 0.446376 
2.5928 0.441327 
2.53937 0.432233 
2.45537 0.417935 
2.4202 0.411949 
2.40708 0.409716 
2.42553 0.412856 
2.39378 0.407452 
2.39157 0.407076 
2.37265 0.403855 
2.35126 0.400215 
2.37685 0.404571 
2.37673 0.404549 
2.33615 0.397643 
2.31593 0.394201 
2.35658 0.40112 
2.36527 0.402599 
2.34462 0.399085 
2.34715 0.399515 
2.38424 0.405829 
2.40984 0.410185 
2.46078 0.418856 
2.47957 0.422055 
2.52067 0.42905 
2.53749 0.431914 
2.54368 0.432966 
2.62754 0.447241 
2.64894 0.450883 
2.73596 0.465695 
2.81164 0.478576 
2.91456 0.496095 
3.00048 0.510721 
3.12161 0.531337 
3.21833 0.547801 
3.30643 0.562796 
3.36879 0.573412 
3.45846 0.588674 
3.44651 0.586639 
3.43607 0.584863 
3.53995 0.602544 
3.48921 0.593909 
3.57026 0.607704 
3.53307 0.601374 
3.48793 0.59369 
3.46251 0.589364 
3.46175 0.589234 
3.35355 0.570817 
3.33314 0.567343 
3.37487 0.574445 
3.44612 0.586573 
3.41701 0.581619 
3.45013 0.587257 
3.47352 0.591238 
3.4017 0.579013 
3.47152 0.590897 
3.41709 0.581632 
3.36467 0.572709 
3.41997 0.582122 
3.3814 0.575558 
3.34317 0.56905 
3.33827 0.568216 
3.37289 0.574108 
3.34662 0.569638 
3.38593 0.576329 
3.41243 0.580838 
3.39386 0.577678 
3.39136 0.577253 
3.45096 0.587397 
3.44848 0.586975 
3.40533 0.579631 
3.41812 0.581807 
3.35462 0.570999 
3.40638 0.579809 
3.39528 0.577921 
3.40396 0.579398 
3.32841 0.566539 
3.35987 0.571892 
3.36943 0.57352 
3.36322 0.572463 
3.34311 0.569041 
3.34355 0.569114 
3.2778 0.557923 
3.19092 0.543135 
3.21359 0.546994 
3.12112 0.531254 
3.11651 0.530469 
3.00765 0.51194 
2.94082 0.500566 
2.89563 0.492873 
2.84307 0.483926 
2.74243 0.466796 
2.65428 0.451793 
2.67554 0.455411 
2.64882 0.450863 
2.63486 0.448486 


2.05642 0.142149 
2.01799 0.139492 
1.99517 0.137915 
1.95405 0.135073 
1.88942 0.130605 
1.86235 0.128734 
1.85226 0.128036 
1.86645 0.129018 
1.84202 0.127329 
1.84032 0.127211 
1.82576 0.126205 
1.80931 0.125067 
1.829 0.126428 
1.8289 0.126422 
1.79768 0.124263 
1.78212 0.123188 
1.8134 0.12535 
1.82008 0.125812 
1.80419 0.124714 
1.80614 0.124849 
1.83468 0.126821 
1.85438 0.128183 
1.89358 0.130893 
1.90804 0.131892 
1.93967 0.134078 
1.95261 0.134973 
1.95737 0.135302 
2.0219 0.139763 
2.03837 0.140901 
2.10533 0.14553 
2.16356 0.149555 
2.24276 0.15503 
2.30888 0.1596 
2.40209 0.166043 
2.47652 0.171188 
2.54431 0.175874 
2.5923 0.179191 
2.6613 0.183961 
2.6521 0.183325 
2.64407 0.18277 
2.724 0.188295 
2.68496 0.185596 
2.74733 0.189907 
2.71871 0.187929 
2.68398 0.185528 
2.66442 0.184176 
2.66383 0.184136 
2.58057 0.17838 
2.56486 0.177295 
2.59697 0.179514 
2.6518 0.183304 
2.6294 0.181756 
2.65489 0.183518 
2.67289 0.184762 
2.61762 0.180941 
2.67135 0.184655 
2.62946 0.18176 
2.58912 0.178972 
2.63168 0.181913 
2.602 0.179862 
2.57258 0.177828 
2.56881 0.177567 
2.59545 0.179409 
2.57524 0.178012 
2.60549 0.180103 
2.62587 0.181512 
2.61159 0.180524 
2.60966 0.180391 
2.65552 0.183562 
2.65362 0.18343 
2.62041 0.181135 
2.63025 0.181815 
2.58139 0.178437 
2.62122 0.18119 
2.61268 0.1806 
2.61936 0.181062 
2.56123 0.177043 
2.58543 0.178716 
2.59279 0.179225 
2.58801 0.178895 
2.57254 0.177825 
2.57287 0.177848 
2.52228 0.174351 
2.45542 0.16973 
2.47287 0.170935 
2.40171 0.166017 
2.39816 0.165772 
2.31439 0.159981 
2.26297 0.156427 
2.2282 0.154023 
2.18775 0.151227 
2.11031 0.145874 
2.04248 0.141185 
2.05884 0.142316 
2.03828 0.140895 
2.02753 0.140152 


6.29246 0.360111 
6.17487 0.353381 
6.10502 0.349384 
5.97922 0.342184 
5.78144 0.330866 
5.69862 0.326126 
5.66774 0.324358 
5.71118 0.326845 
5.63641 0.322566 
5.63122 0.322269 
5.58666 0.319718 
5.53631 0.316837 
5.59657 0.320285 
5.59627 0.320268 
5.50073 0.314801 
5.45311 0.312075 
5.54883 0.317554 
5.56929 0.318725 
5.52067 0.315942 
5.52663 0.316283 
5.61396 0.321281 
5.67423 0.32473 
5.79418 0.331595 
5.83843 0.334127 
5.9352 0.339665 
5.9748 0.341932 
5.98936 0.342765 
6.18684 0.354066 
6.23721 0.356949 
6.44212 0.368676 
6.6203 0.378873 
6.86265 0.392742 
7.06497 0.40432 
7.35016 0.420642 
7.57792 0.433676 
7.78534 0.445547 
7.93219 0.453951 
8.14333 0.466034 
8.11518 0.464423 
8.0906 0.463016 
8.33519 0.477014 
8.21574 0.470178 
8.40657 0.481099 
8.31901 0.476088 
8.21272 0.470005 
8.15287 0.46658 
8.15106 0.466477 
7.8963 0.451897 
7.84824 0.449146 
7.94649 0.454769 
8.11426 0.46437 
8.04573 0.460448 
8.12372 0.464911 
8.17879 0.468063 
8.00967 0.458385 
8.17407 0.467793 
8.0459 0.460458 
7.92247 0.453395 
8.05268 0.460846 
7.96188 0.45565 
7.87185 0.450498 
7.86032 0.449837 
7.94183 0.454502 
7.87999 0.450963 
7.97255 0.45626 
8.03493 0.45983 
7.99122 0.457329 
7.98533 0.456992 
8.12566 0.465023 
8.11982 0.464689 
8.01822 0.458874 
8.04834 0.460598 
7.89882 0.452041 
8.02069 0.459015 
7.99457 0.45752 
8.015 0.45869 
7.83712 0.44851 
7.91118 0.452748 
7.9337 0.454037 
7.91907 0.4532 
7.87173 0.45049 
7.87275 0.450549 
7.71793 0.441689 
7.51337 0.429982 
7.56674 0.433037 
7.34902 0.420576 
7.33815 0.419955 
7.08183 0.405286 
6.92449 0.396281 
6.81808 0.390191 
6.69432 0.383108 
6.45735 0.369547 
6.2498 0.357669 
6.29986 0.360534 
6.23694 0.356934 
6.20406 0.355052 


1.28882 0.253973 
1.26473 0.249227 
1.25043 0.246408 
1.22466 0.24133 
1.18415 0.233347 
1.16719 0.230005 
1.16086 0.228758 
1.16976 0.230511 
1.15445 0.227494 
1.15338 0.227284 
1.14425 0.225485 
1.13394 0.223453 
1.14628 0.225885 
1.14622 0.225873 
1.12665 0.222017 
1.1169 0.220095 
1.13651 0.223959 
1.1407 0.224785 
1.13074 0.222822 
1.13196 0.223063 
1.14985 0.226588 
1.16219 0.22902 
1.18676 0.233861 
1.19582 0.235647 
1.21564 0.239553 
1.22376 0.241152 
1.22674 0.241739 
1.26718 0.24971 
1.2775 0.251743 
1.31947 0.260013 
1.35597 0.267205 
1.4056 0.276986 
1.44704 0.285152 
1.50546 0.296663 
1.5521 0.305856 
1.59459 0.314228 
1.62467 0.320155 
1.66791 0.328677 
1.66214 0.32754 
1.65711 0.326548 
1.70721 0.33642 
1.68274 0.331599 
1.72183 0.339301 
1.70389 0.335767 
1.68212 0.331477 
1.66986 0.329061 
1.6695 0.328989 
1.61732 0.318706 
1.60747 0.316766 
1.6276 0.320732 
1.66196 0.327503 
1.64792 0.324737 
1.66389 0.327885 
1.67517 0.330108 
1.64054 0.323282 
1.67421 0.329917 
1.64796 0.324744 
1.62268 0.319763 
1.64935 0.325018 
1.63075 0.321353 
1.61231 0.317719 
1.60994 0.317254 
1.62664 0.320544 
1.61397 0.318048 
1.63293 0.321784 
1.64571 0.324301 
1.63675 0.322537 
1.63555 0.322299 
1.66429 0.327963 
1.6631 0.327728 
1.64229 0.323627 
1.64845 0.324842 
1.61783 0.318808 
1.64279 0.323727 
1.63744 0.322672 
1.64163 0.323497 
1.60519 0.316317 
1.62036 0.319307 
1.62497 0.320215 
1.62198 0.319625 
1.61228 0.317714 
1.61249 0.317756 
1.58078 0.311507 
1.53888 0.30325 
1.54982 0.305405 
1.50522 0.296617 
1.503 0.296179 
1.4505 0.285833 
1.41827 0.279482 
1.39647 0.275187 
1.37112 0.270192 
1.32259 0.260628 
1.28008 0.252251 
1.29033 0.254271 
1.27745 0.251732 
1.27071 0.250405 


1.75317 0.360111 
1.72041 0.353381 
1.70095 0.349384 
1.6659 0.342184 
1.61079 0.330866 
1.58772 0.326126 
1.57911 0.324358 
1.59122 0.326845 
1.57039 0.322566 
1.56894 0.322269 
1.55652 0.319718 
1.5425 0.316837 
1.55928 0.320285 
1.5592 0.320268 
1.53258 0.314801 
1.51931 0.312075 
1.54598 0.317554 
1.55169 0.318725 
1.53814 0.315942 
1.5398 0.316283 
1.56413 0.321281 
1.58092 0.32473 
1.61434 0.331595 
1.62667 0.334127 
1.65363 0.339665 
1.66467 0.341932 
1.66872 0.342765 
1.72374 0.354066 
1.73778 0.356949 
1.79487 0.368676 
1.84451 0.378873 
1.91203 0.392742 
1.9684 0.40432 
2.04786 0.420642 
2.11132 0.433676 
2.16911 0.445547 
2.21002 0.453951 
2.26885 0.466034 
2.26101 0.464423 
2.25416 0.463016 
2.32231 0.477014 
2.28902 0.470178 
2.34219 0.481099 
2.3178 0.476088 
2.28818 0.470005 
2.27151 0.46658 
2.271 0.466477 
2.20002 0.451897 
2.18663 0.449146 
2.21401 0.454769 
2.26075 0.46437 
2.24166 0.460448 
2.26338 0.464911 
2.27873 0.468063 
2.23161 0.458385 
2.27741 0.467793 
2.24171 0.460458 
2.20732 0.453395 
2.24359 0.460846 
2.2183 0.45565 
2.19321 0.450498 
2.19 0.449837 
2.21271 0.454502 
2.19548 0.450963 
2.22127 0.45626 
2.23865 0.45983 
2.22647 0.457329 
2.22483 0.456992 
2.26393 0.465023 
2.2623 0.464689 
2.23399 0.458874 
2.24238 0.460598 
2.20073 0.452041 
2.23468 0.459015 
2.2274 0.45752 
2.2331 0.45869 
2.18353 0.44851 
2.20417 0.452748 
2.21044 0.454037 
2.20637 0.4532 
2.19318 0.45049 
2.19346 0.450549 
2.15033 0.441689 
2.09333 0.429982 
2.1082 0.433037 
2.04754 0.420576 
2.04452 0.419955 
1.9731 0.405286 
1.92926 0.396281 
1.89961 0.390191 
1.86513 0.383108 
1.79911 0.369547 
1.74128 0.357669 
1.75523 0.360534 
1.7377 0.356934 
1.72854 0.355052 


5.61962 1.44992 
5.5146 1.42282 
5.45223 1.40673 
5.33988 1.37774 
5.16324 1.33217 
5.08928 1.31309 
5.0617 1.30597 
5.1005 1.31598 
5.03372 1.29875 
5.02908 1.29755 
4.98929 1.28729 
4.94432 1.27569 
4.99814 1.28957 
4.99787 1.2895 
4.91255 1.26749 
4.87002 1.25651 
4.95551 1.27857 
4.97378 1.28329 
4.93036 1.27208 
4.93568 1.27346 
5.01367 1.29358 
5.0675 1.30747 
5.17462 1.3351 
5.21414 1.3453 
5.30056 1.3676 
5.33593 1.37672 
5.34893 1.38008 
5.52529 1.42558 
5.57028 1.43719 
5.75328 1.4844 
5.91241 1.52546 
6.12884 1.5813 
6.30953 1.62792 
6.56423 1.69364 
6.76763 1.74612 
6.95287 1.79391 
7.08402 1.82775 
7.27258 1.8764 
7.24744 1.86991 
7.22549 1.86425 
7.44393 1.92061 
7.33725 1.89308 
7.50768 1.93706 
7.42947 1.91688 
7.33455 1.89239 
7.2811 1.8786 
7.27949 1.87818 
7.05197 1.81948 
7.00905 1.8084 
7.09679 1.83104 
7.24662 1.8697 
7.18542 1.85391 
7.25507 1.87188 
7.30425 1.88457 
7.15322 1.8456 
7.30004 1.88348 
7.18557 1.85395 
7.07534 1.82551 
7.19163 1.85551 
7.11054 1.83459 
7.03013 1.81385 
7.01983 1.81119 
7.09263 1.82997 
7.0374 1.81572 
7.12006 1.83705 
7.17577 1.85142 
7.13673 1.84135 
7.13148 1.83999 
7.2568 1.87233 
7.25159 1.87098 
7.16085 1.84757 
7.18775 1.85451 
7.05422 1.82006 
7.16305 1.84814 
7.13973 1.84212 
7.15798 1.84683 
6.99911 1.80584 
7.06525 1.82291 
7.08536 1.8281 
7.0723 1.82473 
7.03002 1.81382 
7.03093 1.81405 
6.89267 1.77838 
6.70998 1.73124 
6.75765 1.74354 
6.56321 1.69337 
6.5535 1.69087 
6.32459 1.63181 
6.18407 1.59555 
6.08904 1.57103 
5.97851 1.54252 
5.76688 1.48791 
5.58152 1.44009 
5.62623 1.45162 
5.57004 1.43713 
5.54067 1.42955 


2.50182 0.615979 
2.45507 0.604468 
2.4273 0.59763 
2.37728 0.585315 
2.29864 0.565954 
2.26572 0.557847 
2.25344 0.554824 
2.27071 0.559076 
2.24098 0.551757 
2.23892 0.551249 
2.2212 0.546886 
2.20118 0.541958 
2.22514 0.547857 
2.22502 0.547827 
2.18704 0.538475 
2.1681 0.533813 
2.20616 0.543184 
2.2143 0.545187 
2.19497 0.540427 
2.19733 0.54101 
2.23206 0.54956 
2.25602 0.555459 
2.30371 0.567201 
2.3213 0.571533 
2.35978 0.581006 
2.37552 0.584883 
2.38131 0.586308 
2.45983 0.605639 
2.47985 0.61057 
2.56132 0.630629 
2.63217 0.648072 
2.72852 0.671795 
2.80896 0.691601 
2.92235 0.719519 
3.01291 0.741814 
3.09538 0.762119 
3.15376 0.776495 
3.23771 0.797163 
3.22652 0.794407 
3.21674 0.792001 
3.31399 0.815945 
3.2665 0.804252 
3.34237 0.822932 
3.30756 0.814361 
3.2653 0.803956 
3.2415 0.798097 
3.24078 0.797921 
3.13949 0.772982 
3.12038 0.768276 
3.15945 0.777895 
3.22615 0.794318 
3.1989 0.787609 
3.22991 0.795243 
3.25181 0.800634 
3.18457 0.78408 
3.24993 0.800173 
3.19897 0.787626 
3.1499 0.775543 
3.20167 0.78829 
3.16557 0.779401 
3.12977 0.770588 
3.12519 0.769459 
3.1576 0.777438 
3.13301 0.771384 
3.16981 0.780445 
3.19461 0.786552 
3.17723 0.782273 
3.17489 0.781697 
3.23068 0.795433 
3.22836 0.794862 
3.18797 0.784916 
3.19994 0.787864 
3.14049 0.773228 
3.18895 0.785158 
3.17856 0.782601 
3.18669 0.784601 
3.11596 0.767188 
3.14541 0.774438 
3.15436 0.776642 
3.14855 0.77521 
3.12972 0.770576 
3.13013 0.770676 
3.06857 0.75552 
2.98724 0.735495 
3.00846 0.740721 
2.9219 0.719407 
2.91758 0.718343 
2.81567 0.693252 
2.75311 0.677849 
2.7108 0.667432 
2.6616 0.655317 
2.56738 0.63212 
2.48486 0.611803 
2.50476 0.616703 
2.47975 0.610544 
2.46667 0.607325 


4.56772 -0.0379064 
4.48236 -0.037198 
4.43166 -0.0367773 
4.34034 -0.0360194 
4.19677 -0.0348279 
4.13665 -0.0343291 
4.11423 -0.034143 
4.14577 -0.0344047 
4.09149 -0.0339543 
4.08772 -0.033923 
4.05537 -0.0336545 
4.01883 -0.0333512 
4.06257 -0.0337143 
4.06235 -0.0337124 
3.993 -0.0331369 
3.95843 -0.03285 
4.02792 -0.0334267 
4.04277 -0.03355 
4.00747 -0.0332571 
4.0118 -0.033293 
4.0752 -0.0338191 
4.11894 -0.0341821 
4.20602 -0.0349047 
4.23814 -0.0351713 
4.30838 -0.0357542 
4.33713 -0.0359928 
4.3477 -0.0360805 
4.49105 -0.0372701 
4.52761 -0.0375736 
4.67636 -0.038808 
4.8057 -0.0398814 
4.98162 -0.0413413 
5.12849 -0.0425601 
5.33551 -0.0442781 
5.50084 -0.0456501 
5.65141 -0.0468997 
5.75801 -0.0477843 
5.91127 -0.0490562 
5.89084 -0.0488866 
5.873 -0.0487385 
6.05055 -0.050212 
5.96383 -0.0494924 
6.10236 -0.050642 
6.0388 -0.0501145 
5.96164 -0.0494742 
5.91819 -0.0491137 
5.91689 -0.0491028 
5.73196 -0.0475681 
5.69707 -0.0472786 
5.76839 -0.0478705 
5.89017 -0.0488811 
5.84042 -0.0484682 
5.89704 -0.0489381 
5.93701 -0.0492698 
5.81425 -0.048251 
5.93359 -0.0492414 
5.84055 -0.0484693 
5.75095 -0.0477257 
5.84547 -0.0485102 
5.77956 -0.0479632 
5.71421 -0.0474208 
5.70583 -0.0473513 
5.765 -0.0478423 
5.72011 -0.0474698 
5.7873 -0.0480274 
5.83259 -0.0484032 
5.80085 -0.0481398 
5.79658 -0.0481044 
5.89844 -0.0489498 
5.89421 -0.0489146 
5.82046 -0.0483026 
5.84232 -0.0484839 
5.73378 -0.0475833 
5.82225 -0.0483174 
5.80329 -0.04816 
5.81812 -0.0482831 
5.68899 -0.0472116 
5.74275 -0.0476577 
5.7591 -0.0477933 
5.74848 -0.0477053 
5.71412 -0.04742 
5.71486 -0.0474262 
5.60247 -0.0464936 
5.45398 -0.0452613 
5.49273 -0.0455828 
5.33468 -0.0442712 
5.32679 -0.0442058 
5.14073 -0.0426617 
5.02651 -0.0417138 
4.94927 -0.0410727 
4.85943 -0.0403272 
4.68741 -0.0388997 
4.53675 -0.0376494 
4.57309 -0.0379509 
4.52742 -0.037572 
4.50355 -0.0373739 


21.7014 2.03747 
21.2959 1.99939 
21.055 1.97678 
20.6211 1.93604 
19.939 1.872 
19.6534 1.84519 
19.5469 1.83519 
19.6967 1.84925 
19.4388 1.82504 
19.4209 1.82336 
19.2672 1.80893 
19.0936 1.79263 
19.3014 1.81214 
19.3004 1.81204 
18.9709 1.78111 
18.8067 1.76569 
19.1368 1.79669 
19.2073 1.80331 
19.0397 1.78757 
19.0602 1.7895 
19.3614 1.81777 
19.5693 1.83729 
19.9829 1.87613 
20.1355 1.89045 
20.4693 1.92179 
20.6059 1.93461 
20.6561 1.93933 
21.3371 2.00327 
21.5109 2.01958 
22.2176 2.08593 
22.8321 2.14362 
23.6679 2.22209 
24.3656 2.2876 
25.3492 2.37995 
26.1347 2.45369 
26.85 2.52086 
27.3565 2.56841 
28.0847 2.63677 
27.9876 2.62765 
27.9028 2.6197 
28.7464 2.6989 
28.3344 2.66022 
28.9925 2.72201 
28.6906 2.69365 
28.324 2.65924 
28.1176 2.63986 
28.1114 2.63928 
27.2327 2.55679 
27.067 2.54122 
27.4058 2.57304 
27.9844 2.62736 
27.7481 2.60517 
28.017 2.63042 
28.207 2.64825 
27.6237 2.59349 
28.1907 2.64673 
27.7487 2.60522 
27.323 2.56526 
27.7721 2.60742 
27.4589 2.57802 
27.1484 2.54887 
27.1086 2.54513 
27.3897 2.57153 
27.1765 2.5515 
27.4957 2.58147 
27.7108 2.60167 
27.5601 2.58752 
27.5398 2.58561 
28.0237 2.63105 
28.0036 2.62916 
27.6532 2.59626 
27.7571 2.60601 
27.2414 2.5576 
27.6617 2.59706 
27.5716 2.5886 
27.6421 2.59522 
27.0286 2.53762 
27.284 2.5616 
27.3617 2.56889 
27.3113 2.56416 
27.148 2.54883 
27.1515 2.54916 
26.6176 2.49903 
25.9121 2.43279 
26.0962 2.45008 
25.3453 2.37958 
25.3078 2.37606 
24.4238 2.29306 
23.8812 2.24212 
23.5141 2.20766 
23.0873 2.16759 
22.2701 2.09086 
21.5543 2.02366 
21.7269 2.03986 
21.5099 2.01949 
21.3965 2.00884 


28.0981 7.10745 
27.573 6.97463 
27.2611 6.89573 
26.6994 6.75364 
25.8162 6.53024 
25.4464 6.4367 
25.3085 6.40181 
25.5025 6.45088 
25.1686 6.36643 
25.1454 6.36056 
24.9464 6.31023 
24.7216 6.25336 
24.9907 6.32142 
24.9894 6.32108 
24.5627 6.21317 
24.3501 6.15938 
24.7775 6.26751 
24.8689 6.29062 
24.6518 6.2357 
24.6784 6.24243 
25.0684 6.34107 
25.3375 6.40914 
25.8731 6.54463 
26.0707 6.59461 
26.5028 6.70391 
26.6797 6.74865 
26.7447 6.76509 
27.6265 6.98814 
27.8514 7.04504 
28.7664 7.27649 
29.5621 7.47775 
30.6442 7.75148 
31.5476 7.98001 
32.8211 8.30214 
33.8381 8.55939 
34.7644 8.79368 
35.4201 8.95956 
36.3629 9.19804 
36.2372 9.16624 
36.1275 9.13848 
37.2196 9.41475 
36.6862 9.27982 
37.5384 9.49537 
37.1474 9.39647 
36.6728 9.27641 
36.4055 9.20881 
36.3975 9.20678 
35.2599 8.91902 
35.0452 8.86473 
35.484 8.97571 
36.2331 9.16521 
35.9271 9.0878 
36.2753 9.17588 
36.5212 9.23809 
35.7661 9.04707 
36.5002 9.23276 
35.9279 9.08799 
35.3767 8.94858 
35.9581 9.09565 
35.5527 8.99309 
35.1507 8.8914 
35.0992 8.87837 
35.4631 8.97044 
35.187 8.90059 
35.6003 9.00514 
35.8789 9.0756 
35.6837 9.02622 
35.6574 9.01957 
36.284 9.17808 
36.2579 9.17149 
35.8043 9.05673 
35.9387 9.09074 
35.2711 8.92186 
35.8153 9.05951 
35.6986 9.03001 
35.7899 9.05309 
34.9956 8.85217 
35.3263 8.93582 
35.4268 8.96125 
35.3615 8.94473 
35.1501 8.89126 
35.1547 8.89241 
34.4633 8.71754 
33.5499 8.48648 
33.7883 8.54678 
32.816 8.30085 
32.7675 8.28858 
31.6229 7.99906 
30.9204 7.82134 
30.4452 7.70114 
29.8925 7.56135 
28.8344 7.29369 
27.9076 7.05926 
28.1311 7.1158 
27.8502 7.04474 
27.7034 7.0076 


0.94766 0.94766 
0.92995 0.92995 
0.919431 0.919431 
0.900485 0.900485 
0.870699 0.870699 
0.858226 0.858226 
0.853575 0.853575 
0.860117 0.860117 
0.848858 0.848858 
0.848075 0.848075 
0.841364 0.841364 
0.833781 0.833781 
0.842856 0.842856 
0.842811 0.842811 
0.828422 0.828422 
0.821251 0.821251 
0.835668 0.835668 
0.838749 0.838749 
0.831426 0.831426 
0.832324 0.832324 
0.845476 0.845476 
0.854553 0.854553 
0.872618 0.872618 
0.879281 0.879281 
0.893855 0.893855 
0.89982 0.89982 
0.902012 0.902012 
0.931752 0.931752 
0.939339 0.939339 
0.970199 0.970199 
0.997034 0.997034 
1.03353 1.03353 
1.064 1.064 
1.10695 1.10695 
1.14125 1.14125 
1.17249 1.17249 
1.19461 1.19461 
1.22641 1.22641 
1.22216 1.22216 
1.21846 1.21846 
1.2553 1.2553 
1.23731 1.23731 
1.26605 1.26605 
1.25286 1.25286 
1.23686 1.23686 
1.22784 1.22784 
1.22757 1.22757 
1.1892 1.1892 
1.18196 1.18196 
1.19676 1.19676 
1.22203 1.22203 
1.21171 1.21171 
1.22345 1.22345 
1.23175 1.23175 
1.20628 1.20628 
1.23104 1.23104 
1.21173 1.21173 
1.19314 1.19314 
1.21275 1.21275 
1.19908 1.19908 
1.18552 1.18552 
1.18378 1.18378 
1.19606 1.19606 
1.18674 1.18674 
1.20069 1.20069 
1.21008 1.21008 
1.2035 1.2035 
1.20261 1.20261 
1.22374 1.22374 
1.22287 1.22287 
1.20756 1.20756 
1.2121 1.2121 
1.18958 1.18958 
1.20794 1.20794 
1.204 1.204 
1.20708 1.20708 
1.18029 1.18029 
1.19144 1.19144 
1.19483 1.19483 
1.19263 1.19263 
1.1855 1.1855 
1.18565 1.18565 
1.16234 1.16234 
1.13153 1.13153 
1.13957 1.13957 
1.10678 1.10678 
1.10514 1.10514 
1.06654 1.06654 
1.04285 1.04285 
1.02682 1.02682 
1.00818 1.00818 
0.972492 0.972492 
0.941235 0.941235 
0.948774 0.948774 
0.939299 0.939299 
0.934346 0.934346 


8.72795 1.48783 
8.56484 1.46002 
8.46796 1.44351 
8.29347 1.41376 
8.01914 1.367 
7.90426 1.34742 
7.86143 1.34011 
7.92168 1.35038 
7.81798 1.33271 
7.81077 1.33148 
7.74896 1.32094 
7.67913 1.30904 
7.76271 1.32328 
7.76229 1.32321 
7.62977 1.30062 
7.56372 1.28936 
7.6965 1.312 
7.72488 1.31684 
7.65744 1.30534 
7.6657 1.30675 
7.78684 1.3274 
7.87043 1.34165 
8.03681 1.37001 
8.09818 1.38047 
8.2324 1.40335 
8.28734 1.41272 
8.30754 1.41616 
8.58144 1.46285 
8.65131 1.47476 
8.93553 1.52321 
9.18268 1.56534 
9.51882 1.62264 
9.79945 1.67048 
10.195 1.73792 
10.5109 1.79177 
10.7986 1.84081 
11.0023 1.87553 
11.2952 1.92546 
11.2561 1.9188 
11.2221 1.91299 
11.5613 1.97082 
11.3956 1.94258 
11.6603 1.9877 
11.5389 1.96699 
11.3914 1.94186 
11.3084 1.92771 
11.3059 1.92728 
10.9526 1.86705 
10.8859 1.85568 
11.0222 1.87892 
11.2549 1.91858 
11.1598 1.90238 
11.268 1.92082 
11.3444 1.93384 
11.1098 1.89385 
11.3378 1.93272 
11.1601 1.90242 
10.9889 1.87324 
11.1695 1.90402 
11.0435 1.88255 
10.9186 1.86127 
10.9026 1.85854 
11.0157 1.87781 
10.9299 1.86319 
11.0583 1.88508 
11.1448 1.89983 
11.0842 1.88949 
11.076 1.8881 
11.2707 1.92128 
11.2626 1.9199 
11.1217 1.89588 
11.1634 1.903 
10.956 1.86764 
11.1251 1.89646 
11.0889 1.89028 
11.1172 1.89511 
10.8705 1.85305 
10.9732 1.87056 
11.0044 1.87589 
10.9841 1.87243 
10.9185 1.86124 
10.9199 1.86148 
10.7051 1.82487 
10.4214 1.7765 
10.4954 1.78912 
10.1934 1.73764 
10.1784 1.73508 
9.82284 1.67447 
9.6046 1.63727 
9.457 1.61211 
9.28534 1.58284 
8.95666 1.52681 
8.66877 1.47774 
8.73821 1.48957 
8.65094 1.4747 
8.60533 1.46692 


0.94766 0.94766 
0.92995 0.92995 
0.919431 0.919431 
0.900485 0.900485 
0.870699 0.870699 
0.858226 0.858226 
0.853575 0.853575 
0.860117 0.860117 
0.848858 0.848858 
0.848075 0.848075 
0.841364 0.841364 
0.833781 0.833781 
0.842856 0.842856 
0.842811 0.842811 
0.828422 0.828422 
0.821251 0.821251 
0.835668 0.835668 
0.838749 0.838749 
0.831426 0.831426 
0.832324 0.832324 
0.845476 0.845476 
0.854553 0.854553 
0.872618 0.872618 
0.879281 0.879281 
0.893855 0.893855 
0.89982 0.89982 
0.902012 0.902012 
0.931752 0.931752 
0.939339 0.939339 
0.970199 0.970199 
0.997034 0.997034 
1.03353 1.03353 
1.064 1.064 
1.10695 1.10695 
1.14125 1.14125 
1.17249 1.17249 
1.19461 1.19461 
1.22641 1.22641 
1.22216 1.22216 
1.21846 1.21846 
1.2553 1.2553 
1.23731 1.23731 
1.26605 1.26605 
1.25286 1.25286 
1.23686 1.23686 
1.22784 1.22784 
1.22757 1.22757 
1.1892 1.1892 
1.18196 1.18196 
1.19676 1.19676 
1.22203 1.22203 
1.21171 1.21171 
1.22345 1.22345 
1.23175 1.23175 
1.20628 1.20628 
1.23104 1.23104 
1.21173 1.21173 
1.19314 1.19314 
1.21275 1.21275 
1.19908 1.19908 
1.18552 1.18552 
1.18378 1.18378 
1.19606 1.19606 
1.18674 1.18674 
1.20069 1.20069 
1.21008 1.21008 
1.2035 1.2035 
1.20261 1.20261 
1.22374 1.22374 
1.22287 1.22287 
1.20756 1.20756 
1.2121 1.2121 
1.18958 1.18958 
1.20794 1.20794 
1.204 1.204 
1.20708 1.20708 
1.18029 1.18029 
1.19144 1.19144 
1.19483 1.19483 
1.19263 1.19263 
1.1855 1.1855 
1.18565 1.18565 
1.16234 1.16234 
1.13153 1.13153 
1.13957 1.13957 
1.10678 1.10678 
1.10514 1.10514 
1.06654 1.06654 
1.04285 1.04285 
1.02682 1.02682 
1.00818 1.00818 
0.972492 0.972492 
0.941235 0.941235 
0.948774 0.948774 
0.939299 0.939299 
0.934346 0.934346 


21.7014 2.03747 
21.2959 1.99939 
21.055 1.97678 
20.6211 1.93604 
19.939 1.872 
19.6534 1.84519 
19.5469 1.83519 
19.6967 1.84925 
19.4388 1.82504 
19.4209 1.82336 
19.2672 1.80893 
19.0936 1.79263 
19.3014 1.81214 
19.3004 1.81204 
18.9709 1.78111 
18.8067 1.76569 
19.1368 1.79669 
19.2073 1.80331 
19.0397 1.78757 
19.0602 1.7895 
19.3614 1.81777 
19.5693 1.83729 
19.9829 1.87613 
20.1355 1.89045 
20.4693 1.92179 
20.6059 1.93461 
20.6561 1.93933 
21.3371 2.00327 
21.5109 2.01958 
22.2176 2.08593 
22.8321 2.14362 
23.6679 2.22209 
24.3656 2.2876 
25.3492 2.37995 
26.1347 2.45369 
26.85 2.52086 
27.3565 2.56841 
28.0847 2.63677 
27.9876 2.62765 
27.9028 2.6197 
28.7464 2.6989 
28.3344 2.66022 
28.9925 2.72201 
28.6906 2.69365 
28.324 2.65924 
28.1176 2.63986 
28.1114 2.63928 
27.2327 2.55679 
27.067 2.54122 
27.4058 2.57304 
27.9844 2.62736 
27.7481 2.60517 
28.017 2.63042 
28.207 2.64825 
27.6237 2.59349 
28.1907 2.64673 
27.7487 2.60522 
27.323 2.56526 
27.7721 2.60742 
27.4589 2.57802 
27.1484 2.54887 
27.1086 2.54513 
27.3897 2.57153 
27.1765 2.5515 
27.4957 2.58147 
27.7108 2.60167 
27.5601 2.58752 
27.5398 2.58561 
28.0237 2.63105 
28.0036 2.62916 
27.6532 2.59626 
27.7571 2.60601 
27.2414 2.5576 
27.6617 2.59706 
27.5716 2.5886 
27.6421 2.59522 
27.0286 2.53762 
27.284 2.5616 
27.3617 2.56889 
27.3113 2.56416 
27.148 2.54883 
27.1515 2.54916 
26.6176 2.49903 
25.9121 2.43279 
26.0962 2.45008 
25.3453 2.37958 
25.3078 2.37606 
24.4238 2.29306 
23.8812 2.24212 
23.5141 2.20766 
23.0873 2.16759 
22.2701 2.09086 
21.5543 2.02366 
21.7269 2.03986 
21.5099 2.01949 
21.3965 2.00884 


10.2821 2.13223 
10.09 2.09239 
9.97583 2.06872 
9.77026 2.02609 
9.44708 1.95907 
9.31175 1.93101 
9.26129 1.92054 
9.33227 1.93526 
9.2101 1.90993 
9.20161 1.90817 
9.1288 1.89307 
9.04653 1.87601 
9.14499 1.89643 
9.1445 1.89633 
8.98838 1.86395 
8.91058 1.84782 
9.06699 1.88025 
9.10042 1.88718 
9.02097 1.87071 
9.03071 1.87273 
9.17342 1.90232 
9.27189 1.92274 
9.4679 1.96339 
9.5402 1.97838 
9.69833 2.01117 
9.76305 2.02459 
9.78684 2.02953 
10.1095 2.09644 
10.1918 2.11351 
10.5267 2.18295 
10.8178 2.24333 
11.2138 2.32545 
11.5444 2.394 
12.0104 2.49064 
12.3826 2.56782 
12.7215 2.63811 
12.9615 2.68787 
13.3065 2.75941 
13.2605 2.74987 
13.2203 2.74154 
13.62 2.82443 
13.4248 2.78395 
13.7366 2.84861 
13.5936 2.81894 
13.4199 2.78292 
13.3221 2.76264 
13.3191 2.76203 
12.9028 2.67571 
12.8243 2.65942 
12.9849 2.69271 
13.259 2.74956 
13.147 2.72634 
13.2744 2.75277 
13.3644 2.77143 
13.0881 2.71412 
13.3567 2.76983 
13.1473 2.7264 
12.9456 2.68457 
13.1584 2.7287 
13.01 2.69793 
12.8629 2.66742 
12.844 2.66351 
12.9772 2.69113 
12.8762 2.67018 
13.0274 2.70154 
13.1294 2.72268 
13.0579 2.70787 
13.0483 2.70587 
13.2776 2.75342 
13.2681 2.75145 
13.1021 2.71702 
13.1513 2.72722 
12.907 2.67656 
13.1061 2.71785 
13.0634 2.709 
13.0968 2.71593 
12.8061 2.65565 
12.9272 2.68075 
12.9639 2.68838 
12.94 2.68342 
12.8627 2.66738 
12.8644 2.66772 
12.6114 2.61526 
12.2771 2.54595 
12.3643 2.56403 
12.0086 2.49026 
11.9908 2.48657 
11.572 2.39972 
11.3149 2.3464 
11.141 2.31034 
10.9388 2.26841 
10.5515 2.18811 
10.2124 2.11778 
10.2942 2.13474 
10.1914 2.11342 
10.1377 2.10228 


10.2821 2.13223 
10.09 2.09239 
9.97583 2.06872 
9.77026 2.02609 
9.44708 1.95907 
9.31175 1.93101 
9.26129 1.92054 
9.33227 1.93526 
9.2101 1.90993 
9.20161 1.90817 
9.1288 1.89307 
9.04653 1.87601 
9.14499 1.89643 
9.1445 1.89633 
8.98838 1.86395 
8.91058 1.84782 
9.06699 1.88025 
9.10042 1.88718 
9.02097 1.87071 
9.03071 1.87273 
9.17342 1.90232 
9.27189 1.92274 
9.4679 1.96339 
9.5402 1.97838 
9.69833 2.01117 
9.76305 2.02459 
9.78684 2.02953 
10.1095 2.09644 
10.1918 2.11351 
10.5267 2.18295 
10.8178 2.24333 
11.2138 2.32545 
11.5444 2.394 
12.0104 2.49064 
12.3826 2.56782 
12.7215 2.63811 
12.9615 2.68787 
13.3065 2.75941 
13.2605 2.74987 
13.2203 2.74154 
13.62 2.82443 
13.4248 2.78395 
13.7366 2.84861 
13.5936 2.81894 
13.4199 2.78292 
13.3221 2.76264 
13.3191 2.76203 
12.9028 2.67571 
12.8243 2.65942 
12.9849 2.69271 
13.259 2.74956 
13.147 2.72634 
13.2744 2.75277 
13.3644 2.77143 
13.0881 2.71412 
13.3567 2.76983 
13.1473 2.7264 
12.9456 2.68457 
13.1584 2.7287 
13.01 2.69793 
12.8629 2.66742 
12.844 2.66351 
12.9772 2.69113 
12.8762 2.67018 
13.0274 2.70154 
13.1294 2.72268 
13.0579 2.70787 
13.0483 2.70587 
13.2776 2.75342 
13.2681 2.75145 
13.1021 2.71702 
13.1513 2.72722 
12.907 2.67656 
13.1061 2.71785 
13.0634 2.709 
13.0968 2.71593 
12.8061 2.65565 
12.9272 2.68075 
12.9639 2.68838 
12.94 2.68342 
12.8627 2.66738 
12.8644 2.66772 
12.6114 2.61526 
12.2771 2.54595 
12.3643 2.56403 
12.0086 2.49026 
11.9908 2.48657 
11.572 2.39972 
11.3149 2.3464 
11.141 2.31034 
10.9388 2.26841 
10.5515 2.18811 
10.2124 2.11778 
10.2942 2.13474 
10.1914 2.11342 
10.1377 2.10228 


22.7438 11.3719 
22.3188 11.1594 
22.0664 11.0332 
21.6116 10.8058 
20.8968 10.4484 
20.5974 10.2987 
20.4858 10.2429 
20.6428 10.3214 
20.3726 10.1863 
20.3538 10.1769 
20.1927 10.0964 
20.0108 10.0054 
20.2285 10.1143 
20.2275 10.1137 
19.8821 9.94107 
19.71 9.85501 
20.056 10.028 
20.13 10.065 
19.9542 9.97712 
19.9758 9.98789 
20.2914 10.1457 
20.5093 10.2546 
20.9428 10.4714 
21.1028 10.5514 
21.4525 10.7263 
21.5957 10.7978 
21.6483 10.8241 
22.3621 11.181 
22.5441 11.2721 
23.2848 11.6424 
23.9288 11.9644 
24.8047 12.4024 
25.536 12.768 
26.5669 13.2834 
27.3901 13.695 
28.1398 14.0699 
28.6706 14.3353 
29.4337 14.7169 
29.332 14.666 
29.2431 14.6216 
30.1272 15.0636 
29.6954 14.8477 
30.3852 15.1926 
30.0687 15.0344 
29.6845 14.8423 
29.4682 14.7341 
29.4617 14.7308 
28.5409 14.2704 
28.3671 14.1836 
28.7223 14.3611 
29.3287 14.6643 
29.081 14.5405 
29.3628 14.6814 
29.5619 14.7809 
28.9506 14.4753 
29.5448 14.7724 
29.0816 14.5408 
28.6354 14.3177 
29.1061 14.553 
28.7779 14.3889 
28.4525 14.2262 
28.4108 14.2054 
28.7054 14.3527 
28.4819 14.2409 
28.8164 14.4082 
29.0419 14.521 
28.8839 14.442 
28.8626 14.4313 
29.3699 14.6849 
29.3488 14.6744 
28.9815 14.4908 
29.0904 14.5452 
28.55 14.275 
28.9904 14.4952 
28.896 14.448 
28.9699 14.4849 
28.3269 14.1635 
28.5946 14.2973 
28.676 14.338 
28.6232 14.3116 
28.452 14.226 
28.4557 14.2279 
27.8961 13.9481 
27.1568 13.5784 
27.3497 13.6748 
26.5627 13.2814 
26.5235 13.2617 
25.597 12.7985 
25.0283 12.5141 
24.6436 12.3218 
24.1963 12.0982 
23.3398 11.6699 
22.5896 11.2948 
22.7706 11.3853 
22.5432 11.2716 
22.4243 11.2122 


28.0981 7.10745 
27.573 6.97463 
27.2611 6.89573 
26.6994 6.75364 
25.8162 6.53024 
25.4464 6.4367 
25.3085 6.40181 
25.5025 6.45088 
25.1686 6.36643 
25.1454 6.36056 
24.9464 6.31023 
24.7216 6.25336 
24.9907 6.32142 
24.9894 6.32108 
24.5627 6.21317 
24.3501 6.15938 
24.7775 6.26751 
24.8689 6.29062 
24.6518 6.2357 
24.6784 6.24243 
25.0684 6.34107 
25.3375 6.40914 
25.8731 6.54463 
26.0707 6.59461 
26.5028 6.70391 
26.6797 6.74865 
26.7447 6.76509 
27.6265 6.98814 
27.8514 7.04504 
28.7664 7.27649 
29.5621 7.47775 
30.6442 7.75148 
31.5476 7.98001 
32.8211 8.30214 
33.8381 8.55939 
34.7644 8.79368 
35.4201 8.95956 
36.3629 9.19804 
36.2372 9.16624 
36.1275 9.13848 
37.2196 9.41475 
36.6862 9.27982 
37.5384 9.49537 
37.1474 9.39647 
36.6728 9.27641 
36.4055 9.20881 
36.3975 9.20678 
35.2599 8.91902 
35.0452 8.86473 
35.484 8.97571 
36.2331 9.16521 
35.9271 9.0878 
36.2753 9.17588 
36.5212 9.23809 
35.7661 9.04707 
36.5002 9.23276 
35.9279 9.08799 
35.3767 8.94858 
35.9581 9.09565 
35.5527 8.99309 
35.1507 8.8914 
35.0992 8.87837 
35.4631 8.97044 
35.187 8.90059 
35.6003 9.00514 
35.8789 9.0756 
35.6837 9.02622 
35.6574 9.01957 
36.284 9.17808 
36.2579 9.17149 
35.8043 9.05673 
35.9387 9.09074 
35.2711 8.92186 
35.8153 9.05951 
35.6986 9.03001 
35.7899 9.05309 
34.9956 8.85217 
35.3263 8.93582 
35.4268 8.96125 
35.3615 8.94473 
35.1501 8.89126 
35.1547 8.89241 
34.4633 8.71754 
33.5499 8.48648 
33.7883 8.54678 
32.816 8.30085 
32.7675 8.28858 
31.6229 7.99906 
30.9204 7.82134 
30.4452 7.70114 
29.8925 7.56135 
28.8344 7.29369 
27.9076 7.05926 
28.1311 7.1158 
27.8502 7.04474 
27.7034 7.0076 


0.94766 0.94766 
0.92995 0.92995 
0.919431 0.919431 
0.900485 0.900485 
0.870699 0.870699 
0.858226 0.858226 
0.853575 0.853575 
0.860117 0.860117 
0.848858 0.848858 
0.848075 0.848075 
0.841364 0.841364 
0.833781 0.833781 
0.842856 0.842856 
0.842811 0.842811 
0.828422 0.828422 
0.821251 0.821251 
0.835668 0.835668 
0.838749 0.838749 
0.831426 0.831426 
0.832324 0.832324 
0.845476 0.845476 
0.854553 0.854553 
0.872618 0.872618 
0.879281 0.879281 
0.893855 0.893855 
0.89982 0.89982 
0.902012 0.902012 
0.931752 0.931752 
0.939339 0.939339 
0.970199 0.970199 
0.997034 0.997034 
1.03353 1.03353 
1.064 1.064 
1.10695 1.10695 
1.14125 1.14125 
1.17249 1.17249 
1.19461 1.19461 
1.22641 1.22641 
1.22216 1.22216 
1.21846 1.21846 
1.2553 1.2553 
1.23731 1.23731 
1.26605 1.26605 
1.25286 1.25286 
1.23686 1.23686 
1.22784 1.22784 
1.22757 1.22757 
1.1892 1.1892 
1.18196 1.18196 
1.19676 1.19676 
1.22203 1.22203 
1.21171 1.21171 
1.22345 1.22345 
1.23175 1.23175 
1.20628 1.20628 
1.23104 1.23104 
1.21173 1.21173 
1.19314 1.19314 
1.21275 1.21275 
1.19908 1.19908 
1.18552 1.18552 
1.18378 1.18378 
1.19606 1.19606 
1.18674 1.18674 
1.20069 1.20069 
1.21008 1.21008 
1.2035 1.2035 
1.20261 1.20261 
1.22374 1.22374 
1.22287 1.22287 
1.20756 1.20756 
1.2121 1.2121 
1.18958 1.18958 
1.20794 1.20794 
1.204 1.204 
1.20708 1.20708 
1.18029 1.18029 
1.19144 1.19144 
1.19483 1.19483 
1.19263 1.19263 
1.1855 1.1855 
1.18565 1.18565 
1.16234 1.16234 
1.13153 1.13153 
1.13957 1.13957 
1.10678 1.10678 
1.10514 1.10514 
1.06654 1.06654 
1.04285 1.04285 
1.02682 1.02682 
1.00818 1.00818 
0.972492 0.972492 
0.941235 0.941235 
0.948774 0.948774 
0.939299 0.939299 
0.934346 0.934346 


14.8498 2.09433 
14.5723 2.05519 
14.4075 2.03194 
14.1106 1.99007 
13.6438 1.92424 
13.4484 1.89668 
13.3755 1.8864 
13.478 1.90086 
13.3016 1.87598 
13.2893 1.87425 
13.1842 1.85941 
13.0654 1.84266 
13.2076 1.86271 
13.2069 1.86261 
12.9814 1.83081 
12.869 1.81497 
13.0949 1.84683 
13.1432 1.85363 
13.0284 1.83745 
13.0425 1.83944 
13.2486 1.8685 
13.3908 1.88856 
13.6739 1.92848 
13.7783 1.94321 
14.0067 1.97542 
14.1002 1.9886 
14.1345 1.99345 
14.6006 2.05917 
14.7194 2.07594 
15.203 2.14414 
15.6235 2.20344 
16.1954 2.2841 
16.6729 2.35144 
17.3459 2.44637 
17.8834 2.52217 
18.3729 2.59121 
18.7195 2.64008 
19.2178 2.71036 
19.1513 2.70098 
19.0933 2.6928 
19.6706 2.77421 
19.3886 2.73446 
19.839 2.79797 
19.6324 2.76883 
19.3815 2.73345 
19.2403 2.71353 
19.236 2.71293 
18.6348 2.62814 
18.5214 2.61214 
18.7532 2.64484 
19.1492 2.70068 
18.9874 2.67787 
19.1715 2.70383 
19.3014 2.72216 
18.9023 2.66587 
19.2903 2.72059 
18.9878 2.67793 
18.6966 2.63685 
19.0039 2.68019 
18.7896 2.64996 
18.5771 2.62 
18.5499 2.61616 
18.7422 2.64329 
18.5963 2.62271 
18.8147 2.65351 
18.962 2.67428 
18.8588 2.65973 
18.8449 2.65777 
19.1761 2.70447 
19.1623 2.70253 
18.9225 2.66872 
18.9936 2.67874 
18.6407 2.62897 
18.9283 2.66954 
18.8667 2.66084 
18.9149 2.66764 
18.4951 2.60844 
18.6699 2.63309 
18.723 2.64058 
18.6885 2.63572 
18.5768 2.61996 
18.5792 2.6203 
18.2138 2.56877 
17.7311 2.50068 
17.8571 2.51845 
17.3432 2.44598 
17.3176 2.44237 
16.7127 2.35706 
16.3414 2.30469 
16.0902 2.26927 
15.7982 2.22808 
15.239 2.14921 
14.7492 2.08013 
14.8673 2.09679 
14.7188 2.07585 
14.6412 2.06491 


0.94766 0.94766 
0.92995 0.92995 
0.919431 0.919431 
0.900485 0.900485 
0.870699 0.870699 
0.858226 0.858226 
0.853575 0.853575 
0.860117 0.860117 
0.848858 0.848858 
0.848075 0.848075 
0.841364 0.841364 
0.833781 0.833781 
0.842856 0.842856 
0.842811 0.842811 
0.828422 0.828422 
0.821251 0.821251 
0.835668 0.835668 
0.838749 0.838749 
0.831426 0.831426 
0.832324 0.832324 
0.845476 0.845476 
0.854553 0.854553 
0.872618 0.872618 
0.879281 0.879281 
0.893855 0.893855 
0.89982 0.89982 
0.902012 0.902012 
0.931752 0.931752 
0.939339 0.939339 
0.970199 0.970199 
0.997034 0.997034 
1.03353 1.03353 
1.064 1.064 
1.10695 1.10695 
1.14125 1.14125 
1.17249 1.17249 
1.19461 1.19461 
1.22641 1.22641 
1.22216 1.22216 
1.21846 1.21846 
1.2553 1.2553 
1.23731 1.23731 
1.26605 1.26605 
1.25286 1.25286 
1.23686 1.23686 
1.22784 1.22784 
1.22757 1.22757 
1.1892 1.1892 
1.18196 1.18196 
1.19676 1.19676 
1.22203 1.22203 
1.21171 1.21171 
1.22345 1.22345 
1.23175 1.23175 
1.20628 1.20628 
1.23104 1.23104 
1.21173 1.21173 
1.19314 1.19314 
1.21275 1.21275 
1.19908 1.19908 
1.18552 1.18552 
1.18378 1.18378 
1.19606 1.19606 
1.18674 1.18674 
1.20069 1.20069 
1.21008 1.21008 
1.2035 1.2035 
1.20261 1.20261 
1.22374 1.22374 
1.22287 1.22287 
1.20756 1.20756 
1.2121 1.2121 
1.18958 1.18958 
1.20794 1.20794 
1.204 1.204 
1.20708 1.20708 
1.18029 1.18029 
1.19144 1.19144 
1.19483 1.19483 
1.19263 1.19263 
1.1855 1.1855 
1.18565 1.18565 
1.16234 1.16234 
1.13153 1.13153 
1.13957 1.13957 
1.10678 1.10678 
1.10514 1.10514 
1.06654 1.06654 
1.04285 1.04285 
1.02682 1.02682 
1.00818 1.00818 
0.972492 0.972492 
0.941235 0.941235 
0.948774 0.948774 
0.939299 0.939299 
0.934346 0.934346 


14.6413 0.663362 
14.3677 0.650965 
14.2052 0.643602 
13.9125 0.630339 
13.4523 0.609489 
13.2596 0.600758 
13.1877 0.597502 
13.2888 0.602082 
13.1148 0.5942 
13.1028 0.593653 
12.9991 0.588955 
12.8819 0.583647 
13.0221 0.589999 
13.0214 0.589968 
12.7991 0.579896 
12.6883 0.574876 
12.9111 0.584967 
12.9587 0.587124 
12.8455 0.581998 
12.8594 0.582627 
13.0626 0.591833 
13.2028 0.598187 
13.4819 0.610832 
13.5849 0.615497 
13.8101 0.625698 
13.9022 0.629874 
13.9361 0.631409 
14.3956 0.652227 
14.5128 0.657537 
14.9896 0.679139 
15.4042 0.697924 
15.9681 0.723472 
16.4388 0.744801 
17.1024 0.774867 
17.6324 0.798877 
18.115 0.820744 
18.4567 0.836225 
18.948 0.858483 
18.8824 0.855515 
18.8253 0.852925 
19.3944 0.87871 
19.1164 0.866117 
19.5605 0.886235 
19.3567 0.877004 
19.1094 0.865799 
18.9701 0.859489 
18.966 0.859299 
18.3732 0.832442 
18.2613 0.827375 
18.49 0.837733 
18.8803 0.855419 
18.7209 0.848194 
18.9023 0.856416 
19.0305 0.862221 
18.637 0.844393 
19.0195 0.861725 
18.7213 0.848213 
18.4341 0.835201 
18.737 0.848928 
18.5258 0.839355 
18.3163 0.829864 
18.2894 0.828648 
18.4791 0.837241 
18.3352 0.830721 
18.5506 0.840479 
18.6957 0.847056 
18.594 0.842447 
18.5803 0.841827 
18.9068 0.856621 
18.8933 0.856005 
18.6569 0.845295 
18.7269 0.848469 
18.379 0.832707 
18.6626 0.845554 
18.6018 0.842801 
18.6494 0.844955 
18.2355 0.826202 
18.4078 0.83401 
18.4602 0.836384 
18.4262 0.834842 
18.316 0.829851 
18.3184 0.829958 
17.9581 0.813637 
17.4822 0.792072 
17.6064 0.797699 
17.0998 0.774746 
17.0745 0.773601 
16.4781 0.746579 
16.112 0.729992 
15.8643 0.718773 
15.5764 0.705726 
15.025 0.680745 
14.5421 0.658864 
14.6586 0.664142 
14.5122 0.657509 
14.4356 0.654042 


8.72795 1.48783 
8.56484 1.46002 
8.46796 1.44351 
8.29347 1.41376 
8.01914 1.367 
7.90426 1.34742 
7.86143 1.34011 
7.92168 1.35038 
7.81798 1.33271 
7.81077 1.33148 
7.74896 1.32094 
7.67913 1.30904 
7.76271 1.32328 
7.76229 1.32321 
7.62977 1.30062 
7.56372 1.28936 
7.6965 1.312 
7.72488 1.31684 
7.65744 1.30534 
7.6657 1.30675 
7.78684 1.3274 
7.87043 1.34165 
8.03681 1.37001 
8.09818 1.38047 
8.2324 1.40335 
8.28734 1.41272 
8.30754 1.41616 
8.58144 1.46285 
8.65131 1.47476 
8.93553 1.52321 
9.18268 1.56534 
9.51882 1.62264 
9.79945 1.67048 
10.195 1.73792 
10.5109 1.79177 
10.7986 1.84081 
11.0023 1.87553 
11.2952 1.92546 
11.2561 1.9188 
11.2221 1.91299 
11.5613 1.97082 
11.3956 1.94258 
11.6603 1.9877 
11.5389 1.96699 
11.3914 1.94186 
11.3084 1.92771 
11.3059 1.92728 
10.9526 1.86705 
10.8859 1.85568 
11.0222 1.87892 
11.2549 1.91858 
11.1598 1.90238 
11.268 1.92082 
11.3444 1.93384 
11.1098 1.89385 
11.3378 1.93272 
11.1601 1.90242 
10.9889 1.87324 
11.1695 1.90402 
11.0435 1.88255 
10.9186 1.86127 
10.9026 1.85854 
11.0157 1.87781 
10.9299 1.86319 
11.0583 1.88508 
11.1448 1.89983 
11.0842 1.88949 
11.076 1.8881 
11.2707 1.92128 
11.2626 1.9199 
11.1217 1.89588 
11.1634 1.903 
10.956 1.86764 
11.1251 1.89646 
11.0889 1.89028 
11.1172 1.89511 
10.8705 1.85305 
10.9732 1.87056 
11.0044 1.87589 
10.9841 1.87243 
10.9185 1.86124 
10.9199 1.86148 
10.7051 1.82487 
10.4214 1.7765 
10.4954 1.78912 
10.1934 1.73764 
10.1784 1.73508 
9.82284 1.67447 
9.6046 1.63727 
9.457 1.61211 
9.28534 1.58284 
8.95666 1.52681 
8.66877 1.47774 
8.73821 1.48957 
8.65094 1.4747 
8.60533 1.46692 


8.72795 1.48783 
8.56484 1.46002 
8.46796 1.44351 
8.29347 1.41376 
8.01914 1.367 
7.90426 1.34742 
7.86143 1.34011 
7.92168 1.35038 
7.81798 1.33271 
7.81077 1.33148 
7.74896 1.32094 
7.67913 1.30904 
7.76271 1.32328 
7.76229 1.32321 
7.62977 1.30062 
7.56372 1.28936 
7.6965 1.312 
7.72488 1.31684 
7.65744 1.30534 
7.6657 1.30675 
7.78684 1.3274 
7.87043 1.34165 
8.03681 1.37001 
8.09818 1.38047 
8.2324 1.40335 
8.28734 1.41272 
8.30754 1.41616 
8.58144 1.46285 
8.65131 1.47476 
8.93553 1.52321 
9.18268 1.56534 
9.51882 1.62264 
9.79945 1.67048 
10.195 1.73792 
10.5109 1.79177 
10.7986 1.84081 
11.0023 1.87553 
11.2952 1.92546 
11.2561 1.9188 
11.2221 1.91299 
11.5613 1.97082 
11.3956 1.94258 
11.6603 1.9877 
11.5389 1.96699 
11.3914 1.94186 
11.3084 1.92771 
11.3059 1.92728 
10.9526 1.86705 
10.8859 1.85568 
11.0222 1.87892 
11.2549 1.91858 
11.1598 1.90238 
11.268 1.92082 
11.3444 1.93384 
11.1098 1.89385 
11.3378 1.93272 
11.1601 1.90242 
10.9889 1.87324 
11.1695 1.90402 
11.0435 1.88255 
10.9186 1.86127 
10.9026 1.85854 
11.0157 1.87781 
10.9299 1.86319 
11.0583 1.88508 
11.1448 1.89983 
11.0842 1.88949 
11.076 1.8881 
11.2707 1.92128 
11.2626 1.9199 
11.1217 1.89588 
11.1634 1.903 
10.956 1.86764 
11.1251 1.89646 
11.0889 1.89028 
11.1172 1.89511 
10.8705 1.85305 
10.9732 1.87056 
11.0044 1.87589 
10.9841 1.87243 
10.9185 1.86124 
10.9199 1.86148 
10.7051 1.82487 
10.4214 1.7765 
10.4954 1.78912 
10.1934 1.73764 
10.1784 1.73508 
9.82284 1.67447 
9.6046 1.63727 
9.457 1.61211 
9.28534 1.58284 
8.95666 1.52681 
8.66877 1.47774 
8.73821 1.48957 
8.65094 1.4747 
8.60533 1.46692 


14.8498 2.09433 
14.5723 2.05519 
14.4075 2.03194 
14.1106 1.99007 
13.6438 1.92424 
13.4484 1.89668 
13.3755 1.8864 
13.478 1.90086 
13.3016 1.87598 
13.2893 1.87425 
13.1842 1.85941 
13.0654 1.84266 
13.2076 1.86271 
13.2069 1.86261 
12.9814 1.83081 
12.869 1.81497 
13.0949 1.84683 
13.1432 1.85363 
13.0284 1.83745 
13.0425 1.83944 
13.2486 1.8685 
13.3908 1.88856 
13.6739 1.92848 
13.7783 1.94321 
14.0067 1.97542 
14.1002 1.9886 
14.1345 1.99345 
14.6006 2.05917 
14.7194 2.07594 
15.203 2.14414 
15.6235 2.20344 
16.1954 2.2841 
16.6729 2.35144 
17.3459 2.44637 
17.8834 2.52217 
18.3729 2.59121 
18.7195 2.64008 
19.2178 2.71036 
19.1513 2.70098 
19.0933 2.6928 
19.6706 2.77421 
19.3886 2.73446 
19.839 2.79797 
19.6324 2.76883 
19.3815 2.73345 
19.2403 2.71353 
19.236 2.71293 
18.6348 2.62814 
18.5214 2.61214 
18.7532 2.64484 
19.1492 2.70068 
18.9874 2.67787 
19.1715 2.70383 
19.3014 2.72216 
18.9023 2.66587 
19.2903 2.72059 
18.9878 2.67793 
18.6966 2.63685 
19.0039 2.68019 
18.7896 2.64996 
18.5771 2.62 
18.5499 2.61616 
18.7422 2.64329 
18.5963 2.62271 
18.8147 2.65351 
18.962 2.67428 
18.8588 2.65973 
18.8449 2.65777 
19.1761 2.70447 
19.1623 2.70253 
18.9225 2.66872 
18.9936 2.67874 
18.6407 2.62897 
18.9283 2.66954 
18.8667 2.66084 
18.9149 2.66764 
18.4951 2.60844 
18.6699 2.63309 
18.723 2.64058 
18.6885 2.63572 
18.5768 2.61996 
18.5792 2.6203 
18.2138 2.56877 
17.7311 2.50068 
17.8571 2.51845 
17.3432 2.44598 
17.3176 2.44237 
16.7127 2.35706 
16.3414 2.30469 
16.0902 2.26927 
15.7982 2.22808 
15.239 2.14921 
14.7492 2.08013 
14.8673 2.09679 
14.7188 2.07585 
14.6412 2.06491 


0.94766 0.94766 
0.92995 0.92995 
0.919431 0.919431 
0.900485 0.900485 
0.870699 0.870699 
0.858226 0.858226 
0.853575 0.853575 
0.860117 0.860117 
0.848858 0.848858 
0.848075 0.848075 
0.841364 0.841364 
0.833781 0.833781 
0.842856 0.842856 
0.842811 0.842811 
0.828422 0.828422 
0.821251 0.821251 
0.835668 0.835668 
0.838749 0.838749 
0.831426 0.831426 
0.832324 0.832324 
0.845476 0.845476 
0.854553 0.854553 
0.872618 0.872618 
0.879281 0.879281 
0.893855 0.893855 
0.89982 0.89982 
0.902012 0.902012 
0.931752 0.931752 
0.939339 0.939339 
0.970199 0.970199 
0.997034 0.997034 
1.03353 1.03353 
1.064 1.064 
1.10695 1.10695 
1.14125 1.14125 
1.17249 1.17249 
1.19461 1.19461 
1.22641 1.22641 
1.22216 1.22216 
1.21846 1.21846 
1.2553 1.2553 
1.23731 1.23731 
1.26605 1.26605 
1.25286 1.25286 
1.23686 1.23686 
1.22784 1.22784 
1.22757 1.22757 
1.1892 1.1892 
1.18196 1.18196 
1.19676 1.19676 
1.22203 1.22203 
1.21171 1.21171 
1.22345 1.22345 
1.23175 1.23175 
1.20628 1.20628 
1.23104 1.23104 
1.21173 1.21173 
1.19314 1.19314 
1.21275 1.21275 
1.19908 1.19908 
1.18552 1.18552 
1.18378 1.18378 
1.19606 1.19606 
1.18674 1.18674 
1.20069 1.20069 
1.21008 1.21008 
1.2035 1.2035 
1.20261 1.20261 
1.22374 1.22374 
1.22287 1.22287 
1.20756 1.20756 
1.2121 1.2121 
1.18958 1.18958 
1.20794 1.20794 
1.204 1.204 
1.20708 1.20708 
1.18029 1.18029 
1.19144 1.19144 
1.19483 1.19483 
1.19263 1.19263 
1.1855 1.1855 
1.18565 1.18565 
1.16234 1.16234 
1.13153 1.13153 
1.13957 1.13957 
1.10678 1.10678 
1.10514 1.10514 
1.06654 1.06654 
1.04285 1.04285 
1.02682 1.02682 
1.00818 1.00818 
0.972492 0.972492 
0.941235 0.941235 
0.948774 0.948774 
0.939299 0.939299 
0.934346 0.934346 


8.59528 1.76265 
8.43465 1.72971 
8.33924 1.71014 
8.1674 1.6749 
7.89724 1.6195 
7.78411 1.5963 
7.74193 1.58765 
7.80127 1.59982 
7.69914 1.57887 
7.69204 1.57742 
7.63117 1.56494 
7.5624 1.55083 
7.64471 1.56771 
7.6443 1.56763 
7.51379 1.54087 
7.44875 1.52753 
7.5795 1.55434 
7.60745 1.56007 
7.54104 1.54645 
7.54918 1.54812 
7.66847 1.57259 
7.75079 1.58947 
7.91464 1.62307 
7.97508 1.63546 
8.10726 1.66257 
8.16137 1.67367 
8.18125 1.67774 
8.451 1.73306 
8.5198 1.74717 
8.7997 1.80457 
9.0431 1.85448 
9.37413 1.92237 
9.65049 1.97904 
10.0401 2.05893 
10.3512 2.12273 
10.6345 2.18083 
10.8351 2.22197 
11.1235 2.28111 
11.085 2.27323 
11.0515 2.26634 
11.3856 2.33486 
11.2224 2.3014 
11.4831 2.35485 
11.3635 2.33032 
11.2183 2.30055 
11.1365 2.28378 
11.1341 2.28328 
10.7861 2.21192 
10.7204 2.19845 
10.8546 2.22598 
11.0838 2.27297 
10.9902 2.25377 
11.0967 2.27562 
11.1719 2.29105 
10.9409 2.24367 
11.1655 2.28973 
10.9904 2.25382 
10.8218 2.21925 
10.9997 2.25572 
10.8756 2.23029 
10.7527 2.20507 
10.7369 2.20184 
10.8483 2.22467 
10.7638 2.20735 
10.8902 2.23327 
10.9754 2.25075 
10.9157 2.2385 
10.9077 2.23685 
11.0994 2.27616 
11.0914 2.27453 
10.9526 2.24607 
10.9937 2.2545 
10.7895 2.21262 
10.956 2.24676 
10.9203 2.23944 
10.9482 2.24517 
10.7052 2.19534 
10.8064 2.21608 
10.8371 2.22239 
10.8172 2.21829 
10.7525 2.20503 
10.7539 2.20532 
10.5424 2.16195 
10.263 2.10465 
10.3359 2.1196 
10.0385 2.05861 
10.0237 2.05557 
9.67353 1.98377 
9.4586 1.93969 
9.31325 1.90988 
9.14419 1.87521 
8.82051 1.80884 
8.537 1.7507 
8.60538 1.76472 
8.51944 1.7471 
8.47452 1.73788 


0.94766 0.94766 
0.92995 0.92995 
0.919431 0.919431 
0.900485 0.900485 
0.870699 0.870699 
0.858226 0.858226 
0.853575 0.853575 
0.860117 0.860117 
0.848858 0.848858 
0.848075 0.848075 
0.841364 0.841364 
0.833781 0.833781 
0.842856 0.842856 
0.842811 0.842811 
0.828422 0.828422 
0.821251 0.821251 
0.835668 0.835668 
0.838749 0.838749 
0.831426 0.831426 
0.832324 0.832324 
0.845476 0.845476 
0.854553 0.854553 
0.872618 0.872618 
0.879281 0.879281 
0.893855 0.893855 
0.89982 0.89982 
0.902012 0.902012 
0.931752 0.931752 
0.939339 0.939339 
0.970199 0.970199 
0.997034 0.997034 
1.03353 1.03353 
1.064 1.064 
1.10695 1.10695 
1.14125 1.14125 
1.17249 1.17249 
1.19461 1.19461 
1.22641 1.22641 
1.22216 1.22216 
1.21846 1.21846 
1.2553 1.2553 
1.23731 1.23731 
1.26605 1.26605 
1.25286 1.25286 
1.23686 1.23686 
1.22784 1.22784 
1.22757 1.22757 
1.1892 1.1892 
1.18196 1.18196 
1.19676 1.19676 
1.22203 1.22203 
1.21171 1.21171 
1.22345 1.22345 
1.23175 1.23175 
1.20628 1.20628 
1.23104 1.23104 
1.21173 1.21173 
1.19314 1.19314 
1.21275 1.21275 
1.19908 1.19908 
1.18552 1.18552 
1.18378 1.18378 
1.19606 1.19606 
1.18674 1.18674 
1.20069 1.20069 
1.21008 1.21008 
1.2035 1.2035 
1.20261 1.20261 
1.22374 1.22374 
1.22287 1.22287 
1.20756 1.20756 
1.2121 1.2121 
1.18958 1.18958 
1.20794 1.20794 
1.204 1.204 
1.20708 1.20708 
1.18029 1.18029 
1.19144 1.19144 
1.19483 1.19483 
1.19263 1.19263 
1.1855 1.1855 
1.18565 1.18565 
1.16234 1.16234 
1.13153 1.13153 
1.13957 1.13957 
1.10678 1.10678 
1.10514 1.10514 
1.06654 1.06654 
1.04285 1.04285 
1.02682 1.02682 
1.00818 1.00818 
0.972492 0.972492 
0.941235 0.941235 
0.948774 0.948774 
0.939299 0.939299 
0.934346 0.934346 


14.6413 0.663362 
14.3677 0.650965 
14.2052 0.643602 
13.9125 0.630339 
13.4523 0.609489 
13.2596 0.600758 
13.1877 0.597502 
13.2888 0.602082 
13.1148 0.5942 
13.1028 0.593653 
12.9991 0.588955 
12.8819 0.583647 
13.0221 0.589999 
13.0214 0.589968 
12.7991 0.579896 
12.6883 0.574876 
12.9111 0.584967 
12.9587 0.587124 
12.8455 0.581998 
12.8594 0.582627 
13.0626 0.591833 
13.2028 0.598187 
13.4819 0.610832 
13.5849 0.615497 
13.8101 0.625698 
13.9022 0.629874 
13.9361 0.631409 
14.3956 0.652227 
14.5128 0.657537 
14.9896 0.679139 
15.4042 0.697924 
15.9681 0.723472 
16.4388 0.744801 
17.1024 0.774867 
17.6324 0.798877 
18.115 0.820744 
18.4567 0.836225 
18.948 0.858483 
18.8824 0.855515 
18.8253 0.852925 
19.3944 0.87871 
19.1164 0.866117 
19.5605 0.886235 
19.3567 0.877004 
19.1094 0.865799 
18.9701 0.859489 
18.966 0.859299 
18.3732 0.832442 
18.2613 0.827375 
18.49 0.837733 
18.8803 0.855419 
18.7209 0.848194 
18.9023 0.856416 
19.0305 0.862221 
18.637 0.844393 
19.0195 0.861725 
18.7213 0.848213 
18.4341 0.835201 
18.737 0.848928 
18.5258 0.839355 
18.3163 0.829864 
18.2894 0.828648 
18.4791 0.837241 
18.3352 0.830721 
18.5506 0.840479 
18.6957 0.847056 
18.594 0.842447 
18.5803 0.841827 
18.9068 0.856621 
18.8933 0.856005 
18.6569 0.845295 
18.7269 0.848469 
18.379 0.832707 
18.6626 0.845554 
18.6018 0.842801 
18.6494 0.844955 
18.2355 0.826202 
18.4078 0.83401 
18.4602 0.836384 
18.4262 0.834842 
18.316 0.829851 
18.3184 0.829958 
17.9581 0.813637 
17.4822 0.792072 
17.6064 0.797699 
17.0998 0.774746 
17.0745 0.773601 
16.4781 0.746579 
16.112 0.729992 
15.8643 0.718773 
15.5764 0.705726 
15.025 0.680745 
14.5421 0.658864 
14.6586 0.664142 
14.5122 0.657509 
14.4356 0.654042 


8.59528 1.76265 
8.43465 1.72971 
8.33924 1.71014 
8.1674 1.6749 
7.89724 1.6195 
7.78411 1.5963 
7.74193 1.58765 
7.80127 1.59982 
7.69914 1.57887 
7.69204 1.57742 
7.63117 1.56494 
7.5624 1.55083 
7.64471 1.56771 
7.6443 1.56763 
7.51379 1.54087 
7.44875 1.52753 
7.5795 1.55434 
7.60745 1.56007 
7.54104 1.54645 
7.54918 1.54812 
7.66847 1.57259 
7.75079 1.58947 
7.91464 1.62307 
7.97508 1.63546 
8.10726 1.66257 
8.16137 1.67367 
8.18125 1.67774 
8.451 1.73306 
8.5198 1.74717 
8.7997 1.80457 
9.0431 1.85448 
9.37413 1.92237 
9.65049 1.97904 
10.0401 2.05893 
10.3512 2.12273 
10.6345 2.18083 
10.8351 2.22197 
11.1235 2.28111 
11.085 2.27323 
11.0515 2.26634 
11.3856 2.33486 
11.2224 2.3014 
11.4831 2.35485 
11.3635 2.33032 
11.2183 2.30055 
11.1365 2.28378 
11.1341 2.28328 
10.7861 2.21192 
10.7204 2.19845 
10.8546 2.22598 
11.0838 2.27297 
10.9902 2.25377 
11.0967 2.27562 
11.1719 2.29105 
10.9409 2.24367 
11.1655 2.28973 
10.9904 2.25382 
10.8218 2.21925 
10.9997 2.25572 
10.8756 2.23029 
10.7527 2.20507 
10.7369 2.20184 
10.8483 2.22467 
10.7638 2.20735 
10.8902 2.23327 
10.9754 2.25075 
10.9157 2.2385 
10.9077 2.23685 
11.0994 2.27616 
11.0914 2.27453 
10.9526 2.24607 
10.9937 2.2545 
10.7895 2.21262 
10.956 2.24676 
10.9203 2.23944 
10.9482 2.24517 
10.7052 2.19534 
10.8064 2.21608 
10.8371 2.22239 
10.8172 2.21829 
10.7525 2.20503 
10.7539 2.20532 
10.5424 2.16195 
10.263 2.10465 
10.3359 2.1196 
10.0385 2.05861 
10.0237 2.05557 
9.67353 1.98377 
9.4586 1.93969 
9.31325 1.90988 
9.14419 1.87521 
8.82051 1.80884 
8.537 1.7507 
8.60538 1.76472 
8.51944 1.7471 
8.47452 1.73788 


24.516 6.03659 
24.0578 5.92378 
23.7857 5.85678 
23.2955 5.73609 
22.525 5.54635 
22.2023 5.4669 
22.082 5.43727 
22.2512 5.47895 
21.9599 5.40722 
21.9397 5.40224 
21.7661 5.35949 
21.5699 5.31119 
21.8047 5.36899 
21.8035 5.36871 
21.4313 5.27705 
21.2458 5.23137 
21.6187 5.3232 
21.6984 5.34283 
21.509 5.29619 
21.5322 5.3019 
21.8725 5.38568 
22.1073 5.4435 
22.5746 5.55857 
22.747 5.60102 
23.124 5.69386 
23.2783 5.73185 
23.3351 5.74582 
24.1044 5.93526 
24.3007 5.98359 
25.099 6.18017 
25.7933 6.3511 
26.7375 6.58359 
27.5257 6.77769 
28.6369 7.05129 
29.5242 7.26978 
30.3323 7.46877 
30.9045 7.60965 
31.7271 7.8122 
31.6174 7.78519 
31.5217 7.76161 
32.4746 7.99626 
32.0092 7.88166 
32.7527 8.06474 
32.4116 7.98073 
31.9974 7.87877 
31.7643 7.82135 
31.7572 7.81962 
30.7647 7.57522 
30.5774 7.52911 
30.9602 7.62337 
31.6139 7.78432 
31.3468 7.71857 
31.6507 7.79338 
31.8652 7.84622 
31.2064 7.68398 
31.8469 7.84169 
31.3475 7.71874 
30.8666 7.60033 
31.3739 7.72524 
31.0202 7.63813 
30.6694 7.55176 
30.6245 7.54069 
30.942 7.61889 
30.7011 7.55957 
31.0617 7.64836 
31.3048 7.70821 
31.1344 7.66627 
31.1115 7.66063 
31.6583 7.79525 
31.6355 7.78965 
31.2397 7.69218 
31.357 7.72107 
30.7745 7.57763 
31.2493 7.69455 
31.1475 7.66949 
31.2271 7.68909 
30.5341 7.51844 
30.8226 7.58949 
30.9103 7.61109 
30.8534 7.59706 
30.6689 7.55164 
30.6729 7.55262 
30.0697 7.4041 
29.2727 7.20785 
29.4807 7.25906 
28.6324 7.05019 
28.5901 7.03977 
27.5914 6.79387 
26.9784 6.64292 
26.5638 6.54084 
26.0816 6.42211 
25.1584 6.19478 
24.3497 5.99567 
24.5448 6.04369 
24.2997 5.98333 
24.1715 5.95179 


