-159.063 -47.5695 
-157.165 -47.0018 
-156.575 -46.8252 
-153.365 -45.8652 
-146.579 -43.836 
-146.842 -43.9146 
-146.759 -43.8897 
-143.846 -43.0185 
-144.73 -43.2829 
-141.896 -42.4355 
-143.209 -42.8282 
-143.942 -43.0473 
-142.346 -42.5699 
-144.023 -43.0715 
-139.366 -41.6787 
-140.332 -41.9677 
-140.678 -42.0711 
-140.803 -42.1085 
-140.805 -42.1091 
-143.731 -42.9841 
-143.328 -42.8635 
-145.37 -43.4742 
-148.861 -44.5183 
-149.863 -44.8181 
-151.968 -45.4476 
-154.624 -46.2419 
-154.37 -46.1659 
-158.8 -47.4907 
-159.935 -47.8302 
-163.648 -48.9404 
-168.608 -50.424 
-174.169 -52.087 
-182.138 -54.4701 
-186.578 -55.7981 
-194.165 -58.0669 
-197.678 -59.1174 
-203.063 -60.728 
-208.483 -62.3488 
-208.381 -62.3183 
-209.653 -62.6989 
-215.137 -64.3389 
-214.031 -64.008 
-214.118 -64.0341 
-211.759 -63.3286 
-209.987 -62.7986 
-209.702 -62.7134 
-209.94 -62.7847 
-204.495 -61.1563 
-201.743 -60.3332 
-200.84 -60.0631 
-206.322 -61.7028 
-205.359 -61.4147 
-207.441 -62.0372 
-206.828 -61.854 
-205.041 -61.3194 
-205.464 -61.446 
-205.652 -61.5022 
-204.831 -61.2569 
-203.757 -60.9357 
-200.282 -59.8964 
-203.294 -60.7971 
-203.432 -60.8384 
-203.045 -60.7225 
-201.8 -60.3503 
-203.673 -60.9106 
-206.77 -61.8366 
-204.76 -61.2356 
-206.2 -61.666 
-211.917 -63.3759 
-207.238 -61.9765 
-204.145 -61.0516 
-204.166 -61.0578 
-204.737 -61.2286 
-206.09 -61.6333 
-204.604 -61.1887 
-207.082 -61.93 
-201.776 -60.343 
-204.372 -61.1194 
-206.741 -61.8278 
-203.192 -60.7666 
-200.473 -59.9534 
-202.824 -60.6565 
-197.911 -59.1872 
-191.093 -57.1483 
-194.129 -58.0563 
-190.249 -56.8958 
-187.272 -56.0056 
-179.35 -53.6363 
-177.513 -53.0871 
-175.396 -52.4538 
-169.978 -50.8337 
-166.392 -49.7611 
-162.133 -48.4874 
-162.501 -48.5975 
-162.636 -48.6379 
-157.531 -47.1111 


-123.83 -37.4762 
-122.352 -37.0289 
-121.893 -36.8898 
-119.394 -36.1335 
-114.111 -34.5348 
-114.316 -34.5968 
-114.251 -34.5772 
-111.983 -33.8908 
-112.672 -34.0991 
-110.466 -33.4315 
-111.488 -33.7408 
-112.058 -33.9135 
-110.816 -33.5374 
-112.121 -33.9326 
-108.496 -32.8353 
-109.248 -33.063 
-109.517 -33.1444 
-109.614 -33.1739 
-109.616 -33.1743 
-111.894 -33.8637 
-111.58 -33.7687 
-113.17 -34.2498 
-115.887 -35.0724 
-116.668 -35.3086 
-118.307 -35.8045 
-120.374 -36.4302 
-120.177 -36.3704 
-123.625 -37.4141 
-124.509 -37.6816 
-127.399 -38.5562 
-131.261 -39.725 
-135.59 -41.0351 
-141.793 -42.9126 
-145.25 -43.9588 
-151.156 -45.7462 
-153.891 -46.5738 
-158.084 -47.8427 
-162.303 -49.1196 
-162.223 -49.0955 
-163.214 -49.3954 
-167.483 -50.6874 
-166.622 -50.4268 
-166.69 -50.4473 
-164.854 -49.8915 
-163.474 -49.4739 
-163.252 -49.4069 
-163.438 -49.463 
-159.199 -48.1802 
-157.056 -47.5317 
-156.353 -47.3189 
-160.621 -48.6106 
-159.871 -48.3837 
-161.492 -48.8741 
-161.015 -48.7298 
-159.623 -48.3086 
-159.953 -48.4084 
-160.099 -48.4526 
-159.46 -48.2593 
-158.624 -48.0063 
-155.919 -47.1875 
-158.264 -47.8971 
-158.371 -47.9297 
-158.069 -47.8383 
-157.1 -47.5451 
-158.559 -47.9865 
-160.969 -48.716 
-159.405 -48.2426 
-160.526 -48.5817 
-164.977 -49.9288 
-161.334 -48.8263 
-158.926 -48.0976 
-158.942 -48.1025 
-159.387 -48.2371 
-160.44 -48.5559 
-159.283 -48.2057 
-161.213 -48.7896 
-157.081 -47.5394 
-159.103 -48.1511 
-160.947 -48.7092 
-158.184 -47.8731 
-156.067 -47.2324 
-157.898 -47.7864 
-154.073 -46.6288 
-148.765 -45.0225 
-151.129 -45.7379 
-148.108 -44.8236 
-145.791 -44.1223 
-139.623 -42.2557 
-138.193 -41.823 
-136.545 -41.3242 
-132.327 -40.0478 
-129.535 -39.2028 
-126.22 -38.1993 
-126.506 -38.286 
-126.612 -38.3179 
-122.637 -37.1151 


0.953259 0.271025 
0.941883 0.26779 
0.938344 0.266784 
0.919107 0.261315 
0.878442 0.249753 
0.880018 0.250201 
0.879519 0.250059 
0.862059 0.245095 
0.867358 0.246602 
0.850377 0.241774 
0.858246 0.244011 
0.862637 0.24526 
0.853071 0.24254 
0.863123 0.245398 
0.835212 0.237462 
0.841004 0.239109 
0.843075 0.239698 
0.843824 0.239911 
0.843836 0.239914 
0.861371 0.2449 
0.858955 0.244213 
0.871192 0.247692 
0.892115 0.253641 
0.898123 0.255349 
0.910738 0.258935 
0.926655 0.263461 
0.925132 0.263028 
0.951679 0.270575 
0.958484 0.27251 
0.980731 0.278835 
1.01046 0.287288 
1.04379 0.296763 
1.09154 0.31034 
1.11815 0.317907 
1.16362 0.330833 
1.18467 0.336818 
1.21695 0.345995 
1.24943 0.355229 
1.24881 0.355055 
1.25644 0.357223 
1.28931 0.366567 
1.28268 0.364682 
1.2832 0.364831 
1.26906 0.360811 
1.25844 0.357791 
1.25673 0.357306 
1.25816 0.357712 
1.22553 0.348435 
1.20904 0.343745 
1.20362 0.342206 
1.23648 0.351548 
1.23071 0.349907 
1.24318 0.353453 
1.23951 0.35241 
1.2288 0.349364 
1.23134 0.350085 
1.23246 0.350405 
1.22754 0.349008 
1.22111 0.347178 
1.20028 0.341256 
1.21833 0.346388 
1.21916 0.346624 
1.21684 0.345963 
1.20938 0.343842 
1.2206 0.347035 
1.23916 0.35231 
1.22712 0.348886 
1.23574 0.351339 
1.27001 0.361081 
1.24197 0.353108 
1.22343 0.347838 
1.22356 0.347873 
1.22698 0.348847 
1.23509 0.351153 
1.22618 0.34862 
1.24103 0.352843 
1.20923 0.343801 
1.22479 0.348225 
1.23899 0.352261 
1.21772 0.346215 
1.20142 0.341581 
1.21551 0.345587 
1.18607 0.337216 
1.14521 0.325599 
1.16341 0.330773 
1.14015 0.324161 
1.12231 0.319089 
1.07483 0.30559 
1.06383 0.302461 
1.05114 0.298853 
1.01867 0.289622 
0.997177 0.283511 
0.971653 0.276254 
0.973859 0.276881 
0.97467 0.277112 
0.944074 0.268413 


2.24296 1.12148 
2.2162 1.1081 
2.20787 1.10393 
2.1626 1.0813 
2.06692 1.03346 
2.07063 1.03532 
2.06946 1.03473 
2.02838 1.01419 
2.04084 1.02042 
2.00089 1.00044 
2.0194 1.0097 
2.02973 1.01487 
2.00723 1.00361 
2.03088 1.01544 
1.9652 0.982602 
1.97883 0.989417 
1.98371 0.991853 
1.98547 0.992734 
1.9855 0.992748 
2.02675 1.01338 
2.02107 1.01054 
2.04986 1.02493 
2.09909 1.04955 
2.11323 1.05662 
2.14291 1.07146 
2.18036 1.09018 
2.17678 1.08839 
2.23924 1.11962 
2.25526 1.12763 
2.3076 1.1538 
2.37756 1.18878 
2.45597 1.22798 
2.56833 1.28417 
2.63095 1.31548 
2.73793 1.36896 
2.78746 1.39373 
2.8634 1.4317 
2.93983 1.46991 
2.93839 1.46919 
2.95633 1.47817 
3.03366 1.51683 
3.01806 1.50903 
3.01929 1.50964 
2.98603 1.49301 
2.96103 1.48052 
2.95702 1.47851 
2.96038 1.48019 
2.8836 1.4418 
2.84479 1.42239 
2.83205 1.41603 
2.90936 1.45468 
2.89578 1.44789 
2.92513 1.46257 
2.91649 1.45825 
2.89129 1.44564 
2.89726 1.44863 
2.89991 1.44995 
2.88834 1.44417 
2.8732 1.4366 
2.82419 1.4121 
2.86666 1.43333 
2.86861 1.4343 
2.86314 1.43157 
2.84559 1.4228 
2.87201 1.43601 
2.91567 1.45784 
2.88733 1.44367 
2.90763 1.45382 
2.98826 1.49413 
2.92227 1.46114 
2.87866 1.43933 
2.87895 1.43948 
2.88701 1.4435 
2.90609 1.45305 
2.88513 1.44256 
2.92008 1.46004 
2.84525 1.42262 
2.88186 1.44093 
2.91526 1.45763 
2.86523 1.43261 
2.82688 1.41344 
2.86003 1.43002 
2.79075 1.39538 
2.69461 1.34731 
2.73743 1.36872 
2.68271 1.34136 
2.64073 1.32037 
2.52902 1.26451 
2.50312 1.25156 
2.47327 1.23663 
2.39687 1.19844 
2.3463 1.17315 
2.28624 1.14312 
2.29143 1.14572 
2.29334 1.14667 
2.22135 1.11067 


2.63548 0.448592 
2.60403 0.443239 
2.59424 0.441574 
2.54106 0.432521 
2.42863 0.413384 
2.43299 0.414126 
2.43161 0.413891 
2.38334 0.405675 
2.39799 0.408169 
2.35104 0.400177 
2.3728 0.40388 
2.38494 0.405947 
2.35849 0.401445 
2.38628 0.406175 
2.30911 0.393041 
2.32513 0.395767 
2.33085 0.396741 
2.33293 0.397094 
2.33296 0.397099 
2.38144 0.405351 
2.37476 0.404214 
2.40859 0.409973 
2.46644 0.419819 
2.48305 0.422646 
2.51792 0.428582 
2.56193 0.436073 
2.55772 0.435356 
2.63111 0.447849 
2.64993 0.451051 
2.71143 0.461521 
2.79363 0.475511 
2.88576 0.491194 
3.01779 0.513667 
3.09137 0.52619 
3.21707 0.547586 
3.27527 0.557492 
3.3645 0.572681 
3.4543 0.587965 
3.4526 0.587677 
3.47369 0.591266 
3.56455 0.606732 
3.54622 0.603612 
3.54767 0.603858 
3.50858 0.597205 
3.47921 0.592207 
3.4745 0.591404 
3.47845 0.592076 
3.38823 0.57672 
3.34263 0.568958 
3.32766 0.56641 
3.4185 0.581873 
3.40255 0.579157 
3.43703 0.585026 
3.42688 0.583299 
3.39726 0.578258 
3.40428 0.579452 
3.40739 0.579981 
3.3938 0.577668 
3.37601 0.574639 
3.31842 0.564838 
3.36833 0.573332 
3.37062 0.573722 
3.36419 0.572629 
3.34357 0.569119 
3.37461 0.574402 
3.42592 0.583135 
3.39262 0.577467 
3.41647 0.581527 
3.5112 0.597651 
3.43367 0.584455 
3.38242 0.575732 
3.38277 0.575791 
3.39223 0.577402 
3.41466 0.581218 
3.39002 0.577025 
3.43109 0.584015 
3.34317 0.56905 
3.38619 0.576372 
3.42543 0.583052 
3.36664 0.573045 
3.32158 0.565376 
3.36054 0.572006 
3.27913 0.55815 
3.16617 0.538923 
3.21648 0.547486 
3.15219 0.536542 
3.10286 0.528147 
2.9716 0.505804 
2.94117 0.500625 
2.90609 0.494653 
2.81633 0.479375 
2.7569 0.46926 
2.68634 0.457249 
2.69243 0.458287 
2.69468 0.458668 
2.61009 0.44427 


2.02801 0.140185 
2.00381 0.138512 
1.99628 0.137992 
1.95535 0.135163 
1.86884 0.129183 
1.87219 0.129414 
1.87113 0.129341 
1.83399 0.126773 
1.84526 0.127553 
1.80913 0.125055 
1.82588 0.126213 
1.83522 0.126858 
1.81487 0.125452 
1.83625 0.12693 
1.77687 0.122825 
1.78919 0.123677 
1.7936 0.123982 
1.79519 0.124092 
1.79522 0.124094 
1.83252 0.126672 
1.82738 0.126317 
1.85342 0.128116 
1.89793 0.131193 
1.91071 0.132077 
1.93755 0.133932 
1.97141 0.136273 
1.96817 0.136049 
2.02465 0.139953 
2.03913 0.140954 
2.08646 0.144225 
2.14971 0.148597 
2.2206 0.153498 
2.3222 0.160521 
2.37882 0.164435 
2.47554 0.171121 
2.52033 0.174216 
2.58899 0.178963 
2.65809 0.183739 
2.65679 0.183649 
2.67302 0.184771 
2.74293 0.189604 
2.72883 0.188629 
2.72994 0.188706 
2.69987 0.186627 
2.67727 0.185065 
2.67364 0.184814 
2.67668 0.185024 
2.60725 0.180225 
2.57216 0.177799 
2.56065 0.177003 
2.63055 0.181835 
2.61827 0.180986 
2.64481 0.182821 
2.637 0.182281 
2.61421 0.180706 
2.61961 0.181079 
2.622 0.181244 
2.61154 0.180521 
2.59785 0.179575 
2.55354 0.176512 
2.59194 0.179166 
2.5937 0.179288 
2.58876 0.178946 
2.57289 0.17785 
2.59678 0.179501 
2.63625 0.18223 
2.61063 0.180458 
2.62898 0.181727 
2.70188 0.186766 
2.64222 0.182642 
2.60279 0.179916 
2.60305 0.179935 
2.61034 0.180438 
2.62759 0.181631 
2.60864 0.18032 
2.64024 0.182505 
2.57258 0.177828 
2.60568 0.180116 
2.63588 0.182204 
2.59064 0.179077 
2.55597 0.17668 
2.58595 0.178752 
2.5233 0.174422 
2.43638 0.168413 
2.47509 0.171089 
2.42562 0.167669 
2.38766 0.165046 
2.28666 0.158064 
2.26324 0.156445 
2.23624 0.154579 
2.16717 0.149805 
2.12145 0.146644 
2.06714 0.14289 
2.07184 0.143215 
2.07356 0.143334 
2.00847 0.138834 


6.20553 0.355136 
6.13148 0.350898 
6.10843 0.349579 
5.9832 0.342412 
5.71848 0.327263 
5.72874 0.32785 
5.7255 0.327664 
5.61184 0.321159 
5.64633 0.323133 
5.53578 0.316807 
5.58701 0.319739 
5.6156 0.321375 
5.55332 0.317811 
5.61876 0.321556 
5.43706 0.311157 
5.47477 0.313315 
5.48825 0.314087 
5.49313 0.314366 
5.49321 0.31437 
5.60736 0.320903 
5.59163 0.320003 
5.67129 0.324562 
5.80749 0.332357 
5.8466 0.334595 
5.92872 0.339294 
6.03234 0.345224 
6.02243 0.344657 
6.19524 0.354547 
6.23954 0.357082 
6.38437 0.36537 
6.57791 0.376447 
6.79484 0.388862 
7.10572 0.406653 
7.27897 0.416567 
7.57494 0.433505 
7.71198 0.441348 
7.92208 0.453372 
8.13352 0.465472 
8.12953 0.465244 
8.17919 0.468086 
8.39313 0.480329 
8.34997 0.477859 
8.35337 0.478054 
8.26134 0.472787 
8.19219 0.46883 
8.18109 0.468195 
8.19038 0.468727 
7.97796 0.45657 
7.87058 0.450425 
7.83534 0.448408 
8.04924 0.460649 
8.01167 0.458499 
8.09287 0.463146 
8.06897 0.461778 
7.99923 0.457787 
8.01575 0.458733 
8.02307 0.459152 
7.99107 0.457321 
7.94918 0.454923 
7.8136 0.447164 
7.9311 0.453888 
7.93648 0.454196 
7.92136 0.453331 
7.87281 0.450552 
7.9459 0.454735 
8.0667 0.461648 
7.98829 0.457161 
8.04445 0.460375 
8.26751 0.47314 
8.08496 0.462693 
7.96429 0.455788 
7.9651 0.455834 
7.98739 0.45711 
8.04019 0.460131 
7.98218 0.456812 
8.07888 0.462346 
7.87185 0.450498 
7.97315 0.456294 
8.06556 0.461583 
7.92712 0.453661 
7.82103 0.447589 
7.91276 0.452838 
7.72107 0.441869 
7.4551 0.426647 
7.57356 0.433427 
7.42217 0.424763 
7.30603 0.418116 
6.99696 0.400428 
6.92531 0.396328 
6.8427 0.3916 
6.63135 0.379505 
6.49143 0.371497 
6.32527 0.361988 
6.33963 0.36281 
6.34491 0.363112 
6.14573 0.351714 


1.27101 0.250464 
1.25584 0.247475 
1.25113 0.246545 
1.22548 0.241491 
1.17126 0.230806 
1.17336 0.23122 
1.17269 0.231089 
1.14941 0.226502 
1.15648 0.227894 
1.13384 0.223432 
1.14433 0.2255 
1.15018 0.226654 
1.13743 0.22414 
1.15083 0.226781 
1.11362 0.219448 
1.12134 0.22097 
1.1241 0.221514 
1.1251 0.221711 
1.12511 0.221714 
1.14849 0.226321 
1.14527 0.225686 
1.16159 0.228901 
1.18949 0.234399 
1.1975 0.235977 
1.21432 0.239292 
1.23554 0.243474 
1.23351 0.243074 
1.26891 0.250049 
1.27798 0.251837 
1.30764 0.257682 
1.34728 0.265494 
1.39172 0.27425 
1.45539 0.286797 
1.49087 0.29379 
1.55149 0.305735 
1.57956 0.311267 
1.6226 0.319747 
1.6659 0.328281 
1.66509 0.32812 
1.67525 0.330124 
1.71907 0.338759 
1.71023 0.337017 
1.71093 0.337154 
1.69208 0.33344 
1.67792 0.330649 
1.67564 0.3302 
1.67755 0.330576 
1.63404 0.322002 
1.61205 0.317668 
1.60483 0.316246 
1.64864 0.324879 
1.64094 0.323362 
1.65757 0.32664 
1.65268 0.325675 
1.6384 0.322861 
1.64178 0.323527 
1.64328 0.323823 
1.63673 0.322531 
1.62814 0.32084 
1.60037 0.315368 
1.62444 0.320111 
1.62555 0.320328 
1.62245 0.319718 
1.6125 0.317758 
1.62747 0.320708 
1.65221 0.325583 
1.63616 0.322419 
1.64766 0.324686 
1.69334 0.333688 
1.65595 0.32632 
1.63124 0.32145 
1.63141 0.321483 
1.63597 0.322383 
1.64678 0.324513 
1.63491 0.322173 
1.65471 0.326075 
1.61231 0.317719 
1.63305 0.321808 
1.65198 0.325538 
1.62363 0.31995 
1.6019 0.315668 
1.62068 0.31937 
1.58143 0.311634 
1.52695 0.300899 
1.55121 0.30568 
1.5202 0.299569 
1.49642 0.294882 
1.43311 0.282407 
1.41844 0.279516 
1.40152 0.276181 
1.35823 0.267651 
1.32957 0.262004 
1.29554 0.255297 
1.29848 0.255877 
1.29956 0.25609 
1.25877 0.248051 


1.72895 0.355136 
1.70832 0.350898 
1.7019 0.349579 
1.66701 0.342412 
1.59325 0.327263 
1.59611 0.32785 
1.59521 0.327664 
1.56354 0.321159 
1.57315 0.323133 
1.54235 0.316807 
1.55662 0.319739 
1.56459 0.321375 
1.54724 0.317811 
1.56547 0.321556 
1.51484 0.311157 
1.52535 0.313315 
1.52911 0.314087 
1.53047 0.314366 
1.53049 0.31437 
1.56229 0.320903 
1.55791 0.320003 
1.5801 0.324562 
1.61805 0.332357 
1.62895 0.334595 
1.65183 0.339294 
1.6807 0.345224 
1.67794 0.344657 
1.72608 0.354547 
1.73843 0.357082 
1.77878 0.36537 
1.8327 0.376447 
1.89314 0.388862 
1.97976 0.406653 
2.02803 0.416567 
2.11049 0.433505 
2.14867 0.441348 
2.20721 0.453372 
2.26612 0.465472 
2.26501 0.465244 
2.27884 0.468086 
2.33845 0.480329 
2.32642 0.477859 
2.32737 0.478054 
2.30173 0.472787 
2.28246 0.46883 
2.27937 0.468195 
2.28196 0.468727 
2.22277 0.45657 
2.19286 0.450425 
2.18304 0.448408 
2.24263 0.460649 
2.23217 0.458499 
2.25479 0.463146 
2.24813 0.461778 
2.2287 0.457787 
2.2333 0.458733 
2.23534 0.459152 
2.22643 0.457321 
2.21476 0.454923 
2.17698 0.447164 
2.20972 0.453888 
2.21122 0.454196 
2.20701 0.453331 
2.19348 0.450552 
2.21384 0.454735 
2.2475 0.461648 
2.22565 0.457161 
2.2413 0.460375 
2.30345 0.47314 
2.25259 0.462693 
2.21897 0.455788 
2.21919 0.455834 
2.2254 0.45711 
2.24011 0.460131 
2.22395 0.456812 
2.25089 0.462346 
2.19321 0.450498 
2.22143 0.456294 
2.24718 0.461583 
2.20861 0.453661 
2.17905 0.447589 
2.20461 0.452838 
2.1512 0.441869 
2.0771 0.426647 
2.1101 0.433427 
2.06792 0.424763 
2.03557 0.418116 
1.94945 0.400428 
1.92949 0.396328 
1.90648 0.3916 
1.84759 0.379505 
1.80861 0.371497 
1.76231 0.361988 
1.76631 0.36281 
1.76778 0.363112 
1.71229 0.351714 


5.54199 1.42989 
5.47585 1.41282 
5.45527 1.40752 
5.34343 1.37866 
5.10702 1.31766 
5.11618 1.32003 
5.11328 1.31928 
5.01178 1.29309 
5.04258 1.30104 
4.94386 1.27556 
4.98961 1.28737 
5.01513 1.29396 
4.95952 1.27961 
5.01796 1.29468 
4.85569 1.25282 
4.88937 1.26151 
4.9014 1.26461 
4.90576 1.26574 
4.90583 1.26575 
5.00777 1.29206 
4.99373 1.28843 
5.06487 1.30679 
5.18651 1.33817 
5.22144 1.34718 
5.29478 1.36611 
5.38732 1.38998 
5.37847 1.3877 
5.5328 1.42752 
5.57236 1.43773 
5.7017 1.4711 
5.87455 1.51569 
6.06829 1.56568 
6.34592 1.63731 
6.50064 1.67723 
6.76497 1.74543 
6.88735 1.77701 
7.07499 1.82542 
7.26382 1.87414 
7.26026 1.87322 
7.3046 1.88466 
7.49567 1.93396 
7.45712 1.92401 
7.46016 1.9248 
7.37797 1.90359 
7.31622 1.88766 
7.3063 1.8851 
7.3146 1.88724 
7.12489 1.8383 
7.029 1.81355 
6.99753 1.80543 
7.18855 1.85472 
7.155 1.84606 
7.22751 1.86477 
7.20617 1.85927 
7.14389 1.8432 
7.15864 1.847 
7.16518 1.84869 
7.13661 1.84132 
7.09919 1.83166 
6.97811 1.80042 
7.08304 1.8275 
7.08785 1.82874 
7.07435 1.82525 
7.03099 1.81407 
7.09626 1.83091 
7.20414 1.85874 
7.13412 1.84068 
7.18428 1.85362 
7.38348 1.90501 
7.22045 1.86295 
7.11269 1.83515 
7.11341 1.83533 
7.13332 1.84047 
7.18047 1.85263 
7.12867 1.83927 
7.21502 1.86155 
7.03013 1.81385 
7.1206 1.83719 
7.20313 1.85848 
7.07949 1.82658 
6.98475 1.80214 
7.06666 1.82327 
6.89548 1.7791 
6.65794 1.71782 
6.76374 1.74511 
6.62853 1.71023 
6.52482 1.68347 
6.24879 1.61225 
6.1848 1.59574 
6.11103 1.57671 
5.92228 1.52801 
5.79732 1.49577 
5.64893 1.45748 
5.66175 1.46079 
5.66646 1.462 
5.48859 1.41611 


2.46726 0.607469 
2.43782 0.60022 
2.42865 0.597964 
2.37886 0.585705 
2.27361 0.559791 
2.27769 0.560796 
2.2764 0.560478 
2.23121 0.549352 
2.24493 0.552728 
2.20097 0.541907 
2.22134 0.546921 
2.23271 0.54972 
2.20795 0.543623 
2.23396 0.550029 
2.16172 0.532243 
2.17672 0.535934 
2.18208 0.537253 
2.18402 0.537731 
2.18405 0.537739 
2.22943 0.548913 
2.22318 0.547373 
2.25485 0.555172 
2.309 0.568505 
2.32455 0.572333 
2.3572 0.580372 
2.3984 0.590515 
2.39446 0.589545 
2.46317 0.606462 
2.48078 0.610799 
2.53836 0.624976 
2.61531 0.643922 
2.70156 0.665158 
2.82517 0.69559 
2.89405 0.71255 
3.01172 0.741522 
3.06621 0.754938 
3.14974 0.775505 
3.23381 0.796203 
3.23222 0.795813 
3.25197 0.800673 
3.33703 0.821616 
3.31987 0.817391 
3.32122 0.817724 
3.28463 0.808715 
3.25714 0.801946 
3.25272 0.800859 
3.25642 0.801769 
3.17196 0.780975 
3.12927 0.770464 
3.11526 0.767014 
3.2003 0.787953 
3.18536 0.784275 
3.21765 0.792223 
3.20814 0.789884 
3.18042 0.783057 
3.18698 0.784674 
3.1899 0.785391 
3.17717 0.782259 
3.16052 0.778157 
3.10661 0.764885 
3.15333 0.776388 
3.15547 0.776915 
3.14946 0.775435 
3.13015 0.770681 
3.15921 0.777836 
3.20724 0.789661 
3.17607 0.781987 
3.1984 0.787484 
3.28708 0.809319 
3.2145 0.791449 
3.16652 0.779637 
3.16685 0.779716 
3.17571 0.781898 
3.1967 0.787066 
3.17364 0.781389 
3.21208 0.790854 
3.12977 0.770588 
3.17005 0.780504 
3.20679 0.78955 
3.15175 0.775998 
3.10957 0.765613 
3.14604 0.774592 
3.06983 0.755828 
2.96408 0.729792 
3.01117 0.741388 
2.95098 0.726568 
2.90481 0.715199 
2.78192 0.684943 
2.75344 0.67793 
2.72059 0.669843 
2.63656 0.649153 
2.58093 0.635456 
2.51487 0.619191 
2.52058 0.620596 
2.52268 0.621113 
2.44348 0.601616 


4.50462 -0.0373827 
4.45086 -0.0369366 
4.43413 -0.0367978 
4.34323 -0.0360434 
4.15107 -0.0344487 
4.15852 -0.0345105 
4.15616 -0.0344909 
4.07365 -0.0338063 
4.09869 -0.0340141 
4.01845 -0.0333481 
4.05563 -0.0336567 
4.07638 -0.0338289 
4.03118 -0.0334538 
4.07868 -0.033848 
3.94678 -0.0327534 
3.97416 -0.0329806 
3.98394 -0.0330618 
3.98748 -0.0330912 
3.98754 -0.0330916 
4.0704 -0.0337792 
4.05898 -0.0336845 
4.11681 -0.0341644 
4.21568 -0.0349849 
4.24407 -0.0352205 
4.30368 -0.0357152 
4.3789 -0.0363394 
4.3717 -0.0362797 
4.49715 -0.0373208 
4.52931 -0.0375876 
4.63444 -0.0384601 
4.77493 -0.039626 
4.9324 -0.0409328 
5.15807 -0.0428055 
5.28383 -0.0438492 
5.49867 -0.0456321 
5.59815 -0.0464577 
5.75067 -0.0477234 
5.90415 -0.0489971 
5.90126 -0.0489731 
5.9373 -0.0492722 
6.0926 -0.050561 
6.06127 -0.050301 
6.06374 -0.0503215 
5.99694 -0.0497671 
5.94674 -0.0493506 
5.93868 -0.0492837 
5.94543 -0.0493396 
5.79123 -0.04806 
5.71328 -0.0474132 
5.6877 -0.0472009 
5.84297 -0.0484894 
5.8157 -0.048263 
5.87464 -0.0487522 
5.85729 -0.0486083 
5.80667 -0.0481881 
5.81866 -0.0482877 
5.82398 -0.0483318 
5.80075 -0.048139 
5.77034 -0.0478866 
5.67192 -0.0470699 
5.75721 -0.0477777 
5.76112 -0.0478102 
5.75015 -0.0477191 
5.7149 -0.0474266 
5.76796 -0.0478669 
5.85564 -0.0485946 
5.79873 -0.0481222 
5.8395 -0.0484605 
6.00141 -0.0498043 
5.8689 -0.0487045 
5.78131 -0.0479777 
5.7819 -0.0479826 
5.79807 -0.0481168 
5.8364 -0.0484349 
5.7943 -0.0480854 
5.86449 -0.048668 
5.71421 -0.0474208 
5.78774 -0.048031 
5.85482 -0.0485877 
5.75433 -0.0477538 
5.67732 -0.0471146 
5.7439 -0.0476672 
5.60476 -0.0465125 
5.41169 -0.0449102 
5.49767 -0.0456239 
5.38778 -0.0447119 
5.30348 -0.0440123 
5.07912 -0.0421504 
5.02711 -0.0417187 
4.96714 -0.0412211 
4.81372 -0.0399479 
4.71215 -0.039105 
4.59154 -0.0381041 
4.60196 -0.0381906 
4.60579 -0.0382224 
4.46121 -0.0370225 


21.4016 2.00932 
21.1462 1.98534 
21.0667 1.97788 
20.6348 1.93733 
19.7219 1.85162 
19.7573 1.85494 
19.7461 1.85389 
19.3541 1.81709 
19.473 1.82826 
19.0918 1.79246 
19.2685 1.80905 
19.367 1.8183 
19.1523 1.79814 
19.378 1.81933 
18.7513 1.7605 
18.8814 1.7727 
18.9279 1.77707 
18.9447 1.77865 
18.9449 1.77867 
19.3386 1.81563 
19.2844 1.81054 
19.5591 1.83634 
20.0289 1.88044 
20.1637 1.8931 
20.447 1.91969 
20.8043 1.95324 
20.7701 1.95003 
21.3661 2.00599 
21.5189 2.02033 
22.0184 2.06723 
22.6859 2.12989 
23.434 2.20014 
24.5062 2.3008 
25.1037 2.35689 
26.1244 2.45273 
26.597 2.4971 
27.3216 2.56513 
28.0508 2.63359 
28.0371 2.6323 
28.2083 2.64838 
28.9462 2.71765 
28.7973 2.70368 
28.8091 2.70478 
28.4917 2.67498 
28.2532 2.65259 
28.2149 2.649 
28.2469 2.65201 
27.5144 2.58323 
27.144 2.54846 
27.0225 2.53705 
27.7602 2.60631 
27.6306 2.59414 
27.9106 2.62043 
27.8282 2.61269 
27.5877 2.59011 
27.6447 2.59546 
27.6699 2.59783 
27.5596 2.58747 
27.4151 2.5739 
26.9475 2.53 
27.3527 2.56805 
27.3713 2.5698 
27.3192 2.5649 
27.1517 2.54918 
27.4038 2.57284 
27.8204 2.61196 
27.55 2.58657 
27.7437 2.60475 
28.5129 2.67698 
27.8834 2.61787 
27.4672 2.5788 
27.47 2.57906 
27.5469 2.58628 
27.729 2.60337 
27.5289 2.58459 
27.8624 2.6159 
27.1484 2.54887 
27.4977 2.58167 
27.8165 2.61159 
27.339 2.56676 
26.9731 2.53241 
27.2895 2.56211 
26.6284 2.50005 
25.7111 2.41393 
26.1197 2.45228 
25.5975 2.40326 
25.197 2.36566 
24.1311 2.26558 
23.884 2.24238 
23.5991 2.21563 
22.8702 2.1472 
22.3876 2.10189 
21.8146 2.04809 
21.8641 2.05274 
21.8823 2.05445 
21.1954 1.98996 


27.7099 7.00926 
27.3793 6.92561 
27.2764 6.89959 
26.7172 6.75814 
25.5351 6.45913 
25.5809 6.47072 
25.5664 6.46705 
25.0589 6.33867 
25.2129 6.37763 
24.7193 6.25277 
24.948 6.31063 
25.0757 6.34292 
24.7976 6.27258 
25.0898 6.34649 
24.2785 6.14126 
24.4468 6.18385 
24.507 6.19908 
24.5288 6.20459 
24.5291 6.20467 
25.0389 6.33361 
24.9686 6.31584 
25.3244 6.40583 
25.9326 6.55967 
26.1072 6.60384 
26.4739 6.6966 
26.9366 6.81364 
26.8923 6.80244 
27.664 6.99764 
27.8618 7.04767 
28.5085 7.21126 
29.3727 7.42987 
30.3414 7.6749 
31.7296 8.02604 
32.5032 8.22173 
33.8248 8.55603 
34.4368 8.71082 
35.375 8.94814 
36.3191 9.18696 
36.3013 9.18246 
36.523 9.23854 
37.4783 9.48019 
37.2856 9.43144 
37.3008 9.43528 
36.8899 9.33133 
36.5811 9.25323 
36.5315 9.24068 
36.573 9.25118 
35.6245 9.01125 
35.145 8.88997 
34.9876 8.85016 
35.9428 9.09176 
35.775 9.04932 
36.1376 9.14104 
36.0309 9.11405 
35.7195 9.03528 
35.7932 9.05393 
35.8259 9.0622 
35.683 9.02606 
35.4959 8.97874 
34.8905 8.8256 
35.4152 8.95832 
35.4393 8.9644 
35.3717 8.94732 
35.1549 8.89248 
35.4813 8.97503 
36.0207 9.11148 
35.6706 9.02292 
35.9214 9.08635 
36.9174 9.3383 
36.1022 9.1321 
35.5634 8.99581 
35.5671 8.99673 
35.6666 9.0219 
35.9023 9.08153 
35.6433 9.01602 
36.0751 9.12524 
35.1507 8.8914 
35.603 9.00581 
36.0156 9.11019 
35.3975 8.95383 
34.9237 8.834 
35.3333 8.9376 
34.4774 8.72109 
33.2897 8.42067 
33.8187 8.55447 
33.1427 8.38347 
32.6241 8.2523 
31.2439 7.90319 
30.924 7.82227 
30.5551 7.72896 
29.6114 7.49023 
28.9866 7.33219 
28.2446 7.14451 
28.3087 7.16073 
28.3323 7.16669 
27.4429 6.94172 


0.934568 0.934568 
0.923415 0.923415 
0.919945 0.919945 
0.901085 0.901085 
0.861217 0.861217 
0.862762 0.862762 
0.862274 0.862274 
0.845156 0.845156 
0.850351 0.850351 
0.833703 0.833703 
0.841418 0.841418 
0.845723 0.845723 
0.836344 0.836344 
0.846199 0.846199 
0.818835 0.818835 
0.824514 0.824514 
0.826544 0.826544 
0.827279 0.827279 
0.82729 0.82729 
0.844481 0.844481 
0.842113 0.842113 
0.85411 0.85411 
0.874622 0.874622 
0.880513 0.880513 
0.89288 0.89288 
0.908485 0.908485 
0.906992 0.906992 
0.933019 0.933019 
0.93969 0.93969 
0.961501 0.961501 
0.990649 0.990649 
1.02332 1.02332 
1.07014 1.07014 
1.09623 1.09623 
1.1408 1.1408 
1.16144 1.16144 
1.19309 1.19309 
1.22493 1.22493 
1.22433 1.22433 
1.23181 1.23181 
1.26403 1.26403 
1.25753 1.25753 
1.25804 1.25804 
1.24418 1.24418 
1.23376 1.23376 
1.23209 1.23209 
1.23349 1.23349 
1.2015 1.2015 
1.18533 1.18533 
1.18002 1.18002 
1.21224 1.21224 
1.20658 1.20658 
1.2188 1.2188 
1.21521 1.21521 
1.2047 1.2047 
1.20719 1.20719 
1.20829 1.20829 
1.20348 1.20348 
1.19717 1.19717 
1.17675 1.17675 
1.19444 1.19444 
1.19525 1.19525 
1.19298 1.19298 
1.18566 1.18566 
1.19667 1.19667 
1.21486 1.21486 
1.20306 1.20306 
1.21151 1.21151 
1.24511 1.24511 
1.21761 1.21761 
1.19944 1.19944 
1.19956 1.19956 
1.20292 1.20292 
1.21087 1.21087 
1.20214 1.20214 
1.2167 1.2167 
1.18552 1.18552 
1.20077 1.20077 
1.21469 1.21469 
1.19384 1.19384 
1.17787 1.17787 
1.19168 1.19168 
1.16281 1.16281 
1.12276 1.12276 
1.1406 1.1406 
1.1178 1.1178 
1.10031 1.10031 
1.05376 1.05376 
1.04297 1.04297 
1.03053 1.03053 
0.998698 0.998698 
0.977625 0.977625 
0.952601 0.952601 
0.954764 0.954764 
0.955559 0.955559 
0.925562 0.925562 


8.60737 1.46727 
8.50465 1.44976 
8.47269 1.44431 
8.29899 1.4147 
7.93181 1.35211 
7.94604 1.35454 
7.94154 1.35377 
7.78389 1.3269 
7.83174 1.33505 
7.6784 1.30891 
7.74946 1.32103 
7.7891 1.32778 
7.70273 1.31306 
7.79349 1.32853 
7.54147 1.28557 
7.59377 1.29449 
7.61247 1.29767 
7.61924 1.29883 
7.61934 1.29885 
7.77767 1.32584 
7.75586 1.32212 
7.86635 1.34095 
8.05527 1.37316 
8.10952 1.3824 
8.22342 1.40182 
8.36715 1.42632 
8.3534 1.42398 
8.5931 1.46484 
8.65454 1.47531 
8.85543 1.50956 
9.12387 1.55532 
9.42478 1.60661 
9.85598 1.68012 
10.0963 1.72108 
10.5068 1.79106 
10.6969 1.82346 
10.9883 1.87314 
11.2816 1.92314 
11.2761 1.92219 
11.3449 1.93393 
11.6417 1.98452 
11.5818 1.97431 
11.5865 1.97512 
11.4589 1.95336 
11.363 1.93701 
11.3476 1.93438 
11.3605 1.93658 
11.0658 1.88636 
10.9169 1.86097 
10.868 1.85263 
11.1647 1.90321 
11.1126 1.89432 
11.2252 1.91352 
11.192 1.90787 
11.0953 1.89138 
11.1182 1.89529 
11.1284 1.89702 
11.084 1.88946 
11.0259 1.87955 
10.8378 1.84749 
11.0008 1.87527 
11.0083 1.87655 
10.9873 1.87297 
10.92 1.86149 
11.0213 1.87877 
11.1889 1.90734 
11.0801 1.8888 
11.158 1.90208 
11.4674 1.95482 
11.2142 1.91165 
11.0469 1.88312 
11.048 1.88332 
11.0789 1.88858 
11.1521 1.90107 
11.0717 1.88735 
11.2058 1.91022 
10.9186 1.86127 
11.0591 1.88522 
11.1873 1.90707 
10.9953 1.87433 
10.8481 1.84925 
10.9754 1.87094 
10.7095 1.82562 
10.3406 1.76273 
10.5049 1.79074 
10.2949 1.75494 
10.1338 1.72748 
9.70512 1.6544 
9.60574 1.63746 
9.49116 1.61793 
9.198 1.56796 
9.00393 1.53487 
8.77346 1.49558 
8.79337 1.49898 
8.8007 1.50023 
8.52443 1.45313 


0.934568 0.934568 
0.923415 0.923415 
0.919945 0.919945 
0.901085 0.901085 
0.861217 0.861217 
0.862762 0.862762 
0.862274 0.862274 
0.845156 0.845156 
0.850351 0.850351 
0.833703 0.833703 
0.841418 0.841418 
0.845723 0.845723 
0.836344 0.836344 
0.846199 0.846199 
0.818835 0.818835 
0.824514 0.824514 
0.826544 0.826544 
0.827279 0.827279 
0.82729 0.82729 
0.844481 0.844481 
0.842113 0.842113 
0.85411 0.85411 
0.874622 0.874622 
0.880513 0.880513 
0.89288 0.89288 
0.908485 0.908485 
0.906992 0.906992 
0.933019 0.933019 
0.93969 0.93969 
0.961501 0.961501 
0.990649 0.990649 
1.02332 1.02332 
1.07014 1.07014 
1.09623 1.09623 
1.1408 1.1408 
1.16144 1.16144 
1.19309 1.19309 
1.22493 1.22493 
1.22433 1.22433 
1.23181 1.23181 
1.26403 1.26403 
1.25753 1.25753 
1.25804 1.25804 
1.24418 1.24418 
1.23376 1.23376 
1.23209 1.23209 
1.23349 1.23349 
1.2015 1.2015 
1.18533 1.18533 
1.18002 1.18002 
1.21224 1.21224 
1.20658 1.20658 
1.2188 1.2188 
1.21521 1.21521 
1.2047 1.2047 
1.20719 1.20719 
1.20829 1.20829 
1.20348 1.20348 
1.19717 1.19717 
1.17675 1.17675 
1.19444 1.19444 
1.19525 1.19525 
1.19298 1.19298 
1.18566 1.18566 
1.19667 1.19667 
1.21486 1.21486 
1.20306 1.20306 
1.21151 1.21151 
1.24511 1.24511 
1.21761 1.21761 
1.19944 1.19944 
1.19956 1.19956 
1.20292 1.20292 
1.21087 1.21087 
1.20214 1.20214 
1.2167 1.2167 
1.18552 1.18552 
1.20077 1.20077 
1.21469 1.21469 
1.19384 1.19384 
1.17787 1.17787 
1.19168 1.19168 
1.16281 1.16281 
1.12276 1.12276 
1.1406 1.1406 
1.1178 1.1178 
1.10031 1.10031 
1.05376 1.05376 
1.04297 1.04297 
1.03053 1.03053 
0.998698 0.998698 
0.977625 0.977625 
0.952601 0.952601 
0.954764 0.954764 
0.955559 0.955559 
0.925562 0.925562 


21.4016 2.00932 
21.1462 1.98534 
21.0667 1.97788 
20.6348 1.93733 
19.7219 1.85162 
19.7573 1.85494 
19.7461 1.85389 
19.3541 1.81709 
19.473 1.82826 
19.0918 1.79246 
19.2685 1.80905 
19.367 1.8183 
19.1523 1.79814 
19.378 1.81933 
18.7513 1.7605 
18.8814 1.7727 
18.9279 1.77707 
18.9447 1.77865 
18.9449 1.77867 
19.3386 1.81563 
19.2844 1.81054 
19.5591 1.83634 
20.0289 1.88044 
20.1637 1.8931 
20.447 1.91969 
20.8043 1.95324 
20.7701 1.95003 
21.3661 2.00599 
21.5189 2.02033 
22.0184 2.06723 
22.6859 2.12989 
23.434 2.20014 
24.5062 2.3008 
25.1037 2.35689 
26.1244 2.45273 
26.597 2.4971 
27.3216 2.56513 
28.0508 2.63359 
28.0371 2.6323 
28.2083 2.64838 
28.9462 2.71765 
28.7973 2.70368 
28.8091 2.70478 
28.4917 2.67498 
28.2532 2.65259 
28.2149 2.649 
28.2469 2.65201 
27.5144 2.58323 
27.144 2.54846 
27.0225 2.53705 
27.7602 2.60631 
27.6306 2.59414 
27.9106 2.62043 
27.8282 2.61269 
27.5877 2.59011 
27.6447 2.59546 
27.6699 2.59783 
27.5596 2.58747 
27.4151 2.5739 
26.9475 2.53 
27.3527 2.56805 
27.3713 2.5698 
27.3192 2.5649 
27.1517 2.54918 
27.4038 2.57284 
27.8204 2.61196 
27.55 2.58657 
27.7437 2.60475 
28.5129 2.67698 
27.8834 2.61787 
27.4672 2.5788 
27.47 2.57906 
27.5469 2.58628 
27.729 2.60337 
27.5289 2.58459 
27.8624 2.6159 
27.1484 2.54887 
27.4977 2.58167 
27.8165 2.61159 
27.339 2.56676 
26.9731 2.53241 
27.2895 2.56211 
26.6284 2.50005 
25.7111 2.41393 
26.1197 2.45228 
25.5975 2.40326 
25.197 2.36566 
24.1311 2.26558 
23.884 2.24238 
23.5991 2.21563 
22.8702 2.1472 
22.3876 2.10189 
21.8146 2.04809 
21.8641 2.05274 
21.8823 2.05445 
21.1954 1.98996 


10.1401 2.10278 
10.0191 2.07768 
9.9814 2.06988 
9.77677 2.02744 
9.34421 1.93774 
9.36097 1.94122 
9.35567 1.94012 
9.16995 1.9016 
9.22631 1.91329 
9.04567 1.87583 
9.12938 1.89319 
9.17609 1.90288 
9.07433 1.88177 
9.18126 1.90395 
8.88436 1.84238 
8.94597 1.85516 
8.968 1.85972 
8.97597 1.86138 
8.9761 1.8614 
9.16262 1.90008 
9.13692 1.89475 
9.26709 1.92175 
9.48965 1.9679 
9.55356 1.98115 
9.68775 2.00898 
9.85706 2.04409 
9.84087 2.04073 
10.1233 2.09929 
10.1956 2.1143 
10.4323 2.16338 
10.7485 2.22896 
11.103 2.30247 
11.611 2.40781 
11.8941 2.46652 
12.3777 2.56681 
12.6017 2.61325 
12.945 2.68444 
13.2905 2.75609 
13.284 2.75474 
13.3651 2.77156 
13.7147 2.84406 
13.6441 2.82943 
13.6497 2.83058 
13.4993 2.7994 
13.3863 2.77597 
13.3682 2.77221 
13.3834 2.77536 
13.0363 2.70337 
12.8608 2.66699 
12.8032 2.65505 
13.1527 2.72753 
13.0914 2.7148 
13.224 2.74231 
13.185 2.73421 
13.071 2.71058 
13.098 2.71618 
13.11 2.71866 
13.0577 2.70782 
12.9892 2.69362 
12.7677 2.64768 
12.9597 2.6875 
12.9685 2.68932 
12.9438 2.6842 
12.8645 2.66774 
12.9839 2.69251 
13.1813 2.73344 
13.0532 2.70688 
13.1449 2.72591 
13.5094 2.80149 
13.2111 2.73963 
13.0139 2.69874 
13.0153 2.69902 
13.0517 2.70657 
13.138 2.72446 
13.0432 2.70481 
13.2012 2.73757 
12.8629 2.66742 
13.0284 2.70174 
13.1794 2.73306 
12.9532 2.68615 
12.7798 2.6502 
12.9297 2.68128 
12.6165 2.61633 
12.1819 2.5262 
12.3755 2.56634 
12.1281 2.51504 
11.9383 2.47569 
11.4333 2.37096 
11.3162 2.34668 
11.1812 2.31869 
10.8359 2.24707 
10.6072 2.19966 
10.3357 2.14335 
10.3592 2.14822 
10.3678 2.15001 
10.0424 2.08252 


10.1401 2.10278 
10.0191 2.07768 
9.9814 2.06988 
9.77677 2.02744 
9.34421 1.93774 
9.36097 1.94122 
9.35567 1.94012 
9.16995 1.9016 
9.22631 1.91329 
9.04567 1.87583 
9.12938 1.89319 
9.17609 1.90288 
9.07433 1.88177 
9.18126 1.90395 
8.88436 1.84238 
8.94597 1.85516 
8.968 1.85972 
8.97597 1.86138 
8.9761 1.8614 
9.16262 1.90008 
9.13692 1.89475 
9.26709 1.92175 
9.48965 1.9679 
9.55356 1.98115 
9.68775 2.00898 
9.85706 2.04409 
9.84087 2.04073 
10.1233 2.09929 
10.1956 2.1143 
10.4323 2.16338 
10.7485 2.22896 
11.103 2.30247 
11.611 2.40781 
11.8941 2.46652 
12.3777 2.56681 
12.6017 2.61325 
12.945 2.68444 
13.2905 2.75609 
13.284 2.75474 
13.3651 2.77156 
13.7147 2.84406 
13.6441 2.82943 
13.6497 2.83058 
13.4993 2.7994 
13.3863 2.77597 
13.3682 2.77221 
13.3834 2.77536 
13.0363 2.70337 
12.8608 2.66699 
12.8032 2.65505 
13.1527 2.72753 
13.0914 2.7148 
13.224 2.74231 
13.185 2.73421 
13.071 2.71058 
13.098 2.71618 
13.11 2.71866 
13.0577 2.70782 
12.9892 2.69362 
12.7677 2.64768 
12.9597 2.6875 
12.9685 2.68932 
12.9438 2.6842 
12.8645 2.66774 
12.9839 2.69251 
13.1813 2.73344 
13.0532 2.70688 
13.1449 2.72591 
13.5094 2.80149 
13.2111 2.73963 
13.0139 2.69874 
13.0153 2.69902 
13.0517 2.70657 
13.138 2.72446 
13.0432 2.70481 
13.2012 2.73757 
12.8629 2.66742 
13.0284 2.70174 
13.1794 2.73306 
12.9532 2.68615 
12.7798 2.6502 
12.9297 2.68128 
12.6165 2.61633 
12.1819 2.5262 
12.3755 2.56634 
12.1281 2.51504 
11.9383 2.47569 
11.4333 2.37096 
11.3162 2.34668 
11.1812 2.31869 
10.8359 2.24707 
10.6072 2.19966 
10.3357 2.14335 
10.3592 2.14822 
10.3678 2.15001 
10.0424 2.08252 


22.4296 11.2148 
22.162 11.081 
22.0787 11.0393 
21.626 10.813 
20.6692 10.3346 
20.7063 10.3531 
20.6946 10.3473 
20.2838 10.1419 
20.4084 10.2042 
20.0089 10.0044 
20.194 10.097 
20.2973 10.1487 
20.0723 10.0361 
20.3088 10.1544 
19.652 9.82602 
19.7883 9.89417 
19.8371 9.91853 
19.8547 9.92734 
19.855 9.92748 
20.2676 10.1338 
20.2107 10.1054 
20.4986 10.2493 
20.9909 10.4955 
21.1323 10.5662 
21.4291 10.7146 
21.8036 10.9018 
21.7678 10.8839 
22.3925 11.1962 
22.5526 11.2763 
23.076 11.538 
23.7756 11.8878 
24.5597 12.2798 
25.6833 12.8417 
26.3095 13.1548 
27.3793 13.6896 
27.8746 13.9373 
28.634 14.317 
29.3983 14.6991 
29.3839 14.6919 
29.5633 14.7817 
30.3366 15.1683 
30.1806 15.0903 
30.1929 15.0964 
29.8603 14.9301 
29.6103 14.8052 
29.5702 14.7851 
29.6038 14.8019 
28.836 14.418 
28.4479 14.2239 
28.3205 14.1603 
29.0936 14.5468 
28.9578 14.4789 
29.2513 14.6257 
29.165 14.5825 
28.9129 14.4564 
28.9726 14.4863 
28.999 14.4995 
28.8834 14.4417 
28.732 14.366 
28.2419 14.121 
28.6666 14.3333 
28.6861 14.343 
28.6314 14.3157 
28.4559 14.228 
28.7201 14.3601 
29.1567 14.5784 
28.8733 14.4367 
29.0763 14.5382 
29.8826 14.9413 
29.2227 14.6114 
28.7866 14.3933 
28.7895 14.3948 
28.8701 14.435 
29.0609 14.5305 
28.8513 14.4256 
29.2008 14.6004 
28.4525 14.2262 
28.8186 14.4093 
29.1526 14.5763 
28.6523 14.3261 
28.2688 14.1344 
28.6003 14.3002 
27.9075 13.9537 
26.9461 13.4731 
27.3743 13.6872 
26.8271 13.4136 
26.4074 13.2037 
25.2902 12.6451 
25.0313 12.5156 
24.7327 12.3663 
23.9687 11.9844 
23.463 11.7315 
22.8624 11.4312 
22.9143 11.4572 
22.9334 11.4667 
22.2135 11.1068 


27.7099 7.00926 
27.3793 6.92561 
27.2764 6.89959 
26.7172 6.75814 
25.5351 6.45913 
25.5809 6.47072 
25.5664 6.46705 
25.0589 6.33867 
25.2129 6.37763 
24.7193 6.25277 
24.948 6.31063 
25.0757 6.34292 
24.7976 6.27258 
25.0898 6.34649 
24.2785 6.14126 
24.4468 6.18385 
24.507 6.19908 
24.5288 6.20459 
24.5291 6.20467 
25.0389 6.33361 
24.9686 6.31584 
25.3244 6.40583 
25.9326 6.55967 
26.1072 6.60384 
26.4739 6.6966 
26.9366 6.81364 
26.8923 6.80244 
27.664 6.99764 
27.8618 7.04767 
28.5085 7.21126 
29.3727 7.42987 
30.3414 7.6749 
31.7296 8.02604 
32.5032 8.22173 
33.8248 8.55603 
34.4368 8.71082 
35.375 8.94814 
36.3191 9.18696 
36.3013 9.18246 
36.523 9.23854 
37.4783 9.48019 
37.2856 9.43144 
37.3008 9.43528 
36.8899 9.33133 
36.5811 9.25323 
36.5315 9.24068 
36.573 9.25118 
35.6245 9.01125 
35.145 8.88997 
34.9876 8.85016 
35.9428 9.09176 
35.775 9.04932 
36.1376 9.14104 
36.0309 9.11405 
35.7195 9.03528 
35.7932 9.05393 
35.8259 9.0622 
35.683 9.02606 
35.4959 8.97874 
34.8905 8.8256 
35.4152 8.95832 
35.4393 8.9644 
35.3717 8.94732 
35.1549 8.89248 
35.4813 8.97503 
36.0207 9.11148 
35.6706 9.02292 
35.9214 9.08635 
36.9174 9.3383 
36.1022 9.1321 
35.5634 8.99581 
35.5671 8.99673 
35.6666 9.0219 
35.9023 9.08153 
35.6433 9.01602 
36.0751 9.12524 
35.1507 8.8914 
35.603 9.00581 
36.0156 9.11019 
35.3975 8.95383 
34.9237 8.834 
35.3333 8.9376 
34.4774 8.72109 
33.2897 8.42067 
33.8187 8.55447 
33.1427 8.38347 
32.6241 8.2523 
31.2439 7.90319 
30.924 7.82227 
30.5551 7.72896 
29.6114 7.49023 
28.9866 7.33219 
28.2446 7.14451 
28.3087 7.16073 
28.3323 7.16669 
27.4429 6.94172 


0.934568 0.934568 
0.923415 0.923415 
0.919945 0.919945 
0.901085 0.901085 
0.861217 0.861217 
0.862762 0.862762 
0.862274 0.862274 
0.845156 0.845156 
0.850351 0.850351 
0.833703 0.833703 
0.841418 0.841418 
0.845723 0.845723 
0.836344 0.836344 
0.846199 0.846199 
0.818835 0.818835 
0.824514 0.824514 
0.826544 0.826544 
0.827279 0.827279 
0.82729 0.82729 
0.844481 0.844481 
0.842113 0.842113 
0.85411 0.85411 
0.874622 0.874622 
0.880513 0.880513 
0.89288 0.89288 
0.908485 0.908485 
0.906992 0.906992 
0.933019 0.933019 
0.93969 0.93969 
0.961501 0.961501 
0.990649 0.990649 
1.02332 1.02332 
1.07014 1.07014 
1.09623 1.09623 
1.1408 1.1408 
1.16144 1.16144 
1.19309 1.19309 
1.22493 1.22493 
1.22433 1.22433 
1.23181 1.23181 
1.26403 1.26403 
1.25753 1.25753 
1.25804 1.25804 
1.24418 1.24418 
1.23376 1.23376 
1.23209 1.23209 
1.23349 1.23349 
1.2015 1.2015 
1.18533 1.18533 
1.18002 1.18002 
1.21224 1.21224 
1.20658 1.20658 
1.2188 1.2188 
1.21521 1.21521 
1.2047 1.2047 
1.20719 1.20719 
1.20829 1.20829 
1.20348 1.20348 
1.19717 1.19717 
1.17675 1.17675 
1.19444 1.19444 
1.19525 1.19525 
1.19298 1.19298 
1.18566 1.18566 
1.19667 1.19667 
1.21486 1.21486 
1.20306 1.20306 
1.21151 1.21151 
1.24511 1.24511 
1.21761 1.21761 
1.19944 1.19944 
1.19956 1.19956 
1.20292 1.20292 
1.21087 1.21087 
1.20214 1.20214 
1.2167 1.2167 
1.18552 1.18552 
1.20077 1.20077 
1.21469 1.21469 
1.19384 1.19384 
1.17787 1.17787 
1.19168 1.19168 
1.16281 1.16281 
1.12276 1.12276 
1.1406 1.1406 
1.1178 1.1178 
1.10031 1.10031 
1.05376 1.05376 
1.04297 1.04297 
1.03053 1.03053 
0.998698 0.998698 
0.977625 0.977625 
0.952601 0.952601 
0.954764 0.954764 
0.955559 0.955559 
0.925562 0.925562 


14.6447 2.06539 
14.4699 2.04075 
14.4155 2.03308 
14.12 1.9914 
13.4953 1.90329 
13.5195 1.90671 
13.5118 1.90562 
13.2436 1.8678 
13.325 1.87928 
13.0641 1.84248 
13.185 1.85953 
13.2525 1.86905 
13.1055 1.84832 
13.2599 1.8701 
12.8311 1.80963 
12.9201 1.82218 
12.9519 1.82666 
12.9635 1.82829 
12.9636 1.82831 
13.233 1.8663 
13.1959 1.86107 
13.3839 1.88758 
13.7053 1.93292 
13.7976 1.94593 
13.9914 1.97326 
14.236 2.00775 
14.2126 2.00445 
14.6204 2.06197 
14.7249 2.07671 
15.0667 2.12492 
15.5235 2.18933 
16.0354 2.26154 
16.7691 2.36501 
17.1779 2.42267 
17.8764 2.52118 
18.1998 2.56679 
18.6956 2.63672 
19.1946 2.70709 
19.1852 2.70576 
19.3024 2.72229 
19.8073 2.7935 
19.7054 2.77913 
19.7134 2.78026 
19.4963 2.74963 
19.3331 2.72662 
19.3069 2.72292 
19.3288 2.72602 
18.8275 2.65531 
18.5741 2.61958 
18.4909 2.60785 
18.9957 2.67904 
18.907 2.66653 
19.0987 2.69356 
19.0423 2.68561 
18.8777 2.6624 
18.9167 2.66789 
18.934 2.67033 
18.8585 2.65968 
18.7596 2.64573 
18.4396 2.60061 
18.7169 2.63972 
18.7296 2.64151 
18.6939 2.63648 
18.5794 2.62032 
18.7518 2.64464 
19.0369 2.68485 
18.8519 2.65875 
18.9844 2.67745 
19.5108 2.75168 
19.08 2.69093 
18.7952 2.65077 
18.7972 2.65104 
18.8498 2.65845 
18.9744 2.67603 
18.8375 2.65672 
19.0657 2.6889 
18.5771 2.62 
18.8161 2.65371 
19.0342 2.68447 
18.7075 2.63839 
18.4572 2.60308 
18.6736 2.63361 
18.2213 2.56982 
17.5936 2.48129 
17.8731 2.52072 
17.5159 2.47033 
17.2418 2.43168 
16.5124 2.32881 
16.3433 2.30496 
16.1484 2.27747 
15.6496 2.20712 
15.3194 2.16055 
14.9273 2.10525 
14.9611 2.11003 
14.9736 2.11178 
14.5036 2.04549 


0.934568 0.934568 
0.923415 0.923415 
0.919945 0.919945 
0.901085 0.901085 
0.861217 0.861217 
0.862762 0.862762 
0.862274 0.862274 
0.845156 0.845156 
0.850351 0.850351 
0.833703 0.833703 
0.841418 0.841418 
0.845723 0.845723 
0.836344 0.836344 
0.846199 0.846199 
0.818835 0.818835 
0.824514 0.824514 
0.826544 0.826544 
0.827279 0.827279 
0.82729 0.82729 
0.844481 0.844481 
0.842113 0.842113 
0.85411 0.85411 
0.874622 0.874622 
0.880513 0.880513 
0.89288 0.89288 
0.908485 0.908485 
0.906992 0.906992 
0.933019 0.933019 
0.93969 0.93969 
0.961501 0.961501 
0.990649 0.990649 
1.02332 1.02332 
1.07014 1.07014 
1.09623 1.09623 
1.1408 1.1408 
1.16144 1.16144 
1.19309 1.19309 
1.22493 1.22493 
1.22433 1.22433 
1.23181 1.23181 
1.26403 1.26403 
1.25753 1.25753 
1.25804 1.25804 
1.24418 1.24418 
1.23376 1.23376 
1.23209 1.23209 
1.23349 1.23349 
1.2015 1.2015 
1.18533 1.18533 
1.18002 1.18002 
1.21224 1.21224 
1.20658 1.20658 
1.2188 1.2188 
1.21521 1.21521 
1.2047 1.2047 
1.20719 1.20719 
1.20829 1.20829 
1.20348 1.20348 
1.19717 1.19717 
1.17675 1.17675 
1.19444 1.19444 
1.19525 1.19525 
1.19298 1.19298 
1.18566 1.18566 
1.19667 1.19667 
1.21486 1.21486 
1.20306 1.20306 
1.21151 1.21151 
1.24511 1.24511 
1.21761 1.21761 
1.19944 1.19944 
1.19956 1.19956 
1.20292 1.20292 
1.21087 1.21087 
1.20214 1.20214 
1.2167 1.2167 
1.18552 1.18552 
1.20077 1.20077 
1.21469 1.21469 
1.19384 1.19384 
1.17787 1.17787 
1.19168 1.19168 
1.16281 1.16281 
1.12276 1.12276 
1.1406 1.1406 
1.1178 1.1178 
1.10031 1.10031 
1.05376 1.05376 
1.04297 1.04297 
1.03053 1.03053 
0.998698 0.998698 
0.977625 0.977625 
0.952601 0.952601 
0.954764 0.954764 
0.955559 0.955559 
0.925562 0.925562 


14.4391 0.654197 
14.2668 0.64639 
14.2132 0.643961 
13.9218 0.63076 
13.3058 0.602852 
13.3297 0.603934 
13.3221 0.603592 
13.0577 0.591609 
13.1379 0.595246 
12.8807 0.583592 
12.9999 0.588992 
13.0664 0.592006 
12.9215 0.585441 
13.0738 0.592339 
12.651 0.573184 
12.7387 0.57716 
12.7701 0.578581 
12.7815 0.579095 
12.7816 0.579103 
13.0472 0.591137 
13.0106 0.589479 
13.196 0.597877 
13.5129 0.612236 
13.6039 0.616359 
13.795 0.625016 
14.0361 0.635939 
14.013 0.634895 
14.4151 0.653113 
14.5182 0.657783 
14.8552 0.673051 
15.3055 0.693454 
15.8103 0.716324 
16.5336 0.749097 
16.9368 0.767361 
17.6254 0.798563 
17.9443 0.81301 
18.4332 0.835159 
18.9251 0.857449 
18.9159 0.857029 
19.0314 0.862263 
19.5292 0.884817 
19.4288 0.880267 
19.4367 0.880626 
19.2225 0.870924 
19.0616 0.863635 
19.0358 0.862464 
19.0574 0.863444 
18.5632 0.84105 
18.3133 0.82973 
18.2313 0.826015 
18.729 0.848564 
18.6416 0.844603 
18.8305 0.853163 
18.7749 0.850644 
18.6127 0.843293 
18.6511 0.845034 
18.6681 0.845806 
18.5937 0.842433 
18.4962 0.838016 
18.1807 0.823722 
18.4541 0.83611 
18.4667 0.836678 
18.4315 0.835083 
18.3185 0.829965 
18.4886 0.83767 
18.7696 0.850405 
18.5872 0.842139 
18.7179 0.84806 
19.2369 0.871574 
18.8121 0.85233 
18.5314 0.839609 
18.5333 0.839695 
18.5851 0.842044 
18.708 0.84761 
18.573 0.841495 
18.798 0.851689 
18.3163 0.829864 
18.552 0.840542 
18.767 0.850285 
18.4449 0.835691 
18.198 0.824506 
18.4115 0.834176 
17.9655 0.813969 
17.3466 0.785929 
17.6222 0.798417 
17.27 0.782457 
16.9997 0.770214 
16.2806 0.737631 
16.1139 0.730078 
15.9216 0.721369 
15.4299 0.699088 
15.1043 0.684337 
14.7177 0.666821 
14.7511 0.668335 
14.7634 0.668891 
14.2999 0.647894 


8.60737 1.46727 
8.50465 1.44976 
8.47269 1.44431 
8.29899 1.4147 
7.93181 1.35211 
7.94604 1.35454 
7.94154 1.35377 
7.78389 1.3269 
7.83174 1.33505 
7.6784 1.30891 
7.74946 1.32103 
7.7891 1.32778 
7.70273 1.31306 
7.79349 1.32853 
7.54147 1.28557 
7.59377 1.29449 
7.61247 1.29767 
7.61924 1.29883 
7.61934 1.29885 
7.77767 1.32584 
7.75586 1.32212 
7.86635 1.34095 
8.05527 1.37316 
8.10952 1.3824 
8.22342 1.40182 
8.36715 1.42632 
8.3534 1.42398 
8.5931 1.46484 
8.65454 1.47531 
8.85543 1.50956 
9.12387 1.55532 
9.42478 1.60661 
9.85598 1.68012 
10.0963 1.72108 
10.5068 1.79106 
10.6969 1.82346 
10.9883 1.87314 
11.2816 1.92314 
11.2761 1.92219 
11.3449 1.93393 
11.6417 1.98452 
11.5818 1.97431 
11.5865 1.97512 
11.4589 1.95336 
11.363 1.93701 
11.3476 1.93438 
11.3605 1.93658 
11.0658 1.88636 
10.9169 1.86097 
10.868 1.85263 
11.1647 1.90321 
11.1126 1.89432 
11.2252 1.91352 
11.192 1.90787 
11.0953 1.89138 
11.1182 1.89529 
11.1284 1.89702 
11.084 1.88946 
11.0259 1.87955 
10.8378 1.84749 
11.0008 1.87527 
11.0083 1.87655 
10.9873 1.87297 
10.92 1.86149 
11.0213 1.87877 
11.1889 1.90734 
11.0801 1.8888 
11.158 1.90208 
11.4674 1.95482 
11.2142 1.91165 
11.0469 1.88312 
11.048 1.88332 
11.0789 1.88858 
11.1521 1.90107 
11.0717 1.88735 
11.2058 1.91022 
10.9186 1.86127 
11.0591 1.88522 
11.1873 1.90707 
10.9953 1.87433 
10.8481 1.84925 
10.9754 1.87094 
10.7095 1.82562 
10.3406 1.76273 
10.5049 1.79074 
10.2949 1.75494 
10.1338 1.72748 
9.70512 1.6544 
9.60574 1.63746 
9.49116 1.61793 
9.198 1.56796 
9.00393 1.53487 
8.77346 1.49558 
8.79337 1.49898 
8.8007 1.50023 
8.52443 1.45313 


8.60737 1.46727 
8.50465 1.44976 
8.47269 1.44431 
8.29899 1.4147 
7.93181 1.35211 
7.94604 1.35454 
7.94154 1.35377 
7.78389 1.3269 
7.83174 1.33505 
7.6784 1.30891 
7.74946 1.32103 
7.7891 1.32778 
7.70273 1.31306 
7.79349 1.32853 
7.54147 1.28557 
7.59377 1.29449 
7.61247 1.29767 
7.61924 1.29883 
7.61934 1.29885 
7.77767 1.32584 
7.75586 1.32212 
7.86635 1.34095 
8.05527 1.37316 
8.10952 1.3824 
8.22342 1.40182 
8.36715 1.42632 
8.3534 1.42398 
8.5931 1.46484 
8.65454 1.47531 
8.85543 1.50956 
9.12387 1.55532 
9.42478 1.60661 
9.85598 1.68012 
10.0963 1.72108 
10.5068 1.79106 
10.6969 1.82346 
10.9883 1.87314 
11.2816 1.92314 
11.2761 1.92219 
11.3449 1.93393 
11.6417 1.98452 
11.5818 1.97431 
11.5865 1.97512 
11.4589 1.95336 
11.363 1.93701 
11.3476 1.93438 
11.3605 1.93658 
11.0658 1.88636 
10.9169 1.86097 
10.868 1.85263 
11.1647 1.90321 
11.1126 1.89432 
11.2252 1.91352 
11.192 1.90787 
11.0953 1.89138 
11.1182 1.89529 
11.1284 1.89702 
11.084 1.88946 
11.0259 1.87955 
10.8378 1.84749 
11.0008 1.87527 
11.0083 1.87655 
10.9873 1.87297 
10.92 1.86149 
11.0213 1.87877 
11.1889 1.90734 
11.0801 1.8888 
11.158 1.90208 
11.4674 1.95482 
11.2142 1.91165 
11.0469 1.88312 
11.048 1.88332 
11.0789 1.88858 
11.1521 1.90107 
11.0717 1.88735 
11.2058 1.91022 
10.9186 1.86127 
11.0591 1.88522 
11.1873 1.90707 
10.9953 1.87433 
10.8481 1.84925 
10.9754 1.87094 
10.7095 1.82562 
10.3406 1.76273 
10.5049 1.79074 
10.2949 1.75494 
10.1338 1.72748 
9.70512 1.6544 
9.60574 1.63746 
9.49116 1.61793 
9.198 1.56796 
9.00393 1.53487 
8.77346 1.49558 
8.79337 1.49898 
8.8007 1.50023 
8.52443 1.45313 


14.6447 2.06539 
14.4699 2.04075 
14.4155 2.03308 
14.12 1.9914 
13.4953 1.90329 
13.5195 1.90671 
13.5118 1.90562 
13.2436 1.8678 
13.325 1.87928 
13.0641 1.84248 
13.185 1.85953 
13.2525 1.86905 
13.1055 1.84832 
13.2599 1.8701 
12.8311 1.80963 
12.9201 1.82218 
12.9519 1.82666 
12.9635 1.82829 
12.9636 1.82831 
13.233 1.8663 
13.1959 1.86107 
13.3839 1.88758 
13.7053 1.93292 
13.7976 1.94593 
13.9914 1.97326 
14.236 2.00775 
14.2126 2.00445 
14.6204 2.06197 
14.7249 2.07671 
15.0667 2.12492 
15.5235 2.18933 
16.0354 2.26154 
16.7691 2.36501 
17.1779 2.42267 
17.8764 2.52118 
18.1998 2.56679 
18.6956 2.63672 
19.1946 2.70709 
19.1852 2.70576 
19.3024 2.72229 
19.8073 2.7935 
19.7054 2.77913 
19.7134 2.78026 
19.4963 2.74963 
19.3331 2.72662 
19.3069 2.72292 
19.3288 2.72602 
18.8275 2.65531 
18.5741 2.61958 
18.4909 2.60785 
18.9957 2.67904 
18.907 2.66653 
19.0987 2.69356 
19.0423 2.68561 
18.8777 2.6624 
18.9167 2.66789 
18.934 2.67033 
18.8585 2.65968 
18.7596 2.64573 
18.4396 2.60061 
18.7169 2.63972 
18.7296 2.64151 
18.6939 2.63648 
18.5794 2.62032 
18.7518 2.64464 
19.0369 2.68485 
18.8519 2.65875 
18.9844 2.67745 
19.5108 2.75168 
19.08 2.69093 
18.7952 2.65077 
18.7972 2.65104 
18.8498 2.65845 
18.9744 2.67603 
18.8375 2.65672 
19.0657 2.6889 
18.5771 2.62 
18.8161 2.65371 
19.0342 2.68447 
18.7075 2.63839 
18.4572 2.60308 
18.6736 2.63361 
18.2213 2.56982 
17.5936 2.48129 
17.8731 2.52072 
17.5159 2.47033 
17.2418 2.43168 
16.5124 2.32881 
16.3433 2.30496 
16.1484 2.27747 
15.6496 2.20712 
15.3194 2.16055 
14.9273 2.10525 
14.9611 2.11003 
14.9736 2.11178 
14.5036 2.04549 


0.934568 0.934568 
0.923415 0.923415 
0.919945 0.919945 
0.901085 0.901085 
0.861217 0.861217 
0.862762 0.862762 
0.862274 0.862274 
0.845156 0.845156 
0.850351 0.850351 
0.833703 0.833703 
0.841418 0.841418 
0.845723 0.845723 
0.836344 0.836344 
0.846199 0.846199 
0.818835 0.818835 
0.824514 0.824514 
0.826544 0.826544 
0.827279 0.827279 
0.82729 0.82729 
0.844481 0.844481 
0.842113 0.842113 
0.85411 0.85411 
0.874622 0.874622 
0.880513 0.880513 
0.89288 0.89288 
0.908485 0.908485 
0.906992 0.906992 
0.933019 0.933019 
0.93969 0.93969 
0.961501 0.961501 
0.990649 0.990649 
1.02332 1.02332 
1.07014 1.07014 
1.09623 1.09623 
1.1408 1.1408 
1.16144 1.16144 
1.19309 1.19309 
1.22493 1.22493 
1.22433 1.22433 
1.23181 1.23181 
1.26403 1.26403 
1.25753 1.25753 
1.25804 1.25804 
1.24418 1.24418 
1.23376 1.23376 
1.23209 1.23209 
1.23349 1.23349 
1.2015 1.2015 
1.18533 1.18533 
1.18002 1.18002 
1.21224 1.21224 
1.20658 1.20658 
1.2188 1.2188 
1.21521 1.21521 
1.2047 1.2047 
1.20719 1.20719 
1.20829 1.20829 
1.20348 1.20348 
1.19717 1.19717 
1.17675 1.17675 
1.19444 1.19444 
1.19525 1.19525 
1.19298 1.19298 
1.18566 1.18566 
1.19667 1.19667 
1.21486 1.21486 
1.20306 1.20306 
1.21151 1.21151 
1.24511 1.24511 
1.21761 1.21761 
1.19944 1.19944 
1.19956 1.19956 
1.20292 1.20292 
1.21087 1.21087 
1.20214 1.20214 
1.2167 1.2167 
1.18552 1.18552 
1.20077 1.20077 
1.21469 1.21469 
1.19384 1.19384 
1.17787 1.17787 
1.19168 1.19168 
1.16281 1.16281 
1.12276 1.12276 
1.1406 1.1406 
1.1178 1.1178 
1.10031 1.10031 
1.05376 1.05376 
1.04297 1.04297 
1.03053 1.03053 
0.998698 0.998698 
0.977625 0.977625 
0.952601 0.952601 
0.954764 0.954764 
0.955559 0.955559 
0.925562 0.925562 


8.47653 1.7383 
8.37537 1.71755 
8.3439 1.7111 
8.17284 1.67602 
7.81124 1.60186 
7.82526 1.60474 
7.82082 1.60383 
7.66557 1.57199 
7.71269 1.58165 
7.56168 1.55069 
7.63166 1.56504 
7.6707 1.57304 
7.58564 1.5556 
7.67502 1.57393 
7.42683 1.52303 
7.47834 1.5336 
7.49675 1.53737 
7.50342 1.53874 
7.50352 1.53876 
7.65944 1.57074 
7.63796 1.56633 
7.74678 1.58864 
7.93283 1.6268 
7.98625 1.63775 
8.09842 1.66076 
8.23996 1.68978 
8.22642 1.68701 
8.46248 1.73541 
8.52299 1.74782 
8.72082 1.78839 
8.98518 1.84261 
9.28151 1.90338 
9.70616 1.99046 
9.94281 2.03899 
10.3471 2.12189 
10.5343 2.16028 
10.8213 2.21914 
11.1101 2.27837 
11.1047 2.27725 
11.1725 2.29116 
11.4647 2.35109 
11.4058 2.339 
11.4104 2.33995 
11.2847 2.31417 
11.1902 2.2948 
11.1751 2.29169 
11.1878 2.29429 
10.8976 2.23479 
10.7509 2.20471 
10.7028 2.19484 
10.995 2.25476 
10.9436 2.24423 
11.0546 2.26698 
11.0219 2.26028 
10.9267 2.24075 
10.9492 2.24538 
10.9592 2.24743 
10.9155 2.23846 
10.8583 2.22673 
10.6731 2.18875 
10.8336 2.22166 
10.841 2.22317 
10.8203 2.21894 
10.754 2.20533 
10.8538 2.22581 
11.0188 2.25965 
10.9117 2.23768 
10.9884 2.25342 
11.2931 2.3159 
11.0438 2.26476 
10.8789 2.23096 
10.88 2.23119 
10.9105 2.23743 
10.9826 2.25222 
10.9034 2.23597 
11.0355 2.26306 
10.7527 2.20507 
10.891 2.23344 
11.0173 2.25933 
10.8282 2.22055 
10.6832 2.19083 
10.8085 2.21652 
10.5467 2.16283 
10.1834 2.08833 
10.3452 2.12151 
10.1384 2.0791 
9.97978 2.04657 
9.55759 1.95999 
9.45973 1.93992 
9.34688 1.91678 
9.05819 1.85758 
8.86706 1.81838 
8.64009 1.77184 
8.65971 1.77586 
8.66692 1.77734 
8.39485 1.72155 


0.934568 0.934568 
0.923415 0.923415 
0.919945 0.919945 
0.901085 0.901085 
0.861217 0.861217 
0.862762 0.862762 
0.862274 0.862274 
0.845156 0.845156 
0.850351 0.850351 
0.833703 0.833703 
0.841418 0.841418 
0.845723 0.845723 
0.836344 0.836344 
0.846199 0.846199 
0.818835 0.818835 
0.824514 0.824514 
0.826544 0.826544 
0.827279 0.827279 
0.82729 0.82729 
0.844481 0.844481 
0.842113 0.842113 
0.85411 0.85411 
0.874622 0.874622 
0.880513 0.880513 
0.89288 0.89288 
0.908485 0.908485 
0.906992 0.906992 
0.933019 0.933019 
0.93969 0.93969 
0.961501 0.961501 
0.990649 0.990649 
1.02332 1.02332 
1.07014 1.07014 
1.09623 1.09623 
1.1408 1.1408 
1.16144 1.16144 
1.19309 1.19309 
1.22493 1.22493 
1.22433 1.22433 
1.23181 1.23181 
1.26403 1.26403 
1.25753 1.25753 
1.25804 1.25804 
1.24418 1.24418 
1.23376 1.23376 
1.23209 1.23209 
1.23349 1.23349 
1.2015 1.2015 
1.18533 1.18533 
1.18002 1.18002 
1.21224 1.21224 
1.20658 1.20658 
1.2188 1.2188 
1.21521 1.21521 
1.2047 1.2047 
1.20719 1.20719 
1.20829 1.20829 
1.20348 1.20348 
1.19717 1.19717 
1.17675 1.17675 
1.19444 1.19444 
1.19525 1.19525 
1.19298 1.19298 
1.18566 1.18566 
1.19667 1.19667 
1.21486 1.21486 
1.20306 1.20306 
1.21151 1.21151 
1.24511 1.24511 
1.21761 1.21761 
1.19944 1.19944 
1.19956 1.19956 
1.20292 1.20292 
1.21087 1.21087 
1.20214 1.20214 
1.2167 1.2167 
1.18552 1.18552 
1.20077 1.20077 
1.21469 1.21469 
1.19384 1.19384 
1.17787 1.17787 
1.19168 1.19168 
1.16281 1.16281 
1.12276 1.12276 
1.1406 1.1406 
1.1178 1.1178 
1.10031 1.10031 
1.05376 1.05376 
1.04297 1.04297 
1.03053 1.03053 
0.998698 0.998698 
0.977625 0.977625 
0.952601 0.952601 
0.954764 0.954764 
0.955559 0.955559 
0.925562 0.925562 


14.4391 0.654197 
14.2668 0.64639 
14.2132 0.643961 
13.9218 0.63076 
13.3058 0.602852 
13.3297 0.603934 
13.3221 0.603592 
13.0577 0.591609 
13.1379 0.595246 
12.8807 0.583592 
12.9999 0.588992 
13.0664 0.592006 
12.9215 0.585441 
13.0738 0.592339 
12.651 0.573184 
12.7387 0.57716 
12.7701 0.578581 
12.7815 0.579095 
12.7816 0.579103 
13.0472 0.591137 
13.0106 0.589479 
13.196 0.597877 
13.5129 0.612236 
13.6039 0.616359 
13.795 0.625016 
14.0361 0.635939 
14.013 0.634895 
14.4151 0.653113 
14.5182 0.657783 
14.8552 0.673051 
15.3055 0.693454 
15.8103 0.716324 
16.5336 0.749097 
16.9368 0.767361 
17.6254 0.798563 
17.9443 0.81301 
18.4332 0.835159 
18.9251 0.857449 
18.9159 0.857029 
19.0314 0.862263 
19.5292 0.884817 
19.4288 0.880267 
19.4367 0.880626 
19.2225 0.870924 
19.0616 0.863635 
19.0358 0.862464 
19.0574 0.863444 
18.5632 0.84105 
18.3133 0.82973 
18.2313 0.826015 
18.729 0.848564 
18.6416 0.844603 
18.8305 0.853163 
18.7749 0.850644 
18.6127 0.843293 
18.6511 0.845034 
18.6681 0.845806 
18.5937 0.842433 
18.4962 0.838016 
18.1807 0.823722 
18.4541 0.83611 
18.4667 0.836678 
18.4315 0.835083 
18.3185 0.829965 
18.4886 0.83767 
18.7696 0.850405 
18.5872 0.842139 
18.7179 0.84806 
19.2369 0.871574 
18.8121 0.85233 
18.5314 0.839609 
18.5333 0.839695 
18.5851 0.842044 
18.708 0.84761 
18.573 0.841495 
18.798 0.851689 
18.3163 0.829864 
18.552 0.840542 
18.767 0.850285 
18.4449 0.835691 
18.198 0.824506 
18.4115 0.834176 
17.9655 0.813969 
17.3466 0.785929 
17.6222 0.798417 
17.27 0.782457 
16.9997 0.770214 
16.2806 0.737631 
16.1139 0.730078 
15.9216 0.721369 
15.4299 0.699088 
15.1043 0.684337 
14.7177 0.666821 
14.7511 0.668335 
14.7634 0.668891 
14.2999 0.647894 


8.47653 1.7383 
8.37537 1.71755 
8.3439 1.7111 
8.17284 1.67602 
7.81124 1.60186 
7.82526 1.60474 
7.82082 1.60383 
7.66557 1.57199 
7.71269 1.58165 
7.56168 1.55069 
7.63166 1.56504 
7.6707 1.57304 
7.58564 1.5556 
7.67502 1.57393 
7.42683 1.52303 
7.47834 1.5336 
7.49675 1.53737 
7.50342 1.53874 
7.50352 1.53876 
7.65944 1.57074 
7.63796 1.56633 
7.74678 1.58864 
7.93283 1.6268 
7.98625 1.63775 
8.09842 1.66076 
8.23996 1.68978 
8.22642 1.68701 
8.46248 1.73541 
8.52299 1.74782 
8.72082 1.78839 
8.98518 1.84261 
9.28151 1.90338 
9.70616 1.99046 
9.94281 2.03899 
10.3471 2.12189 
10.5343 2.16028 
10.8213 2.21914 
11.1101 2.27837 
11.1047 2.27725 
11.1725 2.29116 
11.4647 2.35109 
11.4058 2.339 
11.4104 2.33995 
11.2847 2.31417 
11.1902 2.2948 
11.1751 2.29169 
11.1878 2.29429 
10.8976 2.23479 
10.7509 2.20471 
10.7028 2.19484 
10.995 2.25476 
10.9436 2.24423 
11.0546 2.26698 
11.0219 2.26028 
10.9267 2.24075 
10.9492 2.24538 
10.9592 2.24743 
10.9155 2.23846 
10.8583 2.22673 
10.6731 2.18875 
10.8336 2.22166 
10.841 2.22317 
10.8203 2.21894 
10.754 2.20533 
10.8538 2.22581 
11.0188 2.25965 
10.9117 2.23768 
10.9884 2.25342 
11.2931 2.3159 
11.0438 2.26476 
10.8789 2.23096 
10.88 2.23119 
10.9105 2.23743 
10.9826 2.25222 
10.9034 2.23597 
11.0355 2.26306 
10.7527 2.20507 
10.891 2.23344 
11.0173 2.25933 
10.8282 2.22055 
10.6832 2.19083 
10.8085 2.21652 
10.5467 2.16283 
10.1834 2.08833 
10.3452 2.12151 
10.1384 2.0791 
9.97978 2.04657 
9.55759 1.95999 
9.45973 1.93992 
9.34688 1.91678 
9.05819 1.85758 
8.86706 1.81838 
8.64009 1.77184 
8.65971 1.77586 
8.66692 1.77734 
8.39485 1.72155 


24.1773 5.95319 
23.8887 5.88215 
23.799 5.86005 
23.3111 5.73991 
22.2797 5.48596 
22.3197 5.4958 
22.307 5.49268 
21.8642 5.38365 
21.9986 5.41674 
21.5679 5.31068 
21.7675 5.35983 
21.8788 5.38725 
21.6362 5.32751 
21.8912 5.39029 
21.1833 5.21598 
21.3302 5.25215 
21.3827 5.26508 
21.4017 5.26977 
21.402 5.26984 
21.8467 5.37935 
21.7855 5.36426 
22.0958 5.44068 
22.6265 5.57135 
22.7789 5.60886 
23.0988 5.68765 
23.5025 5.78705 
23.4639 5.77754 
24.1372 5.94333 
24.3098 5.98583 
24.874 6.12476 
25.6281 6.31043 
26.4733 6.51855 
27.6845 6.81678 
28.3595 6.98299 
29.5126 7.26692 
30.0465 7.39839 
30.8651 7.59995 
31.6889 7.80279 
31.6734 7.79897 
31.8668 7.8466 
32.7003 8.05184 
32.5322 8.01043 
32.5454 8.0137 
32.1869 7.92541 
31.9175 7.85908 
31.8742 7.84842 
31.9104 7.85734 
31.0828 7.65355 
30.6645 7.55054 
30.5271 7.51674 
31.3605 7.72194 
31.2141 7.68589 
31.5305 7.76379 
31.4374 7.74086 
31.1657 7.67396 
31.23 7.68981 
31.2586 7.69683 
31.1339 7.66614 
30.9707 7.62594 
30.4424 7.49587 
30.9002 7.6086 
30.9212 7.61377 
30.8623 7.59926 
30.6731 7.55268 
30.9579 7.6228 
31.4285 7.73868 
31.1231 7.66347 
31.3419 7.71734 
32.2109 7.93133 
31.4997 7.7562 
31.0295 7.64044 
31.0327 7.64122 
31.1195 7.6626 
31.3252 7.71325 
31.0993 7.65761 
31.476 7.75037 
30.6694 7.55176 
31.064 7.64894 
31.4241 7.73759 
30.8847 7.60478 
30.4714 7.50301 
30.8288 7.591 
30.082 7.40712 
29.0457 7.15196 
29.5072 7.2656 
28.9174 7.12036 
28.4649 7.00895 
27.2607 6.71244 
26.9816 6.64371 
26.6597 6.56446 
25.8363 6.3617 
25.2912 6.22747 
24.6438 6.06807 
24.6997 6.08185 
24.7203 6.08691 
23.9443 5.89583 


