-160.357 -47.9564 
-158.736 -47.4716 
-155.377 -46.4669 
-153.731 -45.9749 
-146.103 -43.6936 
-148.489 -44.407 
-147.009 -43.9644 
-145.317 -43.4586 
-144.872 -43.3253 
-143.531 -42.9245 
-145.71 -43.5761 
-142.387 -42.5823 
-142.574 -42.6383 
-142.844 -42.719 
-140.058 -41.8857 
-139.736 -41.7895 
-141.846 -42.4203 
-141.775 -42.3991 
-142.07 -42.4873 
-142.397 -42.5852 
-143.024 -42.7729 
-146.842 -43.9146 
-148.591 -44.4375 
-150.009 -44.8618 
-150.119 -44.8947 
-153.537 -45.9168 
-155.451 -46.4891 
-158.395 -47.3697 
-160.649 -48.0437 
-163.598 -48.9257 
-167.123 -49.9797 
-175.331 -52.4346 
-179.764 -53.7603 
-186.072 -55.6467 
-193.908 -57.9901 
-197.323 -59.0114 
-204.076 -61.0309 
-208.46 -62.3421 
-207.51 -62.058 
-206.941 -61.8878 
-213.592 -63.877 
-211.601 -63.2815 
-211.581 -63.2754 
-213.935 -63.9794 
-209.465 -62.6424 
-206.787 -61.8417 
-209.152 -62.5488 
-204.46 -61.1458 
-202.205 -60.4715 
-202.094 -60.4382 
-207.727 -62.1229 
-207.282 -61.9898 
-208.499 -62.3537 
-206.663 -61.8047 
-204.76 -61.2355 
-208.837 -62.4548 
-208.124 -62.2414 
-207.026 -61.9132 
-204.446 -61.1417 
-200.168 -59.8623 
-200.327 -59.9099 
-202.774 -60.6417 
-203.363 -60.8176 
-199.964 -59.8011 
-205.267 -61.3871 
-205.419 -61.4325 
-203.448 -60.843 
-206.868 -61.866 
-212.005 -63.4022 
-207.596 -62.0837 
-205.297 -61.3961 
-206.586 -61.7815 
-203.905 -60.9797 
-203.387 -60.825 
-206.761 -61.834 
-205.377 -61.4199 
-203.284 -60.7941 
-202.99 -60.7061 
-203.395 -60.8273 
-205.31 -61.4001 
-202.859 -60.6671 
-201.622 -60.2972 
-196.775 -58.8474 
-193.859 -57.9755 
-191.822 -57.3663 
-189.509 -56.6747 
-185.537 -55.4865 
-181.445 -54.263 
-175.874 -52.5969 
-175.273 -52.4172 
-170.354 -50.946 
-164.557 -49.2125 
-161.902 -48.4183 
-161.12 -48.1846 
-161.676 -48.3509 
-158.144 -47.2944 


-124.837 -37.781 
-123.575 -37.399 
-120.96 -36.6075 
-119.679 -36.2199 
-113.741 -34.4227 
-115.598 -34.9847 
-114.446 -34.636 
-113.129 -34.2375 
-112.782 -34.1325 
-111.739 -33.8167 
-113.435 -34.3301 
-110.848 -33.5472 
-110.994 -33.5913 
-111.204 -33.6548 
-109.034 -32.9983 
-108.784 -32.9226 
-110.426 -33.4195 
-110.371 -33.4028 
-110.601 -33.4723 
-110.855 -33.5494 
-111.344 -33.6973 
-114.316 -34.5968 
-115.677 -35.0088 
-116.782 -35.343 
-116.867 -35.3689 
-119.528 -36.1741 
-121.018 -36.625 
-123.31 -37.3188 
-125.065 -37.8498 
-127.36 -38.5446 
-130.104 -39.375 
-136.495 -41.309 
-139.946 -42.3534 
-144.856 -43.8396 
-150.956 -45.6857 
-153.615 -46.4903 
-158.872 -48.0813 
-162.285 -49.1143 
-161.546 -48.8905 
-161.103 -48.7564 
-166.281 -50.3235 
-164.731 -49.8544 
-164.715 -49.8496 
-166.548 -50.4042 
-163.067 -49.3509 
-160.983 -48.72 
-162.824 -49.2772 
-159.171 -48.1718 
-157.416 -47.6406 
-157.329 -47.6144 
-161.715 -48.9416 
-161.368 -48.8367 
-162.316 -49.1235 
-160.886 -48.6909 
-159.405 -48.2425 
-162.579 -49.2031 
-162.023 -49.035 
-161.169 -48.7764 
-159.161 -48.1686 
-155.83 -47.1607 
-155.954 -47.1982 
-157.859 -47.7747 
-158.317 -47.9133 
-155.671 -47.1124 
-159.799 -48.362 
-159.918 -48.3977 
-158.383 -47.9333 
-161.046 -48.7392 
-165.045 -49.9495 
-161.613 -48.9107 
-159.823 -48.369 
-160.826 -48.6727 
-158.739 -48.041 
-158.336 -47.9191 
-160.963 -48.714 
-159.885 -48.3878 
-158.256 -47.8948 
-158.027 -47.8254 
-158.342 -47.9209 
-159.833 -48.3722 
-157.925 -47.7947 
-156.962 -47.5033 
-153.188 -46.3611 
-150.919 -45.6743 
-149.333 -45.1943 
-147.532 -44.6494 
-144.439 -43.7134 
-141.254 -42.7495 
-136.917 -41.4369 
-136.449 -41.2953 
-132.62 -40.1362 
-128.107 -38.7705 
-126.04 -38.1449 
-125.431 -37.9608 
-125.864 -38.0917 
-123.114 -37.2595 


0.961012 0.273229 
0.951297 0.270467 
0.931164 0.264743 
0.921304 0.261939 
0.87559 0.248942 
0.889885 0.253007 
0.881016 0.250485 
0.87088 0.247603 
0.868209 0.246844 
0.860176 0.24456 
0.873235 0.248273 
0.853319 0.24261 
0.854441 0.242929 
0.856058 0.243389 
0.839359 0.238641 
0.837433 0.238094 
0.850073 0.241687 
0.849649 0.241567 
0.851416 0.242069 
0.853377 0.242627 
0.857138 0.243696 
0.880018 0.250201 
0.890497 0.253181 
0.898999 0.255598 
0.899658 0.255785 
0.920139 0.261608 
0.931608 0.264869 
0.949255 0.269886 
0.962763 0.273727 
0.980435 0.278751 
1.00156 0.284757 
1.05075 0.298743 
1.07732 0.306296 
1.11512 0.317044 
1.16208 0.330395 
1.18255 0.336214 
1.22302 0.34772 
1.24929 0.355191 
1.2436 0.353572 
1.24019 0.352603 
1.28005 0.363935 
1.26812 0.360543 
1.26799 0.360508 
1.2821 0.364519 
1.25531 0.356902 
1.23926 0.352339 
1.25343 0.356369 
1.22532 0.348375 
1.21181 0.344533 
1.21114 0.344343 
1.2449 0.353942 
1.24223 0.353183 
1.24952 0.355257 
1.23852 0.352129 
1.22712 0.348886 
1.25155 0.355833 
1.24727 0.354617 
1.2407 0.352747 
1.22524 0.348352 
1.1996 0.341062 
1.20055 0.341333 
1.21522 0.345503 
1.21874 0.346505 
1.19837 0.340713 
1.23015 0.34975 
1.23106 0.350009 
1.21925 0.34665 
1.23975 0.352478 
1.27054 0.361231 
1.24411 0.353718 
1.23033 0.349801 
1.23806 0.351997 
1.22199 0.347429 
1.21889 0.346547 
1.23911 0.352296 
1.23081 0.349936 
1.21827 0.346371 
1.21651 0.34587 
1.21894 0.34656 
1.23041 0.349824 
1.21573 0.345648 
1.20831 0.34354 
1.17926 0.33528 
1.16179 0.330313 
1.14958 0.326841 
1.13572 0.322901 
1.11191 0.316132 
1.08739 0.309161 
1.05401 0.299668 
1.0504 0.298644 
1.02092 0.290262 
0.986183 0.280385 
0.970269 0.275861 
0.965586 0.274529 
0.968917 0.275476 
0.947747 0.269457 


2.2612 1.1306 
2.23834 1.11917 
2.19097 1.09549 
2.16777 1.08389 
2.06021 1.03011 
2.09385 1.04692 
2.07298 1.03649 
2.04913 1.02456 
2.04284 1.02142 
2.02394 1.01197 
2.05467 1.02734 
2.00781 1.00391 
2.01045 1.00523 
2.01425 1.00713 
1.97496 0.987482 
1.97043 0.985215 
2.00017 1.00009 
1.99917 0.999586 
2.00333 1.00167 
2.00794 1.00397 
2.01679 1.0084 
2.07063 1.03532 
2.09529 1.04764 
2.11529 1.05765 
2.11684 1.05842 
2.16503 1.08252 
2.19202 1.09601 
2.23354 1.11677 
2.26532 1.13266 
2.30691 1.15345 
2.35661 1.1783 
2.47236 1.23618 
2.53486 1.26743 
2.62382 1.31191 
2.73431 1.36715 
2.78246 1.39123 
2.87768 1.43884 
2.93951 1.46975 
2.92612 1.46306 
2.91809 1.45905 
3.01188 1.50594 
2.9838 1.4919 
2.98352 1.49176 
3.01671 1.50835 
2.95367 1.47684 
2.91591 1.45796 
2.94926 1.47463 
2.8831 1.44155 
2.85131 1.42565 
2.84974 1.42487 
2.92917 1.46459 
2.9229 1.46145 
2.94006 1.47003 
2.91417 1.45709 
2.88733 1.44367 
2.94482 1.47241 
2.93476 1.46738 
2.91929 1.45964 
2.88291 1.44145 
2.82258 1.41129 
2.82483 1.41241 
2.85933 1.42967 
2.86763 1.43381 
2.8197 1.40985 
2.89448 1.44724 
2.89662 1.44831 
2.86882 1.43441 
2.91706 1.45853 
2.9895 1.49475 
2.92732 1.46366 
2.8949 1.44745 
2.91308 1.45654 
2.87527 1.43764 
2.86798 1.43399 
2.91555 1.45778 
2.89603 1.44801 
2.86652 1.43326 
2.86237 1.43118 
2.86808 1.43404 
2.89509 1.44755 
2.86053 1.43027 
2.84309 1.42154 
2.77473 1.38737 
2.73362 1.36681 
2.70489 1.35245 
2.67228 1.33614 
2.61626 1.30813 
2.55857 1.27929 
2.48001 1.24001 
2.47154 1.23577 
2.40217 1.20108 
2.32043 1.16022 
2.28299 1.14149 
2.27197 1.13598 
2.27981 1.1399 
2.22999 1.115 


2.65692 0.452241 
2.63006 0.447669 
2.5744 0.438195 
2.54713 0.433555 
2.42075 0.412042 
2.46027 0.418769 
2.43575 0.414596 
2.40773 0.409826 
2.40034 0.408569 
2.37813 0.404789 
2.41424 0.410934 
2.35918 0.401562 
2.36228 0.40209 
2.36675 0.402851 
2.32058 0.394993 
2.31526 0.394086 
2.3502 0.400034 
2.34903 0.399835 
2.35391 0.400666 
2.35934 0.401589 
2.36973 0.403359 
2.43299 0.414126 
2.46196 0.419057 
2.48547 0.423058 
2.48729 0.423368 
2.54391 0.433007 
2.57562 0.438404 
2.62441 0.446708 
2.66176 0.453065 
2.71062 0.461381 
2.76901 0.471322 
2.90502 0.494471 
2.97847 0.506973 
3.08298 0.524763 
3.21281 0.546861 
3.26939 0.556492 
3.38128 0.575537 
3.45392 0.587902 
3.43819 0.585223 
3.42876 0.583618 
3.53896 0.602376 
3.50597 0.596761 
3.50563 0.596703 
3.54463 0.603342 
3.47056 0.590734 
3.4262 0.583183 
3.46538 0.589852 
3.38764 0.57662 
3.35029 0.570262 
3.34844 0.569948 
3.44178 0.585835 
3.4344 0.584579 
3.45457 0.588011 
3.42415 0.582834 
3.39262 0.577466 
3.46017 0.588965 
3.44835 0.586952 
3.43016 0.583858 
3.38742 0.576582 
3.31654 0.564517 
3.31917 0.564965 
3.35972 0.571867 
3.36946 0.573526 
3.31314 0.563939 
3.40102 0.578896 
3.40353 0.579325 
3.37087 0.573765 
3.42755 0.583412 
3.51266 0.597899 
3.43961 0.585465 
3.40151 0.578981 
3.42287 0.582616 
3.37844 0.575054 
3.36987 0.573595 
3.42577 0.583111 
3.40283 0.579205 
3.36816 0.573304 
3.36328 0.572474 
3.37 0.573617 
3.40173 0.579019 
3.36113 0.572107 
3.34063 0.568618 
3.26031 0.554946 
3.212 0.546724 
3.17825 0.540979 
3.13993 0.534457 
3.07411 0.523252 
3.00632 0.511714 
2.91402 0.496003 
2.90406 0.494308 
2.82255 0.480434 
2.72651 0.464086 
2.68251 0.456597 
2.66956 0.454393 
2.67877 0.455961 
2.62024 0.445999 


2.04451 0.141325 
2.02384 0.139897 
1.98101 0.136936 
1.96003 0.135486 
1.86277 0.128763 
1.89319 0.130865 
1.87432 0.129561 
1.85275 0.128071 
1.84707 0.127678 
1.82998 0.126496 
1.85776 0.128417 
1.81539 0.125488 
1.81778 0.125653 
1.82122 0.125891 
1.7857 0.123435 
1.7816 0.123152 
1.80849 0.125011 
1.80759 0.124948 
1.81135 0.125208 
1.81552 0.125497 
1.82352 0.12605 
1.87219 0.129414 
1.89449 0.130955 
1.91258 0.132206 
1.91398 0.132303 
1.95755 0.135315 
1.98195 0.137001 
2.01949 0.139596 
2.04823 0.141583 
2.08583 0.144182 
2.13077 0.147288 
2.23542 0.154522 
2.29194 0.158429 
2.37237 0.163988 
2.47227 0.170894 
2.51581 0.173904 
2.60191 0.179855 
2.65781 0.183719 
2.6457 0.182882 
2.63844 0.182381 
2.72324 0.188243 
2.69786 0.186488 
2.69759 0.18647 
2.72761 0.188544 
2.67061 0.184604 
2.63647 0.182245 
2.66662 0.184329 
2.6068 0.180194 
2.57806 0.178207 
2.57664 0.178109 
2.64846 0.183073 
2.64279 0.182681 
2.6583 0.183754 
2.6349 0.182136 
2.61063 0.180458 
2.66261 0.184051 
2.65351 0.183423 
2.63952 0.182455 
2.60663 0.180182 
2.55209 0.176411 
2.55411 0.176552 
2.58531 0.178708 
2.59281 0.179227 
2.54948 0.176231 
2.61709 0.180905 
2.61903 0.181039 
2.5939 0.179302 
2.63751 0.182316 
2.703 0.186844 
2.64679 0.182958 
2.61748 0.180932 
2.63391 0.182067 
2.59973 0.179704 
2.59313 0.179249 
2.63615 0.182222 
2.61849 0.181002 
2.59181 0.179158 
2.58806 0.178898 
2.59323 0.179255 
2.61765 0.180943 
2.5864 0.178783 
2.57063 0.177693 
2.50882 0.173421 
2.47165 0.170851 
2.44567 0.169056 
2.41619 0.167018 
2.36554 0.163516 
2.31337 0.159911 
2.24235 0.155001 
2.23468 0.154471 
2.17196 0.150136 
2.09806 0.145027 
2.0642 0.142687 
2.05424 0.141998 
2.06132 0.142488 
2.01629 0.139375 


6.256 0.358024 
6.19275 0.354405 
6.0617 0.346904 
5.99751 0.343231 
5.69992 0.3262 
5.79298 0.331526 
5.73524 0.328222 
5.66926 0.324445 
5.65187 0.32345 
5.59958 0.320458 
5.68459 0.325323 
5.55494 0.317903 
5.56224 0.318321 
5.57277 0.318924 
5.46406 0.312702 
5.45152 0.311985 
5.53381 0.316694 
5.53105 0.316536 
5.54255 0.317194 
5.55531 0.317925 
5.5798 0.319326 
5.72874 0.32785 
5.79696 0.331754 
5.85231 0.334921 
5.8566 0.335167 
5.98993 0.342797 
6.06459 0.34707 
6.17947 0.353644 
6.2674 0.358676 
6.38244 0.36526 
6.51995 0.37313 
6.84019 0.391457 
7.01313 0.401354 
7.25922 0.415437 
7.56491 0.432932 
7.69814 0.440556 
7.96159 0.455633 
8.13264 0.465422 
8.09559 0.463302 
8.07339 0.462031 
8.33287 0.476881 
8.25519 0.472435 
8.25439 0.47239 
8.34623 0.477646 
8.17182 0.467665 
8.06736 0.461686 
8.15961 0.466966 
7.97658 0.456491 
7.88862 0.451457 
7.88428 0.451209 
8.10405 0.463786 
8.08668 0.462792 
8.13416 0.465509 
8.06254 0.46141 
7.98829 0.457161 
8.14735 0.466264 
8.11951 0.464671 
8.0767 0.462221 
7.97605 0.456461 
7.80915 0.446909 
7.81535 0.447264 
7.91082 0.452728 
7.93377 0.454041 
7.80116 0.446452 
8.00806 0.458293 
8.01399 0.458632 
7.93708 0.454231 
8.07054 0.461868 
8.27094 0.473337 
8.09893 0.463493 
8.00923 0.45836 
8.05952 0.461237 
7.95492 0.455251 
7.93473 0.454096 
8.06636 0.461629 
8.01234 0.458537 
7.93071 0.453866 
7.91922 0.453208 
7.93503 0.454113 
8.00976 0.45839 
7.91414 0.452918 
7.86588 0.450156 
7.67675 0.439332 
7.56302 0.432823 
7.48354 0.428275 
7.39332 0.423111 
7.23832 0.414241 
7.07871 0.405107 
6.86137 0.392669 
6.83792 0.391327 
6.646 0.380343 
6.41986 0.367402 
6.31626 0.361473 
6.28577 0.359728 
6.30746 0.360969 
6.16965 0.353082 


1.28135 0.252501 
1.2684 0.249949 
1.24155 0.244659 
1.2284 0.242068 
1.16745 0.230057 
1.18651 0.233813 
1.17469 0.231483 
1.16117 0.228819 
1.15761 0.228118 
1.1469 0.226007 
1.16431 0.229438 
1.13776 0.224205 
1.13926 0.2245 
1.14141 0.224925 
1.11915 0.220538 
1.11658 0.220031 
1.13343 0.223353 
1.13286 0.223241 
1.13522 0.223705 
1.13784 0.224221 
1.14285 0.225209 
1.17336 0.23122 
1.18733 0.233974 
1.19866 0.236207 
1.19954 0.236381 
1.22685 0.241762 
1.24214 0.244775 
1.26567 0.249412 
1.28368 0.252961 
1.30725 0.257605 
1.33541 0.263155 
1.401 0.27608 
1.43642 0.28306 
1.48683 0.292993 
1.54944 0.305331 
1.57673 0.310708 
1.63069 0.321341 
1.66572 0.328245 
1.65813 0.32675 
1.65358 0.325853 
1.70673 0.336327 
1.69082 0.333191 
1.69066 0.333159 
1.70947 0.336866 
1.67375 0.329827 
1.65235 0.32561 
1.67125 0.329334 
1.63376 0.321946 
1.61574 0.318396 
1.61485 0.318221 
1.65986 0.327091 
1.65631 0.32639 
1.66603 0.328306 
1.65136 0.325416 
1.63615 0.322419 
1.66873 0.328839 
1.66303 0.327715 
1.65426 0.325987 
1.63365 0.321925 
1.59946 0.315188 
1.60074 0.315439 
1.62029 0.319292 
1.62499 0.320218 
1.59783 0.314866 
1.64021 0.323217 
1.64142 0.323456 
1.62567 0.320352 
1.653 0.325739 
1.69405 0.333827 
1.65882 0.326885 
1.64045 0.323264 
1.65074 0.325294 
1.62932 0.321072 
1.62519 0.320257 
1.65215 0.32557 
1.64108 0.32339 
1.62436 0.320095 
1.62201 0.319631 
1.62525 0.320269 
1.64055 0.323285 
1.62097 0.319426 
1.61108 0.317478 
1.57235 0.309845 
1.54905 0.305254 
1.53277 0.302046 
1.51429 0.298405 
1.48255 0.292149 
1.44986 0.285707 
1.40534 0.276935 
1.40054 0.275988 
1.36123 0.268242 
1.31491 0.259115 
1.29369 0.254933 
1.28745 0.253703 
1.29189 0.254578 
1.26366 0.249016 


1.74301 0.358024 
1.72539 0.354405 
1.68888 0.346904 
1.67099 0.343231 
1.58808 0.3262 
1.61401 0.331526 
1.59792 0.328222 
1.57954 0.324445 
1.57469 0.32345 
1.56012 0.320458 
1.58381 0.325323 
1.54769 0.317903 
1.54972 0.318321 
1.55265 0.318924 
1.52237 0.312702 
1.51887 0.311985 
1.5418 0.316694 
1.54103 0.316536 
1.54423 0.317194 
1.54779 0.317925 
1.55461 0.319326 
1.59611 0.32785 
1.61512 0.331754 
1.63054 0.334921 
1.63173 0.335167 
1.66888 0.342797 
1.68968 0.34707 
1.72169 0.353644 
1.74619 0.358676 
1.77824 0.36526 
1.81655 0.37313 
1.90578 0.391457 
1.95396 0.401354 
2.02252 0.415437 
2.10769 0.432932 
2.14481 0.440556 
2.21821 0.455633 
2.26587 0.465422 
2.25555 0.463302 
2.24936 0.462031 
2.32166 0.476881 
2.30001 0.472435 
2.29979 0.47239 
2.32538 0.477646 
2.27679 0.467665 
2.24768 0.461686 
2.27339 0.466966 
2.22239 0.456491 
2.19788 0.451457 
2.19667 0.451209 
2.2579 0.463786 
2.25307 0.462792 
2.26629 0.465509 
2.24634 0.46141 
2.22565 0.457161 
2.26997 0.466264 
2.26221 0.464671 
2.25028 0.462221 
2.22224 0.456461 
2.17574 0.446909 
2.17747 0.447264 
2.20407 0.452728 
2.21046 0.454041 
2.17352 0.446452 
2.23116 0.458293 
2.23281 0.458632 
2.21139 0.454231 
2.24857 0.461868 
2.3044 0.473337 
2.25648 0.463493 
2.23149 0.45836 
2.2455 0.461237 
2.21636 0.455251 
2.21073 0.454096 
2.24741 0.461629 
2.23235 0.458537 
2.20961 0.453866 
2.20641 0.453208 
2.21081 0.454113 
2.23163 0.45839 
2.20499 0.452918 
2.19155 0.450156 
2.13885 0.439332 
2.10717 0.432823 
2.08502 0.428275 
2.05988 0.423111 
2.0167 0.414241 
1.97223 0.405107 
1.91168 0.392669 
1.90514 0.391327 
1.85167 0.380343 
1.78867 0.367402 
1.7598 0.361473 
1.75131 0.359728 
1.75735 0.360969 
1.71895 0.353082 


5.58706 1.44152 
5.53058 1.42694 
5.41353 1.39675 
5.35621 1.38196 
5.09044 1.31338 
5.17355 1.33483 
5.12199 1.32152 
5.06306 1.30632 
5.04753 1.30231 
5.00083 1.29026 
5.07675 1.30985 
4.96096 1.27998 
4.96749 1.28166 
4.97689 1.28409 
4.8798 1.25904 
4.8686 1.25615 
4.94209 1.27511 
4.93962 1.27447 
4.9499 1.27712 
4.9613 1.28006 
4.98316 1.28571 
5.11618 1.32003 
5.1771 1.33575 
5.22653 1.3485 
5.23036 1.34949 
5.34944 1.38021 
5.41611 1.39741 
5.51871 1.42388 
5.59724 1.44414 
5.69998 1.47065 
5.82279 1.50234 
6.10878 1.57613 
6.26323 1.61598 
6.48301 1.67268 
6.75601 1.74312 
6.875 1.77382 
7.11028 1.83452 
7.26303 1.87394 
7.22994 1.8654 
7.21012 1.86028 
7.44185 1.92007 
7.37248 1.90217 
7.37177 1.90199 
7.45379 1.92315 
7.29803 1.88297 
7.20474 1.85889 
7.28712 1.88015 
7.12366 1.83798 
7.04511 1.81771 
7.04123 1.81671 
7.2375 1.86735 
7.22199 1.86335 
7.26439 1.87429 
7.20043 1.85778 
7.13412 1.84067 
7.27617 1.87733 
7.25131 1.87091 
7.21307 1.86105 
7.12319 1.83786 
6.97413 1.7994 
6.97968 1.80083 
7.06494 1.82282 
7.08543 1.82811 
6.967 1.79756 
7.15178 1.84523 
7.15707 1.8466 
7.08839 1.82888 
7.20757 1.85963 
7.38655 1.9058 
7.23293 1.86617 
7.15283 1.8455 
7.19773 1.85709 
7.10432 1.83299 
7.08629 1.82833 
7.20385 1.85867 
7.1556 1.84622 
7.0827 1.82741 
7.07244 1.82476 
7.08656 1.8284 
7.15329 1.84562 
7.0679 1.82359 
7.0248 1.81247 
6.8559 1.76889 
6.75432 1.74268 
6.68334 1.72437 
6.60277 1.70358 
6.46434 1.66787 
6.3218 1.63109 
6.1277 1.58101 
6.10676 1.57561 
5.93536 1.53138 
5.7334 1.47927 
5.64088 1.4554 
5.61365 1.44838 
5.63302 1.45338 
5.50994 1.42162 


2.48733 0.61241 
2.46218 0.606218 
2.41007 0.593389 
2.38455 0.587105 
2.26623 0.557974 
2.30323 0.567084 
2.28028 0.561432 
2.25404 0.554972 
2.24713 0.55327 
2.22634 0.548152 
2.26014 0.556473 
2.20859 0.543782 
2.2115 0.544497 
2.21568 0.545527 
2.17246 0.534886 
2.16747 0.533658 
2.20019 0.541713 
2.19909 0.541443 
2.20366 0.542569 
2.20874 0.543818 
2.21847 0.546215 
2.27769 0.560796 
2.30482 0.567474 
2.32682 0.572891 
2.32853 0.573311 
2.38154 0.586363 
2.41122 0.593672 
2.4569 0.604918 
2.49186 0.613525 
2.5376 0.624787 
2.59227 0.638248 
2.71959 0.669597 
2.78835 0.686526 
2.8862 0.710617 
3.00774 0.740541 
3.06071 0.753583 
3.16545 0.779373 
3.23346 0.796117 
3.21873 0.79249 
3.2099 0.790316 
3.31307 0.815717 
3.28218 0.808113 
3.28187 0.808035 
3.31838 0.817026 
3.24904 0.799953 
3.2075 0.789726 
3.24418 0.798757 
3.17141 0.78084 
3.13644 0.772229 
3.13471 0.771804 
3.22209 0.793318 
3.21519 0.791618 
3.23406 0.796265 
3.20559 0.789254 
3.17607 0.781986 
3.23931 0.797557 
3.22824 0.794831 
3.21122 0.79064 
3.1712 0.780788 
3.10484 0.76445 
3.10731 0.765057 
3.14527 0.774403 
3.15439 0.776649 
3.10167 0.763668 
3.18393 0.783922 
3.18629 0.784502 
3.15571 0.776973 
3.20877 0.790038 
3.28845 0.809655 
3.22006 0.792817 
3.18439 0.784037 
3.20439 0.788959 
3.1628 0.77872 
3.15477 0.776744 
3.20711 0.789629 
3.18563 0.78434 
3.15317 0.776349 
3.14861 0.775225 
3.15489 0.776773 
3.1846 0.784088 
3.14659 0.774728 
3.1274 0.770003 
3.0522 0.751489 
3.00698 0.740356 
2.97538 0.732575 
2.93951 0.723743 
2.87789 0.708571 
2.81443 0.692946 
2.72801 0.67167 
2.71869 0.669375 
2.64239 0.650587 
2.55247 0.62845 
2.51128 0.618308 
2.49916 0.615324 
2.50779 0.617447 
2.45299 0.603956 


4.54125 -0.0376867 
4.49534 -0.0373057 
4.40021 -0.0365163 
4.35361 -0.0361296 
4.13759 -0.0343369 
4.20514 -0.0348975 
4.16323 -0.0345497 
4.11533 -0.0341521 
4.10271 -0.0340474 
4.06475 -0.0337324 
4.12646 -0.0342445 
4.03235 -0.0334635 
4.03765 -0.0335075 
4.04529 -0.0335709 
3.96638 -0.0329161 
3.95728 -0.0328405 
4.01701 -0.0333362 
4.01501 -0.0333195 
4.02336 -0.0333888 
4.03262 -0.0334658 
4.0504 -0.0336132 
4.15852 -0.0345105 
4.20803 -0.0349215 
4.24821 -0.0352549 
4.25132 -0.0352807 
4.34811 -0.0360839 
4.4023 -0.0365337 
4.4857 -0.0372257 
4.54953 -0.0377554 
4.63304 -0.0384485 
4.73285 -0.0392768 
4.96532 -0.0412059 
5.09085 -0.0422478 
5.2695 -0.0437303 
5.4914 -0.0455718 
5.58811 -0.0463744 
5.77935 -0.0479614 
5.90351 -0.0489918 
5.87662 -0.0487686 
5.8605 -0.0486349 
6.04886 -0.050198 
5.99247 -0.04973 
5.99189 -0.0497252 
6.05856 -0.0502785 
5.93196 -0.0492279 
5.85613 -0.0485985 
5.92309 -0.0491543 
5.79023 -0.0480517 
5.72638 -0.0475218 
5.72323 -0.0474957 
5.88276 -0.0488195 
5.87015 -0.048715 
5.90461 -0.049001 
5.85262 -0.0485695 
5.79873 -0.0481222 
5.91419 -0.0490804 
5.89398 -0.0489127 
5.8629 -0.0486548 
5.78984 -0.0480485 
5.66869 -0.047043 
5.67319 -0.0470805 
5.74249 -0.0476555 
5.75915 -0.0477938 
5.66289 -0.046995 
5.81308 -0.0482414 
5.81738 -0.0482771 
5.76156 -0.0478137 
5.85843 -0.0486177 
6.00391 -0.049825 
5.87904 -0.0487887 
5.81393 -0.0482484 
5.85043 -0.0485513 
5.7745 -0.0479212 
5.75985 -0.0477996 
5.8554 -0.0485926 
5.81619 -0.0482671 
5.75693 -0.0477754 
5.74859 -0.0477062 
5.76007 -0.0478014 
5.81431 -0.0482515 
5.7449 -0.0476755 
5.70987 -0.0473848 
5.57258 -0.0462455 
5.49002 -0.0455603 
5.43233 -0.0450816 
5.36684 -0.0445381 
5.25432 -0.0436044 
5.13846 -0.0426429 
4.98069 -0.0413335 
4.96367 -0.0411923 
4.82436 -0.0400362 
4.6602 -0.0386739 
4.58499 -0.0380498 
4.56287 -0.0378661 
4.57861 -0.0379968 
4.47857 -0.0371666 


21.5757 2.02566 
21.3575 2.00518 
20.9056 1.96275 
20.6842 1.94196 
19.6578 1.84561 
19.9788 1.87574 
19.7797 1.85704 
19.5521 1.83568 
19.4921 1.83005 
19.3118 1.81312 
19.605 1.84064 
19.1579 1.79866 
19.183 1.80103 
19.2193 1.80444 
18.8444 1.76924 
18.8012 1.76518 
19.085 1.79182 
19.0754 1.79093 
19.1151 1.79465 
19.1591 1.79878 
19.2436 1.80671 
19.7573 1.85494 
19.9925 1.87703 
20.1834 1.89495 
20.1982 1.89634 
20.658 1.93951 
20.9155 1.96368 
21.3117 2.00088 
21.615 2.02935 
22.0117 2.0666 
22.486 2.11113 
23.5904 2.21482 
24.1868 2.27082 
25.0356 2.3505 
26.0898 2.44948 
26.5493 2.49262 
27.4579 2.57793 
28.0478 2.63331 
27.92 2.62131 
27.8435 2.61412 
28.7384 2.69814 
28.4705 2.67299 
28.4677 2.67273 
28.7844 2.70247 
28.1829 2.646 
27.8227 2.61217 
28.1408 2.64204 
27.5096 2.58278 
27.2062 2.5543 
27.1913 2.55289 
27.9492 2.62405 
27.8893 2.61843 
28.053 2.6338 
27.806 2.61061 
27.55 2.58657 
28.0985 2.63807 
28.0025 2.62906 
27.8549 2.6152 
27.5078 2.58261 
26.9321 2.52856 
26.9536 2.53057 
27.2828 2.56149 
27.362 2.56892 
26.9046 2.52598 
27.6182 2.59297 
27.6386 2.59489 
27.3734 2.56999 
27.8336 2.6132 
28.5248 2.67809 
27.9316 2.6224 
27.6222 2.59335 
27.7956 2.60963 
27.4349 2.57576 
27.3653 2.56923 
27.8192 2.61185 
27.6329 2.59436 
27.3514 2.56793 
27.3118 2.56421 
27.3663 2.56933 
27.624 2.59352 
27.2943 2.56256 
27.1278 2.54693 
26.4755 2.4857 
26.0833 2.44887 
25.8092 2.42313 
25.498 2.39392 
24.9635 2.34373 
24.413 2.29205 
23.6635 2.22168 
23.5826 2.21409 
22.9207 2.15194 
22.1408 2.07872 
21.7835 2.04517 
21.6783 2.0353 
21.7531 2.04233 
21.2778 1.9977 


27.9353 7.06627 
27.6529 6.99483 
27.0677 6.8468 
26.781 6.77429 
25.4522 6.43816 
25.8677 6.54327 
25.6099 6.47806 
25.3153 6.40353 
25.2376 6.38389 
25.0041 6.32482 
25.3837 6.42084 
24.8048 6.27441 
24.8374 6.28266 
24.8844 6.29454 
24.399 6.17176 
24.343 6.15759 
24.7105 6.25054 
24.6981 6.24742 
24.7495 6.26041 
24.8065 6.27483 
24.9158 6.30248 
25.5809 6.47072 
25.8855 6.54777 
26.1327 6.61028 
26.1518 6.61513 
26.7472 6.76573 
27.0806 6.85006 
27.5936 6.97982 
27.9862 7.07914 
28.4999 7.20908 
29.1139 7.3644 
30.5439 7.72612 
31.3161 7.92145 
32.415 8.19942 
33.7801 8.5447 
34.375 8.69519 
35.5514 8.99276 
36.3152 9.18596 
36.1497 9.14411 
36.0506 9.11903 
37.2093 9.41212 
36.8624 9.32438 
36.8588 9.32348 
37.2689 9.42722 
36.4901 9.23022 
36.0237 9.11223 
36.4356 9.21643 
35.6183 9.00969 
35.2255 8.91034 
35.2062 8.90543 
36.1875 9.15367 
36.11 9.13405 
36.322 9.18768 
36.0021 9.10678 
35.6706 9.02291 
36.3808 9.20257 
36.2565 9.17113 
36.0654 9.12277 
35.616 9.00909 
34.8707 8.82057 
34.8984 8.82758 
35.3247 8.93542 
35.4272 8.96134 
34.835 8.81155 
35.7589 9.04525 
35.7854 9.05195 
35.4419 8.96508 
36.0379 9.11582 
36.9327 9.34218 
36.1647 9.14789 
35.7641 9.04658 
35.9887 9.10337 
35.5216 8.98522 
35.4315 8.96242 
36.0192 9.1111 
35.778 9.05008 
35.4135 8.95788 
35.3622 8.9449 
35.4328 8.96276 
35.7665 9.04717 
35.3395 8.93917 
35.124 8.88465 
34.2795 8.67103 
33.7716 8.54257 
33.4167 8.45279 
33.0138 8.35088 
32.3217 8.17582 
31.609 7.99553 
30.6385 7.75004 
30.5338 7.72356 
29.6768 7.50678 
28.667 7.25135 
28.2044 7.13433 
28.0682 7.09989 
28.1651 7.12439 
27.5497 6.96873 


0.942169 0.942169 
0.932644 0.932644 
0.912906 0.912906 
0.903239 0.903239 
0.858421 0.858421 
0.872436 0.872436 
0.863741 0.863741 
0.853804 0.853804 
0.851185 0.851185 
0.84331 0.84331 
0.856113 0.856113 
0.836588 0.836588 
0.837688 0.837688 
0.839272 0.839272 
0.822901 0.822901 
0.821013 0.821013 
0.833405 0.833405 
0.832989 0.832989 
0.834721 0.834721 
0.836644 0.836644 
0.840331 0.840331 
0.862762 0.862762 
0.873036 0.873036 
0.881371 0.881371 
0.882018 0.882018 
0.902098 0.902098 
0.913341 0.913341 
0.930643 0.930643 
0.943885 0.943885 
0.961211 0.961211 
0.98192 0.98192 
1.03015 1.03015 
1.05619 1.05619 
1.09326 1.09326 
1.13929 1.13929 
1.15936 1.15936 
1.19904 1.19904 
1.2248 1.2248 
1.21921 1.21921 
1.21587 1.21587 
1.25495 1.25495 
1.24325 1.24325 
1.24313 1.24313 
1.25696 1.25696 
1.2307 1.2307 
1.21496 1.21496 
1.22886 1.22886 
1.20129 1.20129 
1.18805 1.18805 
1.18739 1.18739 
1.22049 1.22049 
1.21787 1.21787 
1.22502 1.22502 
1.21424 1.21424 
1.20306 1.20306 
1.22701 1.22701 
1.22282 1.22282 
1.21637 1.21637 
1.20121 1.20121 
1.17608 1.17608 
1.17701 1.17701 
1.19139 1.19139 
1.19484 1.19484 
1.17487 1.17487 
1.20603 1.20603 
1.20693 1.20693 
1.19534 1.19534 
1.21544 1.21544 
1.24562 1.24562 
1.21972 1.21972 
1.20621 1.20621 
1.21378 1.21378 
1.19803 1.19803 
1.19499 1.19499 
1.21481 1.21481 
1.20668 1.20668 
1.19438 1.19438 
1.19265 1.19265 
1.19504 1.19504 
1.20629 1.20629 
1.19189 1.19189 
1.18462 1.18462 
1.15614 1.15614 
1.13901 1.13901 
1.12704 1.12704 
1.11345 1.11345 
1.09011 1.09011 
1.06607 1.06607 
1.03334 1.03334 
1.02981 1.02981 
1.0009 1.0009 
0.966846 0.966846 
0.951244 0.951244 
0.946653 0.946653 
0.949919 0.949919 
0.929164 0.929164 


8.67737 1.4792 
8.58965 1.46425 
8.40787 1.43326 
8.31883 1.41808 
7.90606 1.34772 
8.03514 1.36972 
7.95506 1.35607 
7.86353 1.34047 
7.83941 1.33636 
7.76689 1.324 
7.8848 1.3441 
7.70497 1.31344 
7.7151 1.31517 
7.7297 1.31766 
7.57892 1.29195 
7.56153 1.28899 
7.67566 1.30845 
7.67183 1.30779 
7.68778 1.31051 
7.70549 1.31353 
7.73945 1.31932 
7.94604 1.35454 
8.04066 1.37067 
8.11743 1.38375 
8.12338 1.38477 
8.30832 1.41629 
8.41187 1.43395 
8.57122 1.46111 
8.69318 1.4819 
8.85276 1.5091 
9.04348 1.54161 
9.48767 1.61733 
9.72754 1.65822 
10.0689 1.71641 
10.4929 1.78869 
10.6777 1.82019 
11.0431 1.88248 
11.2804 1.92293 
11.229 1.91417 
11.1982 1.90892 
11.5581 1.97027 
11.4503 1.9519 
11.4492 1.95172 
11.5766 1.97343 
11.3347 1.93219 
11.1898 1.90749 
11.3178 1.92931 
11.0639 1.88603 
10.9419 1.86523 
10.9359 1.8642 
11.2407 1.91617 
11.2166 1.91206 
11.2825 1.92329 
11.1831 1.90635 
11.0801 1.8888 
11.3008 1.92641 
11.2621 1.91982 
11.2028 1.9097 
11.0632 1.8859 
10.8317 1.84644 
10.8403 1.84791 
10.9727 1.87048 
11.0045 1.87591 
10.8206 1.84455 
11.1076 1.89347 
11.1158 1.89487 
11.0091 1.87669 
11.1942 1.90824 
11.4722 1.95563 
11.2336 1.91496 
11.1092 1.89375 
11.1789 1.90564 
11.0339 1.88091 
11.0059 1.87613 
11.1884 1.90726 
11.1135 1.89448 
11.0003 1.87518 
10.9843 1.87247 
11.0063 1.8762 
11.1099 1.89387 
10.9773 1.87127 
10.9104 1.85985 
10.648 1.81514 
10.4903 1.78824 
10.38 1.76945 
10.2549 1.74812 
10.0399 1.71147 
9.81852 1.67373 
9.51705 1.62234 
9.48453 1.6168 
9.21832 1.57142 
8.90465 1.51795 
8.76095 1.49345 
8.71867 1.48624 
8.74875 1.49137 
8.5576 1.45879 


0.942169 0.942169 
0.932644 0.932644 
0.912906 0.912906 
0.903239 0.903239 
0.858421 0.858421 
0.872436 0.872436 
0.863741 0.863741 
0.853804 0.853804 
0.851185 0.851185 
0.84331 0.84331 
0.856113 0.856113 
0.836588 0.836588 
0.837688 0.837688 
0.839272 0.839272 
0.822901 0.822901 
0.821013 0.821013 
0.833405 0.833405 
0.832989 0.832989 
0.834721 0.834721 
0.836644 0.836644 
0.840331 0.840331 
0.862762 0.862762 
0.873036 0.873036 
0.881371 0.881371 
0.882018 0.882018 
0.902098 0.902098 
0.913341 0.913341 
0.930643 0.930643 
0.943885 0.943885 
0.961211 0.961211 
0.98192 0.98192 
1.03015 1.03015 
1.05619 1.05619 
1.09326 1.09326 
1.13929 1.13929 
1.15936 1.15936 
1.19904 1.19904 
1.2248 1.2248 
1.21921 1.21921 
1.21587 1.21587 
1.25495 1.25495 
1.24325 1.24325 
1.24313 1.24313 
1.25696 1.25696 
1.2307 1.2307 
1.21496 1.21496 
1.22886 1.22886 
1.20129 1.20129 
1.18805 1.18805 
1.18739 1.18739 
1.22049 1.22049 
1.21787 1.21787 
1.22502 1.22502 
1.21424 1.21424 
1.20306 1.20306 
1.22701 1.22701 
1.22282 1.22282 
1.21637 1.21637 
1.20121 1.20121 
1.17608 1.17608 
1.17701 1.17701 
1.19139 1.19139 
1.19484 1.19484 
1.17487 1.17487 
1.20603 1.20603 
1.20693 1.20693 
1.19534 1.19534 
1.21544 1.21544 
1.24562 1.24562 
1.21972 1.21972 
1.20621 1.20621 
1.21378 1.21378 
1.19803 1.19803 
1.19499 1.19499 
1.21481 1.21481 
1.20668 1.20668 
1.19438 1.19438 
1.19265 1.19265 
1.19504 1.19504 
1.20629 1.20629 
1.19189 1.19189 
1.18462 1.18462 
1.15614 1.15614 
1.13901 1.13901 
1.12704 1.12704 
1.11345 1.11345 
1.09011 1.09011 
1.06607 1.06607 
1.03334 1.03334 
1.02981 1.02981 
1.0009 1.0009 
0.966846 0.966846 
0.951244 0.951244 
0.946653 0.946653 
0.949919 0.949919 
0.929164 0.929164 


21.5757 2.02566 
21.3575 2.00518 
20.9056 1.96275 
20.6842 1.94196 
19.6578 1.84561 
19.9788 1.87574 
19.7797 1.85704 
19.5521 1.83568 
19.4921 1.83005 
19.3118 1.81312 
19.605 1.84064 
19.1579 1.79866 
19.183 1.80103 
19.2193 1.80444 
18.8444 1.76924 
18.8012 1.76518 
19.085 1.79182 
19.0754 1.79093 
19.1151 1.79465 
19.1591 1.79878 
19.2436 1.80671 
19.7573 1.85494 
19.9925 1.87703 
20.1834 1.89495 
20.1982 1.89634 
20.658 1.93951 
20.9155 1.96368 
21.3117 2.00088 
21.615 2.02935 
22.0117 2.0666 
22.486 2.11113 
23.5904 2.21482 
24.1868 2.27082 
25.0356 2.3505 
26.0898 2.44948 
26.5493 2.49262 
27.4579 2.57793 
28.0478 2.63331 
27.92 2.62131 
27.8435 2.61412 
28.7384 2.69814 
28.4705 2.67299 
28.4677 2.67273 
28.7844 2.70247 
28.1829 2.646 
27.8227 2.61217 
28.1408 2.64204 
27.5096 2.58278 
27.2062 2.5543 
27.1913 2.55289 
27.9492 2.62405 
27.8893 2.61843 
28.053 2.6338 
27.806 2.61061 
27.55 2.58657 
28.0985 2.63807 
28.0025 2.62906 
27.8549 2.6152 
27.5078 2.58261 
26.9321 2.52856 
26.9536 2.53057 
27.2828 2.56149 
27.362 2.56892 
26.9046 2.52598 
27.6182 2.59297 
27.6386 2.59489 
27.3734 2.56999 
27.8336 2.6132 
28.5248 2.67809 
27.9316 2.6224 
27.6222 2.59335 
27.7956 2.60963 
27.4349 2.57576 
27.3653 2.56923 
27.8192 2.61185 
27.6329 2.59436 
27.3514 2.56793 
27.3118 2.56421 
27.3663 2.56933 
27.624 2.59352 
27.2943 2.56256 
27.1278 2.54693 
26.4755 2.4857 
26.0833 2.44887 
25.8092 2.42313 
25.498 2.39392 
24.9635 2.34373 
24.413 2.29205 
23.6635 2.22168 
23.5826 2.21409 
22.9207 2.15194 
22.1408 2.07872 
21.7835 2.04517 
21.6783 2.0353 
21.7531 2.04233 
21.2778 1.9977 


10.2225 2.11988 
10.1192 2.09845 
9.90503 2.05404 
9.80014 2.03229 
9.31387 1.93145 
9.46593 1.96298 
9.37159 1.94342 
9.26377 1.92106 
9.23536 1.91517 
9.14991 1.89745 
9.28882 1.92625 
9.07697 1.88232 
9.08891 1.8848 
9.10611 1.88836 
8.92848 1.85153 
8.90799 1.84728 
9.04244 1.87516 
9.03793 1.87422 
9.05673 1.87812 
9.07758 1.88245 
9.11759 1.89075 
9.36097 1.94122 
9.47244 1.96433 
9.56288 1.98309 
9.56989 1.98454 
9.78776 2.02972 
9.90975 2.05502 
10.0975 2.09395 
10.2412 2.12374 
10.4291 2.16273 
10.6538 2.20932 
11.1771 2.31783 
11.4597 2.37644 
11.8618 2.45983 
12.3613 2.56341 
12.579 2.60856 
13.0095 2.69783 
13.289 2.75579 
13.2285 2.74323 
13.1922 2.73571 
13.6162 2.82364 
13.4893 2.79732 
13.488 2.79705 
13.638 2.82817 
13.3531 2.76907 
13.1824 2.73367 
13.3331 2.76493 
13.034 2.70291 
12.8903 2.6731 
12.8832 2.67163 
13.2423 2.7461 
13.2139 2.74022 
13.2915 2.7563 
13.1745 2.73203 
13.0531 2.70687 
13.3131 2.76077 
13.2676 2.75134 
13.1976 2.73683 
13.0332 2.70273 
12.7604 2.64617 
12.7706 2.64828 
12.9266 2.68062 
12.9641 2.6884 
12.7474 2.64347 
13.0855 2.71358 
13.0951 2.71558 
12.9695 2.68952 
13.1876 2.73475 
13.515 2.80265 
13.2339 2.74437 
13.0874 2.71397 
13.1695 2.73101 
12.9986 2.69557 
12.9656 2.68873 
13.1807 2.73333 
13.0925 2.71502 
12.9591 2.68736 
12.9403 2.68347 
12.9661 2.68883 
13.0882 2.71415 
12.932 2.68175 
12.8531 2.6654 
12.5441 2.60131 
12.3582 2.56277 
12.2284 2.53584 
12.0809 2.50527 
11.8277 2.45274 
11.5669 2.39866 
11.2117 2.32501 
11.1734 2.31707 
10.8598 2.25203 
10.4903 2.1754 
10.321 2.1403 
10.2712 2.12997 
10.3066 2.13732 
10.0814 2.09062 


10.2225 2.11988 
10.1192 2.09845 
9.90503 2.05404 
9.80014 2.03229 
9.31387 1.93145 
9.46593 1.96298 
9.37159 1.94342 
9.26377 1.92106 
9.23536 1.91517 
9.14991 1.89745 
9.28882 1.92625 
9.07697 1.88232 
9.08891 1.8848 
9.10611 1.88836 
8.92848 1.85153 
8.90799 1.84728 
9.04244 1.87516 
9.03793 1.87422 
9.05673 1.87812 
9.07758 1.88245 
9.11759 1.89075 
9.36097 1.94122 
9.47244 1.96433 
9.56288 1.98309 
9.56989 1.98454 
9.78776 2.02972 
9.90975 2.05502 
10.0975 2.09395 
10.2412 2.12374 
10.4291 2.16273 
10.6538 2.20932 
11.1771 2.31783 
11.4597 2.37644 
11.8618 2.45983 
12.3613 2.56341 
12.579 2.60856 
13.0095 2.69783 
13.289 2.75579 
13.2285 2.74323 
13.1922 2.73571 
13.6162 2.82364 
13.4893 2.79732 
13.488 2.79705 
13.638 2.82817 
13.3531 2.76907 
13.1824 2.73367 
13.3331 2.76493 
13.034 2.70291 
12.8903 2.6731 
12.8832 2.67163 
13.2423 2.7461 
13.2139 2.74022 
13.2915 2.7563 
13.1745 2.73203 
13.0531 2.70687 
13.3131 2.76077 
13.2676 2.75134 
13.1976 2.73683 
13.0332 2.70273 
12.7604 2.64617 
12.7706 2.64828 
12.9266 2.68062 
12.9641 2.6884 
12.7474 2.64347 
13.0855 2.71358 
13.0951 2.71558 
12.9695 2.68952 
13.1876 2.73475 
13.515 2.80265 
13.2339 2.74437 
13.0874 2.71397 
13.1695 2.73101 
12.9986 2.69557 
12.9656 2.68873 
13.1807 2.73333 
13.0925 2.71502 
12.9591 2.68736 
12.9403 2.68347 
12.9661 2.68883 
13.0882 2.71415 
12.932 2.68175 
12.8531 2.6654 
12.5441 2.60131 
12.3582 2.56277 
12.2284 2.53584 
12.0809 2.50527 
11.8277 2.45274 
11.5669 2.39866 
11.2117 2.32501 
11.1734 2.31707 
10.8598 2.25203 
10.4903 2.1754 
10.321 2.1403 
10.2712 2.12997 
10.3066 2.13732 
10.0814 2.09062 


22.6121 11.306 
22.3835 11.1917 
21.9098 10.9549 
21.6777 10.8389 
20.6021 10.3011 
20.9385 10.4692 
20.7298 10.3649 
20.4913 10.2456 
20.4284 10.2142 
20.2394 10.1197 
20.5467 10.2734 
20.0781 10.0391 
20.1045 10.0523 
20.1425 10.0713 
19.7496 9.87481 
19.7043 9.85215 
20.0017 10.0009 
19.9917 9.99586 
20.0333 10.0167 
20.0795 10.0397 
20.1679 10.084 
20.7063 10.3531 
20.9529 10.4764 
21.1529 10.5765 
21.1684 10.5842 
21.6503 10.8252 
21.9202 10.9601 
22.3354 11.1677 
22.6532 11.3266 
23.0691 11.5345 
23.5661 11.783 
24.7236 12.3618 
25.3486 12.6743 
26.2382 13.1191 
27.343 13.6715 
27.8246 13.9123 
28.7768 14.3884 
29.3951 14.6975 
29.2612 14.6306 
29.1809 14.5905 
30.1188 15.0594 
29.838 14.919 
29.8351 14.9176 
30.1671 15.0835 
29.5367 14.7684 
29.1591 14.5796 
29.4926 14.7463 
28.831 14.4155 
28.5131 14.2565 
28.4974 14.2487 
29.2917 14.6459 
29.229 14.6145 
29.4006 14.7003 
29.1417 14.5709 
28.8733 14.4367 
29.4482 14.7241 
29.3476 14.6738 
29.1929 14.5964 
28.8291 14.4146 
28.2258 14.1129 
28.2483 14.1241 
28.5933 14.2967 
28.6763 14.3381 
28.197 14.0985 
28.9448 14.4724 
28.9662 14.4831 
28.6882 14.3441 
29.1706 14.5853 
29.895 14.9475 
29.2732 14.6366 
28.949 14.4745 
29.1308 14.5654 
28.7527 14.3764 
28.6798 14.3399 
29.1555 14.5778 
28.9603 14.4801 
28.6652 14.3326 
28.6237 14.3118 
28.6808 14.3404 
28.9509 14.4755 
28.6053 14.3027 
28.4309 14.2154 
27.7473 13.8737 
27.3362 13.6681 
27.0489 13.5245 
26.7228 13.3614 
26.1626 13.0813 
25.5857 12.7929 
24.8001 12.4001 
24.7154 12.3577 
24.0217 12.0108 
23.2043 11.6022 
22.8299 11.4149 
22.7197 11.3598 
22.7981 11.399 
22.2999 11.15 


27.9353 7.06627 
27.6529 6.99483 
27.0677 6.8468 
26.781 6.77429 
25.4522 6.43816 
25.8677 6.54327 
25.6099 6.47806 
25.3153 6.40353 
25.2376 6.38389 
25.0041 6.32482 
25.3837 6.42084 
24.8048 6.27441 
24.8374 6.28266 
24.8844 6.29454 
24.399 6.17176 
24.343 6.15759 
24.7105 6.25054 
24.6981 6.24742 
24.7495 6.26041 
24.8065 6.27483 
24.9158 6.30248 
25.5809 6.47072 
25.8855 6.54777 
26.1327 6.61028 
26.1518 6.61513 
26.7472 6.76573 
27.0806 6.85006 
27.5936 6.97982 
27.9862 7.07914 
28.4999 7.20908 
29.1139 7.3644 
30.5439 7.72612 
31.3161 7.92145 
32.415 8.19942 
33.7801 8.5447 
34.375 8.69519 
35.5514 8.99276 
36.3152 9.18596 
36.1497 9.14411 
36.0506 9.11903 
37.2093 9.41212 
36.8624 9.32438 
36.8588 9.32348 
37.2689 9.42722 
36.4901 9.23022 
36.0237 9.11223 
36.4356 9.21643 
35.6183 9.00969 
35.2255 8.91034 
35.2062 8.90543 
36.1875 9.15367 
36.11 9.13405 
36.322 9.18768 
36.0021 9.10678 
35.6706 9.02291 
36.3808 9.20257 
36.2565 9.17113 
36.0654 9.12277 
35.616 9.00909 
34.8707 8.82057 
34.8984 8.82758 
35.3247 8.93542 
35.4272 8.96134 
34.835 8.81155 
35.7589 9.04525 
35.7854 9.05195 
35.4419 8.96508 
36.0379 9.11582 
36.9327 9.34218 
36.1647 9.14789 
35.7641 9.04658 
35.9887 9.10337 
35.5216 8.98522 
35.4315 8.96242 
36.0192 9.1111 
35.778 9.05008 
35.4135 8.95788 
35.3622 8.9449 
35.4328 8.96276 
35.7665 9.04717 
35.3395 8.93917 
35.124 8.88465 
34.2795 8.67103 
33.7716 8.54257 
33.4167 8.45279 
33.0138 8.35088 
32.3217 8.17582 
31.609 7.99553 
30.6385 7.75004 
30.5338 7.72356 
29.6768 7.50678 
28.667 7.25135 
28.2044 7.13433 
28.0682 7.09989 
28.1651 7.12439 
27.5497 6.96873 


0.942169 0.942169 
0.932644 0.932644 
0.912906 0.912906 
0.903239 0.903239 
0.858421 0.858421 
0.872436 0.872436 
0.863741 0.863741 
0.853804 0.853804 
0.851185 0.851185 
0.84331 0.84331 
0.856113 0.856113 
0.836588 0.836588 
0.837688 0.837688 
0.839272 0.839272 
0.822901 0.822901 
0.821013 0.821013 
0.833405 0.833405 
0.832989 0.832989 
0.834721 0.834721 
0.836644 0.836644 
0.840331 0.840331 
0.862762 0.862762 
0.873036 0.873036 
0.881371 0.881371 
0.882018 0.882018 
0.902098 0.902098 
0.913341 0.913341 
0.930643 0.930643 
0.943885 0.943885 
0.961211 0.961211 
0.98192 0.98192 
1.03015 1.03015 
1.05619 1.05619 
1.09326 1.09326 
1.13929 1.13929 
1.15936 1.15936 
1.19904 1.19904 
1.2248 1.2248 
1.21921 1.21921 
1.21587 1.21587 
1.25495 1.25495 
1.24325 1.24325 
1.24313 1.24313 
1.25696 1.25696 
1.2307 1.2307 
1.21496 1.21496 
1.22886 1.22886 
1.20129 1.20129 
1.18805 1.18805 
1.18739 1.18739 
1.22049 1.22049 
1.21787 1.21787 
1.22502 1.22502 
1.21424 1.21424 
1.20306 1.20306 
1.22701 1.22701 
1.22282 1.22282 
1.21637 1.21637 
1.20121 1.20121 
1.17608 1.17608 
1.17701 1.17701 
1.19139 1.19139 
1.19484 1.19484 
1.17487 1.17487 
1.20603 1.20603 
1.20693 1.20693 
1.19534 1.19534 
1.21544 1.21544 
1.24562 1.24562 
1.21972 1.21972 
1.20621 1.20621 
1.21378 1.21378 
1.19803 1.19803 
1.19499 1.19499 
1.21481 1.21481 
1.20668 1.20668 
1.19438 1.19438 
1.19265 1.19265 
1.19504 1.19504 
1.20629 1.20629 
1.19189 1.19189 
1.18462 1.18462 
1.15614 1.15614 
1.13901 1.13901 
1.12704 1.12704 
1.11345 1.11345 
1.09011 1.09011 
1.06607 1.06607 
1.03334 1.03334 
1.02981 1.02981 
1.0009 1.0009 
0.966846 0.966846 
0.951244 0.951244 
0.946653 0.946653 
0.949919 0.949919 
0.929164 0.929164 


14.7638 2.08219 
14.6145 2.06114 
14.3052 2.01752 
14.1538 1.99616 
13.4515 1.89711 
13.6711 1.92808 
13.5348 1.90887 
13.3791 1.88691 
13.3381 1.88112 
13.2147 1.86372 
13.4153 1.89201 
13.1093 1.84886 
13.1266 1.85129 
13.1514 1.85479 
12.8949 1.81861 
12.8653 1.81444 
13.0595 1.84183 
13.0529 1.84091 
13.0801 1.84473 
13.1102 1.84898 
13.168 1.85713 
13.5195 1.90671 
13.6805 1.92941 
13.8111 1.94783 
13.8212 1.94926 
14.1359 1.99364 
14.3121 2.01848 
14.5832 2.05672 
14.7907 2.08599 
15.0622 2.12428 
15.3867 2.17004 
16.1424 2.27663 
16.5506 2.33419 
17.1313 2.4161 
17.8527 2.51784 
18.1672 2.56218 
18.7889 2.64987 
19.1925 2.7068 
19.1051 2.69447 
19.0527 2.68708 
19.6651 2.77344 
19.4817 2.74759 
19.4799 2.74732 
19.6966 2.77789 
19.285 2.71984 
19.0385 2.68507 
19.2562 2.71578 
18.8243 2.65486 
18.6167 2.62558 
18.6064 2.62413 
19.1251 2.69728 
19.0841 2.6915 
19.1961 2.7073 
19.0271 2.68346 
18.8519 2.65875 
19.2272 2.71169 
19.1616 2.70243 
19.0605 2.68818 
18.823 2.65468 
18.4291 2.59913 
18.4438 2.60119 
18.6691 2.63297 
18.7232 2.64061 
18.4103 2.59647 
18.8985 2.66533 
18.9125 2.66731 
18.731 2.64171 
19.046 2.68613 
19.5189 2.75283 
19.113 2.69558 
18.9013 2.66572 
19.02 2.68246 
18.7731 2.64765 
18.7255 2.64093 
19.0361 2.68474 
18.9086 2.66676 
18.716 2.63959 
18.6889 2.63576 
18.7262 2.64103 
18.9025 2.6659 
18.6769 2.63407 
18.563 2.61801 
18.1167 2.55506 
17.8483 2.51721 
17.6607 2.49076 
17.4478 2.46073 
17.082 2.40914 
16.7053 2.35602 
16.1924 2.28368 
16.1371 2.27587 
15.6842 2.212 
15.1505 2.13673 
14.906 2.10225 
14.834 2.0921 
14.8852 2.09932 
14.56 2.05345 


0.942169 0.942169 
0.932644 0.932644 
0.912906 0.912906 
0.903239 0.903239 
0.858421 0.858421 
0.872436 0.872436 
0.863741 0.863741 
0.853804 0.853804 
0.851185 0.851185 
0.84331 0.84331 
0.856113 0.856113 
0.836588 0.836588 
0.837688 0.837688 
0.839272 0.839272 
0.822901 0.822901 
0.821013 0.821013 
0.833405 0.833405 
0.832989 0.832989 
0.834721 0.834721 
0.836644 0.836644 
0.840331 0.840331 
0.862762 0.862762 
0.873036 0.873036 
0.881371 0.881371 
0.882018 0.882018 
0.902098 0.902098 
0.913341 0.913341 
0.930643 0.930643 
0.943885 0.943885 
0.961211 0.961211 
0.98192 0.98192 
1.03015 1.03015 
1.05619 1.05619 
1.09326 1.09326 
1.13929 1.13929 
1.15936 1.15936 
1.19904 1.19904 
1.2248 1.2248 
1.21921 1.21921 
1.21587 1.21587 
1.25495 1.25495 
1.24325 1.24325 
1.24313 1.24313 
1.25696 1.25696 
1.2307 1.2307 
1.21496 1.21496 
1.22886 1.22886 
1.20129 1.20129 
1.18805 1.18805 
1.18739 1.18739 
1.22049 1.22049 
1.21787 1.21787 
1.22502 1.22502 
1.21424 1.21424 
1.20306 1.20306 
1.22701 1.22701 
1.22282 1.22282 
1.21637 1.21637 
1.20121 1.20121 
1.17608 1.17608 
1.17701 1.17701 
1.19139 1.19139 
1.19484 1.19484 
1.17487 1.17487 
1.20603 1.20603 
1.20693 1.20693 
1.19534 1.19534 
1.21544 1.21544 
1.24562 1.24562 
1.21972 1.21972 
1.20621 1.20621 
1.21378 1.21378 
1.19803 1.19803 
1.19499 1.19499 
1.21481 1.21481 
1.20668 1.20668 
1.19438 1.19438 
1.19265 1.19265 
1.19504 1.19504 
1.20629 1.20629 
1.19189 1.19189 
1.18462 1.18462 
1.15614 1.15614 
1.13901 1.13901 
1.12704 1.12704 
1.11345 1.11345 
1.09011 1.09011 
1.06607 1.06607 
1.03334 1.03334 
1.02981 1.02981 
1.0009 1.0009 
0.966846 0.966846 
0.951244 0.951244 
0.946653 0.946653 
0.949919 0.949919 
0.929164 0.929164 


14.5565 0.659518 
14.4093 0.652851 
14.1044 0.639034 
13.955 0.632267 
13.2626 0.600895 
13.4791 0.610705 
13.3448 0.604619 
13.1913 0.597663 
13.1508 0.595829 
13.0291 0.590317 
13.2269 0.599279 
12.9253 0.585611 
12.9423 0.586381 
12.9668 0.587491 
12.7138 0.576031 
12.6846 0.574709 
12.8761 0.583383 
12.8697 0.583092 
12.8964 0.584305 
12.9261 0.585651 
12.9831 0.588232 
13.3297 0.603934 
13.4884 0.611125 
13.6172 0.61696 
13.6272 0.617412 
13.9374 0.631468 
14.1111 0.639339 
14.3784 0.65145 
14.583 0.660719 
14.8507 0.672848 
15.1707 0.687344 
15.9158 0.721104 
16.3182 0.739336 
16.8908 0.765279 
17.6021 0.797506 
17.9121 0.811551 
18.5251 0.839325 
18.9231 0.857356 
18.8369 0.85345 
18.7852 0.85111 
19.389 0.878465 
19.2082 0.870276 
19.2064 0.870192 
19.4201 0.879874 
19.0143 0.861487 
18.7712 0.850475 
18.9858 0.8602 
18.56 0.840905 
18.3553 0.831631 
18.3452 0.831174 
18.8566 0.854342 
18.8161 0.852512 
18.9266 0.857517 
18.76 0.849966 
18.5872 0.842138 
18.9573 0.858907 
18.8925 0.855972 
18.7929 0.851459 
18.5587 0.840849 
18.1704 0.823253 
18.1848 0.823908 
18.407 0.833972 
18.4604 0.836391 
18.1518 0.822412 
18.6332 0.844224 
18.647 0.844848 
18.4681 0.836741 
18.7786 0.85081 
19.2449 0.871937 
18.8447 0.853803 
18.6359 0.844347 
18.7529 0.849648 
18.5096 0.838621 
18.4626 0.836493 
18.7689 0.85037 
18.6432 0.844674 
18.4532 0.836069 
18.4265 0.834858 
18.4633 0.836525 
18.6372 0.844402 
18.4147 0.834322 
18.3024 0.829234 
17.8623 0.809296 
17.5977 0.797306 
17.4127 0.788927 
17.2028 0.779416 
16.8422 0.763076 
16.4708 0.74625 
15.9651 0.723337 
15.9105 0.720865 
15.464 0.700633 
14.9378 0.676792 
14.6967 0.665871 
14.6258 0.662657 
14.6762 0.664943 
14.3556 0.650415 


8.67737 1.4792 
8.58965 1.46425 
8.40787 1.43326 
8.31883 1.41808 
7.90606 1.34772 
8.03514 1.36972 
7.95506 1.35607 
7.86353 1.34047 
7.83941 1.33636 
7.76689 1.324 
7.8848 1.3441 
7.70497 1.31344 
7.7151 1.31517 
7.7297 1.31766 
7.57892 1.29195 
7.56153 1.28899 
7.67566 1.30845 
7.67183 1.30779 
7.68778 1.31051 
7.70549 1.31353 
7.73945 1.31932 
7.94604 1.35454 
8.04066 1.37067 
8.11743 1.38375 
8.12338 1.38477 
8.30832 1.41629 
8.41187 1.43395 
8.57122 1.46111 
8.69318 1.4819 
8.85276 1.5091 
9.04348 1.54161 
9.48767 1.61733 
9.72754 1.65822 
10.0689 1.71641 
10.4929 1.78869 
10.6777 1.82019 
11.0431 1.88248 
11.2804 1.92293 
11.229 1.91417 
11.1982 1.90892 
11.5581 1.97027 
11.4503 1.9519 
11.4492 1.95172 
11.5766 1.97343 
11.3347 1.93219 
11.1898 1.90749 
11.3178 1.92931 
11.0639 1.88603 
10.9419 1.86523 
10.9359 1.8642 
11.2407 1.91617 
11.2166 1.91206 
11.2825 1.92329 
11.1831 1.90635 
11.0801 1.8888 
11.3008 1.92641 
11.2621 1.91982 
11.2028 1.9097 
11.0632 1.8859 
10.8317 1.84644 
10.8403 1.84791 
10.9727 1.87048 
11.0045 1.87591 
10.8206 1.84455 
11.1076 1.89347 
11.1158 1.89487 
11.0091 1.87669 
11.1942 1.90824 
11.4722 1.95563 
11.2336 1.91496 
11.1092 1.89375 
11.1789 1.90564 
11.0339 1.88091 
11.0059 1.87613 
11.1884 1.90726 
11.1135 1.89448 
11.0003 1.87518 
10.9843 1.87247 
11.0063 1.8762 
11.1099 1.89387 
10.9773 1.87127 
10.9104 1.85985 
10.648 1.81514 
10.4903 1.78824 
10.38 1.76945 
10.2549 1.74812 
10.0399 1.71147 
9.81852 1.67373 
9.51705 1.62234 
9.48453 1.6168 
9.21832 1.57142 
8.90465 1.51795 
8.76095 1.49345 
8.71867 1.48624 
8.74875 1.49137 
8.5576 1.45879 


8.67737 1.4792 
8.58965 1.46425 
8.40787 1.43326 
8.31883 1.41808 
7.90606 1.34772 
8.03514 1.36972 
7.95506 1.35607 
7.86353 1.34047 
7.83941 1.33636 
7.76689 1.324 
7.8848 1.3441 
7.70497 1.31344 
7.7151 1.31517 
7.7297 1.31766 
7.57892 1.29195 
7.56153 1.28899 
7.67566 1.30845 
7.67183 1.30779 
7.68778 1.31051 
7.70549 1.31353 
7.73945 1.31932 
7.94604 1.35454 
8.04066 1.37067 
8.11743 1.38375 
8.12338 1.38477 
8.30832 1.41629 
8.41187 1.43395 
8.57122 1.46111 
8.69318 1.4819 
8.85276 1.5091 
9.04348 1.54161 
9.48767 1.61733 
9.72754 1.65822 
10.0689 1.71641 
10.4929 1.78869 
10.6777 1.82019 
11.0431 1.88248 
11.2804 1.92293 
11.229 1.91417 
11.1982 1.90892 
11.5581 1.97027 
11.4503 1.9519 
11.4492 1.95172 
11.5766 1.97343 
11.3347 1.93219 
11.1898 1.90749 
11.3178 1.92931 
11.0639 1.88603 
10.9419 1.86523 
10.9359 1.8642 
11.2407 1.91617 
11.2166 1.91206 
11.2825 1.92329 
11.1831 1.90635 
11.0801 1.8888 
11.3008 1.92641 
11.2621 1.91982 
11.2028 1.9097 
11.0632 1.8859 
10.8317 1.84644 
10.8403 1.84791 
10.9727 1.87048 
11.0045 1.87591 
10.8206 1.84455 
11.1076 1.89347 
11.1158 1.89487 
11.0091 1.87669 
11.1942 1.90824 
11.4722 1.95563 
11.2336 1.91496 
11.1092 1.89375 
11.1789 1.90564 
11.0339 1.88091 
11.0059 1.87613 
11.1884 1.90726 
11.1135 1.89448 
11.0003 1.87518 
10.9843 1.87247 
11.0063 1.8762 
11.1099 1.89387 
10.9773 1.87127 
10.9104 1.85985 
10.648 1.81514 
10.4903 1.78824 
10.38 1.76945 
10.2549 1.74812 
10.0399 1.71147 
9.81852 1.67373 
9.51705 1.62234 
9.48453 1.6168 
9.21832 1.57142 
8.90465 1.51795 
8.76095 1.49345 
8.71867 1.48624 
8.74875 1.49137 
8.5576 1.45879 


14.7638 2.08219 
14.6145 2.06114 
14.3052 2.01752 
14.1538 1.99616 
13.4515 1.89711 
13.6711 1.92808 
13.5348 1.90887 
13.3791 1.88691 
13.3381 1.88112 
13.2147 1.86372 
13.4153 1.89201 
13.1093 1.84886 
13.1266 1.85129 
13.1514 1.85479 
12.8949 1.81861 
12.8653 1.81444 
13.0595 1.84183 
13.0529 1.84091 
13.0801 1.84473 
13.1102 1.84898 
13.168 1.85713 
13.5195 1.90671 
13.6805 1.92941 
13.8111 1.94783 
13.8212 1.94926 
14.1359 1.99364 
14.3121 2.01848 
14.5832 2.05672 
14.7907 2.08599 
15.0622 2.12428 
15.3867 2.17004 
16.1424 2.27663 
16.5506 2.33419 
17.1313 2.4161 
17.8527 2.51784 
18.1672 2.56218 
18.7889 2.64987 
19.1925 2.7068 
19.1051 2.69447 
19.0527 2.68708 
19.6651 2.77344 
19.4817 2.74759 
19.4799 2.74732 
19.6966 2.77789 
19.285 2.71984 
19.0385 2.68507 
19.2562 2.71578 
18.8243 2.65486 
18.6167 2.62558 
18.6064 2.62413 
19.1251 2.69728 
19.0841 2.6915 
19.1961 2.7073 
19.0271 2.68346 
18.8519 2.65875 
19.2272 2.71169 
19.1616 2.70243 
19.0605 2.68818 
18.823 2.65468 
18.4291 2.59913 
18.4438 2.60119 
18.6691 2.63297 
18.7232 2.64061 
18.4103 2.59647 
18.8985 2.66533 
18.9125 2.66731 
18.731 2.64171 
19.046 2.68613 
19.5189 2.75283 
19.113 2.69558 
18.9013 2.66572 
19.02 2.68246 
18.7731 2.64765 
18.7255 2.64093 
19.0361 2.68474 
18.9086 2.66676 
18.716 2.63959 
18.6889 2.63576 
18.7262 2.64103 
18.9025 2.6659 
18.6769 2.63407 
18.563 2.61801 
18.1167 2.55506 
17.8483 2.51721 
17.6607 2.49076 
17.4478 2.46073 
17.082 2.40914 
16.7053 2.35602 
16.1924 2.28368 
16.1371 2.27587 
15.6842 2.212 
15.1505 2.13673 
14.906 2.10225 
14.834 2.0921 
14.8852 2.09932 
14.56 2.05345 


0.942169 0.942169 
0.932644 0.932644 
0.912906 0.912906 
0.903239 0.903239 
0.858421 0.858421 
0.872436 0.872436 
0.863741 0.863741 
0.853804 0.853804 
0.851185 0.851185 
0.84331 0.84331 
0.856113 0.856113 
0.836588 0.836588 
0.837688 0.837688 
0.839272 0.839272 
0.822901 0.822901 
0.821013 0.821013 
0.833405 0.833405 
0.832989 0.832989 
0.834721 0.834721 
0.836644 0.836644 
0.840331 0.840331 
0.862762 0.862762 
0.873036 0.873036 
0.881371 0.881371 
0.882018 0.882018 
0.902098 0.902098 
0.913341 0.913341 
0.930643 0.930643 
0.943885 0.943885 
0.961211 0.961211 
0.98192 0.98192 
1.03015 1.03015 
1.05619 1.05619 
1.09326 1.09326 
1.13929 1.13929 
1.15936 1.15936 
1.19904 1.19904 
1.2248 1.2248 
1.21921 1.21921 
1.21587 1.21587 
1.25495 1.25495 
1.24325 1.24325 
1.24313 1.24313 
1.25696 1.25696 
1.2307 1.2307 
1.21496 1.21496 
1.22886 1.22886 
1.20129 1.20129 
1.18805 1.18805 
1.18739 1.18739 
1.22049 1.22049 
1.21787 1.21787 
1.22502 1.22502 
1.21424 1.21424 
1.20306 1.20306 
1.22701 1.22701 
1.22282 1.22282 
1.21637 1.21637 
1.20121 1.20121 
1.17608 1.17608 
1.17701 1.17701 
1.19139 1.19139 
1.19484 1.19484 
1.17487 1.17487 
1.20603 1.20603 
1.20693 1.20693 
1.19534 1.19534 
1.21544 1.21544 
1.24562 1.24562 
1.21972 1.21972 
1.20621 1.20621 
1.21378 1.21378 
1.19803 1.19803 
1.19499 1.19499 
1.21481 1.21481 
1.20668 1.20668 
1.19438 1.19438 
1.19265 1.19265 
1.19504 1.19504 
1.20629 1.20629 
1.19189 1.19189 
1.18462 1.18462 
1.15614 1.15614 
1.13901 1.13901 
1.12704 1.12704 
1.11345 1.11345 
1.09011 1.09011 
1.06607 1.06607 
1.03334 1.03334 
1.02981 1.02981 
1.0009 1.0009 
0.966846 0.966846 
0.951244 0.951244 
0.946653 0.946653 
0.949919 0.949919 
0.929164 0.929164 


8.54547 1.75243 
8.45908 1.73472 
8.28006 1.69801 
8.19238 1.68002 
7.78588 1.59666 
7.913 1.62273 
7.83413 1.60656 
7.744 1.58807 
7.72025 1.5832 
7.64882 1.56856 
7.76494 1.59237 
7.58785 1.55605 
7.59783 1.5581 
7.6122 1.56105 
7.46371 1.5306 
7.44658 1.52708 
7.55898 1.55013 
7.55521 1.54936 
7.57092 1.55258 
7.58836 1.55616 
7.6218 1.56302 
7.82526 1.60474 
7.91844 1.62385 
7.99404 1.63935 
7.9999 1.64055 
8.18202 1.6779 
8.28401 1.69881 
8.44093 1.731 
8.56104 1.75563 
8.71819 1.78785 
8.90601 1.82637 
9.34345 1.91608 
9.57968 1.96452 
9.91583 2.03346 
10.3334 2.11909 
10.5154 2.15641 
10.8752 2.23021 
11.1089 2.27812 
11.0583 2.26774 
11.028 2.26152 
11.3824 2.33421 
11.2763 2.31245 
11.2752 2.31222 
11.4006 2.33795 
11.1624 2.2891 
11.0197 2.25983 
11.1457 2.28567 
10.8957 2.2344 
10.7756 2.20976 
10.7696 2.20855 
11.0698 2.27011 
11.0461 2.26525 
11.111 2.27854 
11.0131 2.25848 
10.9117 2.23768 
11.129 2.28224 
11.091 2.27444 
11.0325 2.26245 
10.895 2.23426 
10.667 2.1875 
10.6755 2.18924 
10.8059 2.21598 
10.8372 2.22241 
10.6561 2.18527 
10.9387 2.24322 
10.9468 2.24488 
10.8418 2.22334 
11.0241 2.26072 
11.2978 2.31686 
11.0628 2.26868 
10.9403 2.24355 
11.009 2.25764 
10.8661 2.22834 
10.8386 2.22268 
11.0184 2.25955 
10.9446 2.24442 
10.8331 2.22155 
10.8174 2.21834 
10.839 2.22277 
10.941 2.2437 
10.8104 2.21691 
10.7445 2.20339 
10.4862 2.15042 
10.3308 2.11856 
10.2222 2.09629 
10.099 2.07102 
9.88729 2.0276 
9.66927 1.98289 
9.37238 1.92201 
9.34035 1.91544 
9.0782 1.86168 
8.7693 1.79833 
8.62778 1.76931 
8.58614 1.76077 
8.61576 1.76685 
8.42752 1.72824 


0.942169 0.942169 
0.932644 0.932644 
0.912906 0.912906 
0.903239 0.903239 
0.858421 0.858421 
0.872436 0.872436 
0.863741 0.863741 
0.853804 0.853804 
0.851185 0.851185 
0.84331 0.84331 
0.856113 0.856113 
0.836588 0.836588 
0.837688 0.837688 
0.839272 0.839272 
0.822901 0.822901 
0.821013 0.821013 
0.833405 0.833405 
0.832989 0.832989 
0.834721 0.834721 
0.836644 0.836644 
0.840331 0.840331 
0.862762 0.862762 
0.873036 0.873036 
0.881371 0.881371 
0.882018 0.882018 
0.902098 0.902098 
0.913341 0.913341 
0.930643 0.930643 
0.943885 0.943885 
0.961211 0.961211 
0.98192 0.98192 
1.03015 1.03015 
1.05619 1.05619 
1.09326 1.09326 
1.13929 1.13929 
1.15936 1.15936 
1.19904 1.19904 
1.2248 1.2248 
1.21921 1.21921 
1.21587 1.21587 
1.25495 1.25495 
1.24325 1.24325 
1.24313 1.24313 
1.25696 1.25696 
1.2307 1.2307 
1.21496 1.21496 
1.22886 1.22886 
1.20129 1.20129 
1.18805 1.18805 
1.18739 1.18739 
1.22049 1.22049 
1.21787 1.21787 
1.22502 1.22502 
1.21424 1.21424 
1.20306 1.20306 
1.22701 1.22701 
1.22282 1.22282 
1.21637 1.21637 
1.20121 1.20121 
1.17608 1.17608 
1.17701 1.17701 
1.19139 1.19139 
1.19484 1.19484 
1.17487 1.17487 
1.20603 1.20603 
1.20693 1.20693 
1.19534 1.19534 
1.21544 1.21544 
1.24562 1.24562 
1.21972 1.21972 
1.20621 1.20621 
1.21378 1.21378 
1.19803 1.19803 
1.19499 1.19499 
1.21481 1.21481 
1.20668 1.20668 
1.19438 1.19438 
1.19265 1.19265 
1.19504 1.19504 
1.20629 1.20629 
1.19189 1.19189 
1.18462 1.18462 
1.15614 1.15614 
1.13901 1.13901 
1.12704 1.12704 
1.11345 1.11345 
1.09011 1.09011 
1.06607 1.06607 
1.03334 1.03334 
1.02981 1.02981 
1.0009 1.0009 
0.966846 0.966846 
0.951244 0.951244 
0.946653 0.946653 
0.949919 0.949919 
0.929164 0.929164 


14.5565 0.659518 
14.4093 0.652851 
14.1044 0.639034 
13.955 0.632267 
13.2626 0.600895 
13.4791 0.610705 
13.3448 0.604619 
13.1913 0.597663 
13.1508 0.595829 
13.0291 0.590317 
13.2269 0.599279 
12.9253 0.585611 
12.9423 0.586381 
12.9668 0.587491 
12.7138 0.576031 
12.6846 0.574709 
12.8761 0.583383 
12.8697 0.583092 
12.8964 0.584305 
12.9261 0.585651 
12.9831 0.588232 
13.3297 0.603934 
13.4884 0.611125 
13.6172 0.61696 
13.6272 0.617412 
13.9374 0.631468 
14.1111 0.639339 
14.3784 0.65145 
14.583 0.660719 
14.8507 0.672848 
15.1707 0.687344 
15.9158 0.721104 
16.3182 0.739336 
16.8908 0.765279 
17.6021 0.797506 
17.9121 0.811551 
18.5251 0.839325 
18.9231 0.857356 
18.8369 0.85345 
18.7852 0.85111 
19.389 0.878465 
19.2082 0.870276 
19.2064 0.870192 
19.4201 0.879874 
19.0143 0.861487 
18.7712 0.850475 
18.9858 0.8602 
18.56 0.840905 
18.3553 0.831631 
18.3452 0.831174 
18.8566 0.854342 
18.8161 0.852512 
18.9266 0.857517 
18.76 0.849966 
18.5872 0.842138 
18.9573 0.858907 
18.8925 0.855972 
18.7929 0.851459 
18.5587 0.840849 
18.1704 0.823253 
18.1848 0.823908 
18.407 0.833972 
18.4604 0.836391 
18.1518 0.822412 
18.6332 0.844224 
18.647 0.844848 
18.4681 0.836741 
18.7786 0.85081 
19.2449 0.871937 
18.8447 0.853803 
18.6359 0.844347 
18.7529 0.849648 
18.5096 0.838621 
18.4626 0.836493 
18.7689 0.85037 
18.6432 0.844674 
18.4532 0.836069 
18.4265 0.834858 
18.4633 0.836525 
18.6372 0.844402 
18.4147 0.834322 
18.3024 0.829234 
17.8623 0.809296 
17.5977 0.797306 
17.4127 0.788927 
17.2028 0.779416 
16.8422 0.763076 
16.4708 0.74625 
15.9651 0.723337 
15.9105 0.720865 
15.464 0.700633 
14.9378 0.676792 
14.6967 0.665871 
14.6258 0.662657 
14.6762 0.664943 
14.3556 0.650415 


8.54547 1.75243 
8.45908 1.73472 
8.28006 1.69801 
8.19238 1.68002 
7.78588 1.59666 
7.913 1.62273 
7.83413 1.60656 
7.744 1.58807 
7.72025 1.5832 
7.64882 1.56856 
7.76494 1.59237 
7.58785 1.55605 
7.59783 1.5581 
7.6122 1.56105 
7.46371 1.5306 
7.44658 1.52708 
7.55898 1.55013 
7.55521 1.54936 
7.57092 1.55258 
7.58836 1.55616 
7.6218 1.56302 
7.82526 1.60474 
7.91844 1.62385 
7.99404 1.63935 
7.9999 1.64055 
8.18202 1.6779 
8.28401 1.69881 
8.44093 1.731 
8.56104 1.75563 
8.71819 1.78785 
8.90601 1.82637 
9.34345 1.91608 
9.57968 1.96452 
9.91583 2.03346 
10.3334 2.11909 
10.5154 2.15641 
10.8752 2.23021 
11.1089 2.27812 
11.0583 2.26774 
11.028 2.26152 
11.3824 2.33421 
11.2763 2.31245 
11.2752 2.31222 
11.4006 2.33795 
11.1624 2.2891 
11.0197 2.25983 
11.1457 2.28567 
10.8957 2.2344 
10.7756 2.20976 
10.7696 2.20855 
11.0698 2.27011 
11.0461 2.26525 
11.111 2.27854 
11.0131 2.25848 
10.9117 2.23768 
11.129 2.28224 
11.091 2.27444 
11.0325 2.26245 
10.895 2.23426 
10.667 2.1875 
10.6755 2.18924 
10.8059 2.21598 
10.8372 2.22241 
10.6561 2.18527 
10.9387 2.24322 
10.9468 2.24488 
10.8418 2.22334 
11.0241 2.26072 
11.2978 2.31686 
11.0628 2.26868 
10.9403 2.24355 
11.009 2.25764 
10.8661 2.22834 
10.8386 2.22268 
11.0184 2.25955 
10.9446 2.24442 
10.8331 2.22155 
10.8174 2.21834 
10.839 2.22277 
10.941 2.2437 
10.8104 2.21691 
10.7445 2.20339 
10.4862 2.15042 
10.3308 2.11856 
10.2222 2.09629 
10.099 2.07102 
9.88729 2.0276 
9.66927 1.98289 
9.37238 1.92201 
9.34035 1.91544 
9.0782 1.86168 
8.7693 1.79833 
8.62778 1.76931 
8.58614 1.76077 
8.61576 1.76685 
8.42752 1.72824 


24.3739 6.00161 
24.1275 5.94094 
23.6169 5.81521 
23.3668 5.75363 
22.2074 5.46814 
22.5699 5.55742 
22.345 5.50203 
22.0879 5.43873 
22.0202 5.42205 
21.8164 5.37188 
22.1476 5.45344 
21.6425 5.32906 
21.671 5.33607 
21.712 5.34617 
21.2885 5.24188 
21.2396 5.22985 
21.5602 5.30879 
21.5494 5.30614 
21.5942 5.31717 
21.644 5.32942 
21.7394 5.35291 
22.3197 5.4958 
22.5854 5.56124 
22.8011 5.61433 
22.8178 5.61845 
23.3373 5.74636 
23.6281 5.81798 
24.0757 5.92819 
24.4183 6.01255 
24.8665 6.12292 
25.4023 6.25483 
26.6499 6.56205 
27.3237 6.72795 
28.2825 6.96404 
29.4735 7.2573 
29.9926 7.38512 
31.019 7.63785 
31.6854 7.80194 
31.5411 7.7664 
31.4546 7.7451 
32.4656 7.99403 
32.1629 7.91951 
32.1598 7.91875 
32.5176 8.00685 
31.8381 7.83954 
31.4311 7.73932 
31.7905 7.82782 
31.0774 7.65223 
30.7347 7.56785 
30.7178 7.56368 
31.574 7.77451 
31.5064 7.75786 
31.6914 7.8034 
31.4123 7.73469 
31.123 7.66346 
31.7427 7.81605 
31.6343 7.78935 
31.4675 7.74828 
31.0754 7.65172 
30.4251 7.49161 
30.4493 7.49756 
30.8212 7.58915 
30.9106 7.61116 
30.394 7.48395 
31.2001 7.68243 
31.2232 7.68812 
30.9235 7.61434 
31.4435 7.74237 
32.2243 7.93462 
31.5541 7.76961 
31.2047 7.68356 
31.4006 7.73179 
30.993 7.63145 
30.9144 7.61209 
31.4272 7.73836 
31.2167 7.68654 
30.8987 7.60822 
30.854 7.5972 
30.9156 7.61237 
31.2067 7.68406 
30.8342 7.59233 
30.6461 7.54603 
29.9093 7.3646 
29.4662 7.25549 
29.1565 7.17924 
28.805 7.09268 
28.2011 6.94399 
27.5793 6.79087 
26.7325 6.58237 
26.6411 6.55987 
25.8934 6.37576 
25.0123 6.15881 
24.6087 6.05942 
24.4899 6.03018 
24.5744 6.05098 
24.0375 5.91877 


