-161.517 -48.3031 
-157.384 -47.0671 
-157.821 -47.1979 
-152.987 -45.7524 
-148.002 -44.2615 
-147.536 -44.1222 
-144.43 -43.1934 
-146.234 -43.7327 
-144.281 -43.1486 
-144.165 -43.114 
-145.607 -43.5453 
-141.855 -42.4231 
-144.46 -43.2023 
-143.065 -42.7851 
-141.718 -42.3823 
-139.311 -41.6625 
-139.888 -41.8348 
-142.83 -42.7148 
-140.613 -42.0516 
-143.315 -42.8598 
-142.785 -42.7012 
-146.724 -43.8793 
-148.496 -44.4091 
-148.967 -44.5502 
-150.42 -44.9847 
-154.718 -46.2699 
-153.211 -45.8194 
-156.832 -46.9021 
-159.834 -47.7998 
-164.764 -49.2743 
-167.639 -50.1341 
-175.317 -52.4302 
-181.079 -54.1535 
-188.724 -56.4399 
-193.784 -57.9531 
-199.02 -59.519 
-203.803 -60.9493 
-207.969 -62.1952 
-208.659 -62.4017 
-209.019 -62.5092 
-214.648 -64.1925 
-211.121 -63.1379 
-215.567 -64.4674 
-213.988 -63.9953 
-208.392 -62.3218 
-209.966 -62.7925 
-207.829 -62.1534 
-204.939 -61.2889 
-201.683 -60.3152 
-204.381 -61.1221 
-204.634 -61.1979 
-207.325 -62.0025 
-208.111 -62.2375 
-205.882 -61.5711 
-204.504 -61.1591 
-209.497 -62.6521 
-209.467 -62.6431 
-204.867 -61.2674 
-203.293 -60.7967 
-200.26 -59.8896 
-202.823 -60.6562 
-200.467 -59.9515 
-206.751 -61.8309 
-201.05 -60.1259 
-203.894 -60.9766 
-207.238 -61.9766 
-202.859 -60.6671 
-204.784 -61.2426 
-210.098 -62.832 
-210.167 -62.8527 
-206.739 -61.8274 
-204.284 -61.0932 
-203.566 -60.8784 
-204.968 -61.2978 
-206.356 -61.7129 
-208.318 -62.2996 
-202.584 -60.5849 
-202.847 -60.6633 
-206.404 -61.7271 
-205.331 -61.4063 
-203.178 -60.7625 
-202.928 -60.6876 
-196.027 -58.6238 
-193.128 -57.7569 
-192.072 -57.441 
-188.228 -56.2914 
-187.094 -55.9523 
-180.164 -53.8799 
-176.275 -52.7167 
-176.559 -52.8018 
-171.227 -51.2072 
-167.091 -49.9702 
-159.747 -47.7738 
-159.471 -47.6914 
-161.851 -48.403 
-159.352 -47.6558 


-125.74 -38.0541 
-122.522 -37.0804 
-122.863 -37.1834 
-119.1 -36.0446 
-115.219 -34.8701 
-114.856 -34.7603 
-112.439 -34.0286 
-113.843 -34.4535 
-112.322 -33.9933 
-112.232 -33.9661 
-113.355 -34.3058 
-110.433 -33.4217 
-112.462 -34.0356 
-111.376 -33.707 
-110.327 -33.3896 
-108.453 -32.8225 
-108.902 -32.9582 
-111.193 -33.6516 
-109.466 -33.1291 
-111.57 -33.7658 
-111.157 -33.6408 
-114.224 -34.569 
-115.603 -34.9863 
-115.97 -35.0975 
-117.102 -35.4398 
-120.447 -36.4523 
-119.274 -36.0974 
-122.093 -36.9504 
-124.43 -37.6576 
-128.268 -38.8192 
-130.506 -39.4966 
-136.483 -41.3055 
-140.969 -42.6631 
-146.921 -44.4644 
-150.86 -45.6566 
-154.936 -46.8902 
-158.66 -48.017 
-161.903 -48.9985 
-162.441 -49.1612 
-162.72 -49.246 
-167.102 -50.5721 
-164.357 -49.7412 
-167.818 -50.7887 
-166.589 -50.4167 
-162.233 -49.0983 
-163.458 -49.4691 
-161.794 -48.9656 
-159.544 -48.2846 
-157.009 -47.5175 
-159.11 -48.1532 
-159.307 -48.2129 
-161.401 -48.8468 
-162.013 -49.0319 
-160.278 -48.5069 
-159.206 -48.1823 
-163.092 -49.3585 
-163.069 -49.3514 
-159.488 -48.2676 
-158.262 -47.8968 
-155.901 -47.1822 
-157.897 -47.7861 
-156.062 -47.231 
-160.955 -48.7116 
-156.516 -47.3684 
-158.731 -48.0385 
-161.334 -48.8264 
-157.925 -47.7947 
-159.423 -48.2481 
-163.561 -49.5003 
-163.614 -49.5165 
-160.946 -48.7088 
-159.034 -48.1304 
-158.475 -47.9612 
-159.567 -48.2916 
-160.648 -48.6186 
-162.175 -49.0808 
-157.711 -47.7299 
-157.915 -47.7917 
-160.685 -48.6298 
-159.849 -48.377 
-158.174 -47.8699 
-157.978 -47.8108 
-152.606 -46.185 
-150.349 -45.502 
-149.527 -45.2531 
-146.535 -44.3474 
-145.652 -44.0803 
-140.257 -42.4476 
-137.229 -41.5313 
-137.451 -41.5982 
-133.3 -40.342 
-130.08 -39.3675 
-124.362 -37.6372 
-124.148 -37.5722 
-126 -38.1328 
-124.055 -37.5441 


0.967961 0.275205 
0.943191 0.268162 
0.945812 0.268907 
0.916845 0.260672 
0.886969 0.252177 
0.884177 0.251384 
0.865564 0.246092 
0.876373 0.249165 
0.864668 0.245837 
0.863974 0.24564 
0.872616 0.248097 
0.850129 0.241703 
0.865743 0.246143 
0.857384 0.243766 
0.849311 0.241471 
0.834887 0.23737 
0.838339 0.238351 
0.855975 0.243365 
0.842684 0.239587 
0.85888 0.244191 
0.855701 0.243288 
0.87931 0.25 
0.889927 0.253018 
0.892754 0.253822 
0.901461 0.256298 
0.927216 0.26362 
0.918187 0.261053 
0.939885 0.267222 
0.957874 0.272337 
0.987421 0.280737 
1.00465 0.285636 
1.05066 0.298718 
1.0852 0.308536 
1.13102 0.321563 
1.16134 0.330185 
1.19272 0.339106 
1.22138 0.347255 
1.24635 0.354354 
1.25049 0.35553 
1.25264 0.356143 
1.28637 0.365733 
1.26524 0.359725 
1.29188 0.3673 
1.28242 0.36461 
1.24889 0.355075 
1.25832 0.357757 
1.24551 0.354115 
1.22819 0.34919 
1.20867 0.343643 
1.22484 0.34824 
1.22636 0.348672 
1.24249 0.353256 
1.2472 0.354595 
1.23384 0.350798 
1.22558 0.348451 
1.2555 0.356957 
1.25532 0.356906 
1.22775 0.349068 
1.21832 0.346386 
1.20015 0.341218 
1.21551 0.345585 
1.20139 0.341571 
1.23905 0.352278 
1.20488 0.342564 
1.22193 0.347411 
1.24197 0.353108 
1.21573 0.345648 
1.22726 0.348927 
1.25911 0.357982 
1.25952 0.3581 
1.23898 0.352258 
1.22427 0.348075 
1.21996 0.346851 
1.22836 0.349241 
1.23668 0.351606 
1.24844 0.354948 
1.21408 0.345179 
1.21565 0.345626 
1.23697 0.351687 
1.23054 0.349859 
1.21764 0.346191 
1.21614 0.345764 
1.17478 0.334006 
1.15741 0.329067 
1.15108 0.327267 
1.12804 0.320717 
1.12124 0.318785 
1.07971 0.306978 
1.05641 0.300351 
1.05811 0.300835 
1.02616 0.29175 
1.00137 0.284703 
0.957354 0.272189 
0.955702 0.271719 
0.969963 0.275774 
0.954988 0.271516 


2.27756 1.13878 
2.21927 1.10964 
2.22544 1.11272 
2.15728 1.07864 
2.08699 1.04349 
2.08042 1.04021 
2.03662 1.01831 
2.06205 1.03103 
2.03451 1.01726 
2.03288 1.01644 
2.05321 1.02661 
2.0003 1.00015 
2.03704 1.01852 
2.01737 1.00869 
1.99838 0.999189 
1.96444 0.982219 
1.97256 0.986282 
2.01406 1.00703 
1.98279 0.991393 
2.02089 1.01045 
2.01341 1.00671 
2.06896 1.03448 
2.09395 1.04697 
2.1006 1.0503 
2.12108 1.06054 
2.18168 1.09084 
2.16044 1.08022 
2.21149 1.10575 
2.25382 1.12691 
2.32334 1.16167 
2.36389 1.18194 
2.47215 1.23608 
2.55341 1.2767 
2.66121 1.33061 
2.73256 1.36628 
2.80639 1.4032 
2.87383 1.43692 
2.93258 1.46629 
2.94232 1.47116 
2.94739 1.47369 
3.02676 1.51338 
2.97703 1.48852 
3.03972 1.51986 
3.01746 1.50873 
2.93855 1.46928 
2.96074 1.48037 
2.93061 1.46531 
2.88985 1.44493 
2.84394 1.42197 
2.88199 1.44099 
2.88556 1.44278 
2.9235 1.46175 
2.93458 1.46729 
2.90315 1.45158 
2.88373 1.44186 
2.95413 1.47706 
2.9537 1.47685 
2.88883 1.44442 
2.86664 1.43332 
2.82387 1.41194 
2.86002 1.43001 
2.82679 1.4134 
2.91541 1.4577 
2.83501 1.41751 
2.87513 1.43756 
2.92228 1.46114 
2.86053 1.43027 
2.88767 1.44383 
2.96261 1.48131 
2.96358 1.48179 
2.91524 1.45762 
2.88062 1.44031 
2.87049 1.43525 
2.89027 1.44513 
2.90984 1.45492 
2.9375 1.46875 
2.85665 1.42833 
2.86035 1.43018 
2.91051 1.45526 
2.89538 1.44769 
2.86503 1.43252 
2.8615 1.43075 
2.76419 1.38209 
2.72331 1.36166 
2.70842 1.35421 
2.65421 1.32711 
2.63822 1.31911 
2.5405 1.27025 
2.48566 1.24283 
2.48967 1.24483 
2.41448 1.20724 
2.35616 1.17808 
2.2526 1.1263 
2.24871 1.12436 
2.28226 1.14113 
2.24703 1.12352 


2.67613 0.455511 
2.60765 0.443855 
2.61489 0.445088 
2.53481 0.431456 
2.45221 0.417397 
2.44449 0.416083 
2.39303 0.407324 
2.42291 0.412411 
2.39055 0.406903 
2.38864 0.406576 
2.41253 0.410643 
2.35036 0.400061 
2.39352 0.407408 
2.37041 0.403475 
2.34809 0.399676 
2.30822 0.392888 
2.31776 0.394513 
2.36652 0.402812 
2.32977 0.396557 
2.37455 0.404179 
2.36576 0.402683 
2.43103 0.413793 
2.46039 0.418789 
2.4682 0.420119 
2.49227 0.424217 
2.56348 0.436337 
2.53852 0.432088 
2.59851 0.442299 
2.64824 0.450764 
2.72993 0.464669 
2.77757 0.472777 
2.90478 0.49443 
3.00025 0.510681 
3.12693 0.532243 
3.21076 0.546512 
3.29751 0.561279 
3.37676 0.574767 
3.44578 0.586516 
3.45722 0.588464 
3.46318 0.589478 
3.55644 0.605352 
3.49801 0.595406 
3.57167 0.607944 
3.54552 0.603492 
3.4528 0.587711 
3.47888 0.592149 
3.44347 0.586122 
3.39558 0.57797 
3.34163 0.568788 
3.38633 0.576397 
3.39053 0.577112 
3.43511 0.584699 
3.44813 0.586916 
3.41121 0.580631 
3.38838 0.576746 
3.4711 0.590825 
3.4706 0.59074 
3.39438 0.577767 
3.3683 0.573328 
3.31805 0.564775 
3.36052 0.572003 
3.32148 0.565358 
3.4256 0.583081 
3.33114 0.567003 
3.37827 0.575025 
3.43367 0.584455 
3.36113 0.572107 
3.39301 0.577534 
3.48107 0.592522 
3.48221 0.592717 
3.42541 0.583048 
3.38473 0.576125 
3.37283 0.574099 
3.39607 0.578054 
3.41907 0.581969 
3.45157 0.587501 
3.35657 0.571331 
3.36091 0.572071 
3.41985 0.582103 
3.40208 0.579077 
3.36641 0.573006 
3.36226 0.572299 
3.24792 0.552838 
3.19989 0.544662 
3.18239 0.541683 
3.1187 0.530842 
3.09991 0.527644 
2.98509 0.508101 
2.92065 0.497132 
2.92536 0.497934 
2.83702 0.482897 
2.76849 0.471232 
2.6468 0.45052 
2.64223 0.449742 
2.68166 0.456453 
2.64026 0.449406 


2.05929 0.142347 
2.00659 0.138705 
2.01217 0.13909 
1.95054 0.13483 
1.88698 0.130437 
1.88104 0.130026 
1.84145 0.127289 
1.86444 0.128878 
1.83954 0.127157 
1.83806 0.127055 
1.85645 0.128326 
1.80861 0.125019 
1.84183 0.127315 
1.82404 0.126086 
1.80687 0.124899 
1.77618 0.122777 
1.78353 0.123285 
1.82105 0.125879 
1.79277 0.123924 
1.82722 0.126306 
1.82046 0.125838 
1.87069 0.12931 
1.89328 0.130872 
1.89929 0.131287 
1.91781 0.132568 
1.97261 0.136355 
1.9534 0.135028 
1.99956 0.138218 
2.03783 0.140864 
2.10069 0.145209 
2.13735 0.147743 
2.23524 0.154509 
2.3087 0.159588 
2.40618 0.166326 
2.47069 0.170785 
2.53745 0.1754 
2.59843 0.179615 
2.65154 0.183286 
2.66035 0.183895 
2.66493 0.184212 
2.7367 0.189172 
2.69173 0.186064 
2.74841 0.189983 
2.72829 0.188591 
2.65694 0.18366 
2.67701 0.185047 
2.64976 0.183163 
2.61291 0.180616 
2.5714 0.177746 
2.6058 0.180124 
2.60903 0.180347 
2.64333 0.182719 
2.65335 0.183411 
2.62494 0.181447 
2.60737 0.180233 
2.67102 0.184633 
2.67064 0.184606 
2.61199 0.180552 
2.59192 0.179165 
2.55325 0.176492 
2.58593 0.178751 
2.55589 0.176674 
2.63601 0.182213 
2.56333 0.177188 
2.59959 0.179695 
2.64222 0.182642 
2.5864 0.178783 
2.61093 0.180479 
2.67869 0.185163 
2.67957 0.185224 
2.63586 0.182203 
2.60456 0.180039 
2.5954 0.179406 
2.61328 0.180642 
2.63098 0.181865 
2.65599 0.183594 
2.58289 0.178541 
2.58624 0.178772 
2.63159 0.181907 
2.61791 0.180962 
2.59046 0.179064 
2.58727 0.178844 
2.49929 0.172762 
2.46233 0.170207 
2.44886 0.169276 
2.39985 0.165888 
2.38539 0.164889 
2.29704 0.158782 
2.24745 0.155354 
2.25108 0.155604 
2.1831 0.150905 
2.13036 0.14726 
2.03672 0.140787 
2.03321 0.140544 
2.06355 0.142642 
2.03169 0.140439 


6.30124 0.360613 
6.13999 0.351385 
6.15705 0.352361 
5.96848 0.34157 
5.77399 0.330439 
5.75582 0.329399 
5.63465 0.322465 
5.70501 0.326492 
5.62882 0.322131 
5.6243 0.321873 
5.68056 0.325092 
5.53417 0.316715 
5.63582 0.322532 
5.5814 0.319418 
5.52885 0.31641 
5.43495 0.311036 
5.45742 0.312322 
5.57223 0.318893 
5.48571 0.313941 
5.59114 0.319975 
5.57045 0.318791 
5.72414 0.327586 
5.79325 0.331541 
5.81165 0.332595 
5.86833 0.335838 
6.03599 0.345433 
5.97722 0.34207 
6.11847 0.350153 
6.23557 0.356855 
6.42792 0.367863 
6.54008 0.374282 
6.83962 0.391424 
7.06442 0.404289 
7.36269 0.421359 
7.56009 0.432656 
7.76436 0.444346 
7.95094 0.455024 
8.11347 0.464325 
8.14042 0.465867 
8.15444 0.46667 
8.37404 0.479237 
8.23646 0.471363 
8.40989 0.481289 
8.34831 0.477764 
8.13 0.465271 
8.19139 0.468785 
8.10802 0.464013 
7.99526 0.45756 
7.86823 0.45029 
7.97349 0.456314 
7.98338 0.45688 
8.08834 0.462887 
8.119 0.464642 
8.03206 0.459666 
7.97832 0.45659 
8.17308 0.467737 
8.17191 0.467669 
7.99244 0.457399 
7.93104 0.453885 
7.81272 0.447113 
7.91271 0.452836 
7.82079 0.447575 
8.06596 0.461606 
7.84354 0.448877 
7.95451 0.455228 
8.08496 0.462694 
7.91414 0.452918 
7.98921 0.457214 
8.19656 0.46908 
8.19925 0.469234 
8.0655 0.46158 
7.96973 0.456099 
7.9417 0.454495 
7.99641 0.457626 
8.05057 0.460725 
8.12709 0.465105 
7.90341 0.452304 
7.91364 0.452889 
8.05242 0.460831 
8.01056 0.458436 
7.92658 0.45363 
7.91681 0.45307 
7.64759 0.437663 
7.53449 0.431191 
7.49328 0.428832 
7.34332 0.42025 
7.29908 0.417718 
7.02873 0.402247 
6.877 0.393563 
6.88809 0.394198 
6.68007 0.382293 
6.51871 0.373059 
6.23219 0.356661 
6.22143 0.356046 
6.31427 0.361359 
6.21678 0.35578 


1.29061 0.254327 
1.25759 0.247819 
1.26108 0.248507 
1.22246 0.240896 
1.18263 0.233047 
1.1789 0.232313 
1.15409 0.227423 
1.1685 0.230263 
1.15289 0.227187 
1.15197 0.227005 
1.16349 0.229276 
1.13351 0.223367 
1.15432 0.22747 
1.14318 0.225273 
1.13241 0.223152 
1.11318 0.219362 
1.11779 0.22027 
1.1413 0.224903 
1.12358 0.221411 
1.14517 0.225666 
1.14093 0.224831 
1.17241 0.231034 
1.18657 0.233824 
1.19034 0.234567 
1.20195 0.236854 
1.23629 0.243621 
1.22425 0.241249 
1.25318 0.24695 
1.27717 0.251677 
1.31656 0.25944 
1.33954 0.263967 
1.40089 0.276057 
1.44693 0.28513 
1.50802 0.297169 
1.54845 0.305136 
1.59029 0.313381 
1.62851 0.320912 
1.6618 0.327472 
1.66731 0.328559 
1.67019 0.329125 
1.71516 0.337988 
1.68698 0.332435 
1.72251 0.339435 
1.70989 0.33695 
1.66518 0.328139 
1.67776 0.330617 
1.66068 0.327251 
1.63758 0.3227 
1.61157 0.317573 
1.63313 0.321822 
1.63515 0.322221 
1.65665 0.326457 
1.66293 0.327695 
1.64512 0.324186 
1.63411 0.322016 
1.67401 0.329878 
1.67376 0.32983 
1.63701 0.322587 
1.62443 0.320108 
1.60019 0.315332 
1.62068 0.319369 
1.60185 0.315658 
1.65206 0.325554 
1.60651 0.316577 
1.62924 0.321056 
1.65596 0.326321 
1.62097 0.319426 
1.63635 0.322456 
1.67881 0.330825 
1.67936 0.330933 
1.65197 0.325535 
1.63235 0.32167 
1.62661 0.320538 
1.63782 0.322747 
1.64891 0.324933 
1.66459 0.328021 
1.61877 0.318993 
1.62087 0.319406 
1.64929 0.325007 
1.64072 0.323318 
1.62352 0.319928 
1.62151 0.319534 
1.56637 0.308668 
1.54321 0.304103 
1.53477 0.30244 
1.50405 0.296387 
1.49499 0.294601 
1.43962 0.28369 
1.40854 0.277566 
1.41081 0.278013 
1.36821 0.269617 
1.33516 0.263105 
1.27647 0.25154 
1.27427 0.251106 
1.29328 0.254853 
1.27332 0.250918 


1.75562 0.360613 
1.71069 0.351385 
1.71544 0.352361 
1.6629 0.34157 
1.60872 0.330439 
1.60365 0.329399 
1.5699 0.322465 
1.5895 0.326492 
1.56827 0.322131 
1.56701 0.321873 
1.58269 0.325092 
1.5419 0.316715 
1.57022 0.322532 
1.55506 0.319418 
1.54042 0.31641 
1.51426 0.311036 
1.52052 0.312322 
1.5525 0.318893 
1.5284 0.313941 
1.55777 0.319975 
1.55201 0.318791 
1.59483 0.327586 
1.61408 0.331541 
1.61921 0.332595 
1.635 0.335838 
1.68171 0.345433 
1.66534 0.34207 
1.70469 0.350153 
1.73732 0.356855 
1.79091 0.367863 
1.82216 0.374282 
1.90562 0.391424 
1.96825 0.404289 
2.05135 0.421359 
2.10635 0.432656 
2.16326 0.444346 
2.21525 0.455024 
2.26053 0.464325 
2.26804 0.465867 
2.27195 0.46667 
2.33313 0.479237 
2.2948 0.471363 
2.34312 0.481289 
2.32596 0.477764 
2.26514 0.465271 
2.28224 0.468785 
2.25901 0.464013 
2.22759 0.45756 
2.1922 0.45029 
2.22153 0.456314 
2.22429 0.45688 
2.25353 0.462887 
2.26207 0.464642 
2.23785 0.459666 
2.22287 0.45659 
2.27714 0.467737 
2.27681 0.467669 
2.22681 0.457399 
2.2097 0.453885 
2.17674 0.447113 
2.2046 0.452836 
2.17899 0.447575 
2.24729 0.461606 
2.18532 0.448877 
2.21624 0.455228 
2.25259 0.462694 
2.20499 0.452918 
2.22591 0.457214 
2.28368 0.46908 
2.28443 0.469234 
2.24716 0.46158 
2.22048 0.456099 
2.21267 0.454495 
2.22792 0.457626 
2.243 0.460725 
2.26433 0.465105 
2.202 0.452304 
2.20486 0.452889 
2.24352 0.460831 
2.23186 0.458436 
2.20846 0.45363 
2.20574 0.45307 
2.13073 0.437663 
2.09922 0.431191 
2.08774 0.428832 
2.04595 0.42025 
2.03363 0.417718 
1.95831 0.402247 
1.91603 0.393563 
1.91912 0.394198 
1.86116 0.382293 
1.81621 0.373059 
1.73638 0.356661 
1.73338 0.356046 
1.75925 0.361359 
1.73209 0.35578 


5.62746 1.45194 
5.48346 1.41479 
5.49869 1.41872 
5.33028 1.37527 
5.15659 1.33045 
5.14036 1.32627 
5.03215 1.29835 
5.09499 1.31456 
5.02694 1.297 
5.02291 1.29596 
5.07315 1.30892 
4.94242 1.27519 
5.03319 1.29861 
4.98459 1.28608 
4.93766 1.27397 
4.8538 1.25233 
4.87387 1.25751 
4.9764 1.28396 
4.89914 1.26403 
4.99329 1.28832 
4.97481 1.28355 
5.11207 1.31897 
5.17379 1.33489 
5.19023 1.33913 
5.24085 1.35219 
5.39058 1.39082 
5.33809 1.37728 
5.46424 1.40983 
5.56882 1.43681 
5.7406 1.48113 
5.84077 1.50698 
6.10827 1.576 
6.30904 1.6278 
6.57541 1.69652 
6.75171 1.74201 
6.93413 1.78908 
7.10077 1.83207 
7.24592 1.86952 
7.26998 1.87573 
7.28251 1.87896 
7.47862 1.92956 
7.35575 1.89786 
7.51064 1.93782 
7.45564 1.92363 
7.26068 1.87333 
7.31551 1.88747 
7.24105 1.86826 
7.14034 1.84228 
7.0269 1.81301 
7.12091 1.83727 
7.12974 1.83954 
7.22347 1.86373 
7.25086 1.87079 
7.17321 1.85076 
7.12521 1.83838 
7.29916 1.88326 
7.2981 1.88298 
7.13783 1.84163 
7.08299 1.82748 
6.97732 1.80022 
7.06663 1.82326 
6.98453 1.80208 
7.20348 1.85857 
7.00485 1.80732 
7.10395 1.83289 
7.22046 1.86295 
7.0679 1.82359 
7.13495 1.84089 
7.32012 1.88866 
7.32252 1.88928 
7.20307 1.85847 
7.11754 1.8364 
7.09251 1.82994 
7.14137 1.84255 
7.18974 1.85503 
7.25808 1.87266 
7.05832 1.82112 
7.06746 1.82348 
7.19139 1.85545 
7.15401 1.84581 
7.07901 1.82646 
7.07028 1.8242 
6.82985 1.76217 
6.72885 1.73611 
6.69204 1.72661 
6.55811 1.69206 
6.5186 1.68187 
6.27716 1.61957 
6.14166 1.58461 
6.15156 1.58716 
5.96579 1.53923 
5.82168 1.50205 
5.56579 1.43603 
5.55619 1.43355 
5.6391 1.45494 
5.55204 1.43248 


2.50531 0.616838 
2.4412 0.601053 
2.44798 0.602723 
2.37301 0.584264 
2.29568 0.565225 
2.28846 0.563446 
2.24028 0.551585 
2.26826 0.558473 
2.23796 0.551014 
2.23617 0.550572 
2.25854 0.556079 
2.20033 0.541749 
2.24075 0.551699 
2.21911 0.546372 
2.19822 0.541227 
2.16088 0.532036 
2.16982 0.534236 
2.21546 0.545474 
2.18107 0.537005 
2.22298 0.547325 
2.21476 0.5453 
2.27586 0.560345 
2.30334 0.56711 
2.31066 0.568912 
2.33319 0.57446 
2.39985 0.590873 
2.37649 0.585119 
2.43264 0.598947 
2.4792 0.61041 
2.55568 0.629239 
2.60027 0.640219 
2.71937 0.669541 
2.80875 0.691547 
2.92733 0.720745 
3.00582 0.740069 
3.08703 0.760065 
3.16122 0.77833 
3.22584 0.794241 
3.23655 0.796878 
3.24213 0.798251 
3.32944 0.819748 
3.27474 0.806279 
3.34369 0.823258 
3.31921 0.817229 
3.23241 0.795858 
3.25682 0.801868 
3.22367 0.793707 
3.17884 0.782668 
3.12833 0.770234 
3.17018 0.780538 
3.17411 0.781506 
3.21585 0.79178 
3.22804 0.794782 
3.19347 0.786271 
3.1721 0.78101 
3.24954 0.800076 
3.24907 0.799961 
3.17772 0.782393 
3.15331 0.776382 
3.10626 0.764799 
3.14602 0.774588 
3.10947 0.76559 
3.20695 0.789589 
3.11852 0.767817 
3.16264 0.77868 
3.2145 0.79145 
3.14659 0.774728 
3.17643 0.782077 
3.25887 0.802374 
3.25994 0.802637 
3.20677 0.789544 
3.16869 0.780169 
3.15754 0.777425 
3.1793 0.782781 
3.20083 0.788083 
3.23125 0.795574 
3.14232 0.773677 
3.14639 0.774679 
3.20156 0.788264 
3.18492 0.784166 
3.15153 0.775946 
3.14765 0.774989 
3.04061 0.748634 
2.99564 0.737563 
2.97926 0.733529 
2.91963 0.718849 
2.90204 0.714518 
2.79456 0.688053 
2.73423 0.6732 
2.73864 0.674286 
2.65593 0.653923 
2.59178 0.638127 
2.47786 0.610079 
2.47358 0.609026 
2.51049 0.618113 
2.47173 0.608571 


4.57409 -0.0379593 
4.45704 -0.0369879 
4.46942 -0.0370906 
4.33254 -0.0359547 
4.19136 -0.0347831 
4.17817 -0.0346736 
4.09022 -0.0339437 
4.14129 -0.0343675 
4.08598 -0.0339086 
4.0827 -0.0338814 
4.12354 -0.0342203 
4.01728 -0.0333384 
4.09106 -0.0339507 
4.05156 -0.0336229 
4.01341 -0.0333063 
3.94525 -0.0327406 
3.96156 -0.0328761 
4.0449 -0.0335677 
3.9821 -0.0330464 
4.05863 -0.0336815 
4.04361 -0.0335569 
4.15517 -0.0344828 
4.20534 -0.0348991 
4.2187 -0.03501 
4.25984 -0.0353514 
4.38155 -0.0363614 
4.33889 -0.0360074 
4.44142 -0.0368583 
4.52643 -0.0375637 
4.66605 -0.0387224 
4.74747 -0.0393981 
4.9649 -0.0412025 
5.12809 -0.0425568 
5.3446 -0.0443536 
5.4879 -0.0455427 
5.63618 -0.0467732 
5.77162 -0.0478973 
5.8896 -0.0488764 
5.90916 -0.0490386 
5.91934 -0.0491232 
6.07874 -0.050446 
5.97887 -0.0496172 
6.10477 -0.050662 
6.06007 -0.050291 
5.9016 -0.0489759 
5.94616 -0.0493458 
5.88564 -0.0488435 
5.80379 -0.0481642 
5.71158 -0.047399 
5.78799 -0.0480331 
5.79516 -0.0480927 
5.87136 -0.0487249 
5.89361 -0.0489096 
5.8305 -0.0483859 
5.79149 -0.0480621 
5.93287 -0.0492355 
5.93202 -0.0492284 
5.80174 -0.0481473 
5.75717 -0.0477773 
5.67128 -0.0470646 
5.74387 -0.047667 
5.67714 -0.0471132 
5.85511 -0.0485901 
5.69366 -0.0472502 
5.77421 -0.0479188 
5.8689 -0.0487046 
5.7449 -0.0476755 
5.7994 -0.0481278 
5.94991 -0.0493769 
5.95186 -0.0493931 
5.85478 -0.0485874 
5.78525 -0.0480104 
5.76491 -0.0478416 
5.80462 -0.0481712 
5.84394 -0.0484974 
5.89949 -0.0489584 
5.73711 -0.0476109 
5.74454 -0.0476725 
5.84528 -0.0485086 
5.8149 -0.0482564 
5.75394 -0.0477505 
5.74684 -0.0476916 
5.55141 -0.0460698 
5.46931 -0.0453885 
5.4394 -0.0451403 
5.33054 -0.0442369 
5.29843 -0.0439703 
5.10218 -0.0423417 
4.99204 -0.0414277 
5.00009 -0.0414945 
4.84909 -0.0402414 
4.73196 -0.0392694 
4.52397 -0.0375433 
4.51616 -0.0374785 
4.58355 -0.0380378 
4.51279 -0.0374505 


21.7317 2.04031 
21.1756 1.9881 
21.2344 1.99362 
20.5841 1.93257 
19.9133 1.86959 
19.8506 1.86371 
19.4328 1.82447 
19.6754 1.84726 
19.4126 1.82258 
19.3971 1.82112 
19.5911 1.83934 
19.0862 1.79194 
19.4368 1.82485 
19.2491 1.80723 
19.0679 1.79021 
18.744 1.75981 
18.8215 1.76709 
19.2175 1.80426 
18.9191 1.77625 
19.2827 1.81038 
19.2113 1.80368 
19.7414 1.85345 
19.9797 1.87583 
20.0432 1.88178 
20.2387 1.90014 
20.8169 1.95443 
20.6142 1.9354 
21.1013 1.98113 
21.5052 2.01905 
22.1686 2.08133 
22.5554 2.11765 
23.5884 2.21463 
24.3637 2.28743 
25.3924 2.384 
26.0732 2.44792 
26.7777 2.51406 
27.4212 2.57448 
27.9817 2.6271 
28.0746 2.63583 
28.123 2.64037 
28.8803 2.71147 
28.4058 2.66692 
29.004 2.72308 
28.7916 2.70314 
28.0387 2.63245 
28.2504 2.65233 
27.9629 2.62534 
27.574 2.58883 
27.1359 2.5477 
27.4989 2.58178 
27.533 2.58498 
27.895 2.61897 
28.0008 2.62889 
27.7009 2.60074 
27.5156 2.58334 
28.1873 2.64641 
28.1832 2.64602 
27.5643 2.58791 
27.3525 2.56803 
26.9445 2.52972 
27.2893 2.5621 
26.9723 2.53233 
27.8178 2.61172 
27.0508 2.5397 
27.4335 2.57563 
27.8834 2.61787 
27.2943 2.56256 
27.5532 2.58687 
28.2682 2.65401 
28.2775 2.65488 
27.8163 2.61157 
27.486 2.58056 
27.3893 2.57148 
27.578 2.5892 
27.7648 2.60674 
28.0287 2.63151 
27.2572 2.55909 
27.2925 2.5624 
27.7711 2.60733 
27.6268 2.59378 
27.3372 2.56659 
27.3034 2.56342 
26.375 2.47625 
25.9849 2.43963 
25.8428 2.42629 
25.3256 2.37773 
25.173 2.36341 
24.2407 2.27587 
23.7174 2.22674 
23.7556 2.23033 
23.0382 2.16298 
22.4817 2.11073 
21.4935 2.01795 
21.4564 2.01447 
21.7766 2.04453 
21.4404 2.01296 


28.1373 7.11736 
27.4173 6.93523 
27.4934 6.9545 
26.6514 6.74151 
25.783 6.52183 
25.7018 6.5013 
25.1608 6.36444 
25.4749 6.44392 
25.1347 6.35785 
25.1146 6.35275 
25.3658 6.4163 
24.7121 6.25095 
25.166 6.36576 
24.923 6.30429 
24.6883 6.24493 
24.269 6.13887 
24.3694 6.16426 
24.882 6.29393 
24.4957 6.19621 
24.9664 6.31529 
24.8741 6.29192 
25.5603 6.46552 
25.869 6.54358 
25.9511 6.56437 
26.2042 6.62839 
26.9529 6.81776 
26.6904 6.75138 
27.3212 6.91092 
27.8441 7.04319 
28.703 7.26045 
29.2038 7.38714 
30.5414 7.72547 
31.5452 7.97939 
32.8771 8.31629 
33.7585 8.53926 
34.6707 8.76998 
35.5038 8.98073 
36.2296 9.16432 
36.3499 9.19475 
36.4125 9.21059 
37.3931 9.45862 
36.7787 9.30322 
37.5532 9.49913 
37.2782 9.42956 
36.3034 9.18298 
36.5775 9.25233 
36.2052 9.15816 
35.7017 9.03079 
35.1345 8.88731 
35.6045 9.00621 
35.6487 9.01737 
36.1174 9.13593 
36.2543 9.17056 
35.866 9.07236 
35.6261 9.01165 
36.4958 9.23165 
36.4905 9.23032 
35.6891 9.02761 
35.415 8.95825 
34.8866 8.8246 
35.3331 8.93755 
34.9227 8.83372 
36.0174 9.11064 
35.0242 8.85942 
35.5198 8.98477 
36.1023 9.13211 
35.3395 8.93917 
35.6747 9.02396 
36.6006 9.25816 
36.6126 9.2612 
36.0154 9.11013 
35.5877 9.00195 
35.4625 8.97029 
35.7069 9.03209 
35.9487 9.09326 
36.2904 9.1797 
35.2916 8.92704 
35.3373 8.9386 
35.957 9.09535 
35.7701 9.04808 
35.3951 8.95322 
35.3514 8.94218 
34.1492 8.63809 
33.6442 8.51034 
33.4602 8.4638 
32.7906 8.29441 
32.593 8.24444 
31.3858 7.93908 
30.7083 7.76769 
30.7578 7.78022 
29.8289 7.54526 
29.1084 7.363 
27.829 7.03937 
27.7809 7.02722 
28.1955 7.13208 
27.7602 7.02197 


0.948981 0.948981 
0.924697 0.924697 
0.927266 0.927266 
0.898868 0.898868 
0.869578 0.869578 
0.86684 0.86684 
0.848592 0.848592 
0.859189 0.859189 
0.847714 0.847714 
0.847034 0.847034 
0.855506 0.855506 
0.83346 0.83346 
0.848768 0.848768 
0.840572 0.840572 
0.832658 0.832658 
0.818516 0.818516 
0.821901 0.821901 
0.839191 0.839191 
0.826161 0.826161 
0.842039 0.842039 
0.838923 0.838923 
0.862069 0.862069 
0.872478 0.872478 
0.875249 0.875249 
0.883785 0.883785 
0.909035 0.909035 
0.900184 0.900184 
0.921456 0.921456 
0.939093 0.939093 
0.96806 0.96806 
0.984953 0.984953 
1.03006 1.03006 
1.06392 1.06392 
1.10884 1.10884 
1.13857 1.13857 
1.16933 1.16933 
1.19743 1.19743 
1.22191 1.22191 
1.22597 1.22597 
1.22808 1.22808 
1.26115 1.26115 
1.24043 1.24043 
1.26655 1.26655 
1.25727 1.25727 
1.2244 1.2244 
1.23364 1.23364 
1.22109 1.22109 
1.20411 1.20411 
1.18497 1.18497 
1.20083 1.20083 
1.20232 1.20232 
1.21812 1.21812 
1.22274 1.22274 
1.20965 1.20965 
1.20155 1.20155 
1.23089 1.23089 
1.23071 1.23071 
1.20368 1.20368 
1.19443 1.19443 
1.17661 1.17661 
1.19167 1.19167 
1.17783 1.17783 
1.21475 1.21475 
1.18126 1.18126 
1.19797 1.19797 
1.21761 1.21761 
1.19189 1.19189 
1.2032 1.2032 
1.23442 1.23442 
1.23483 1.23483 
1.21468 1.21468 
1.20026 1.20026 
1.19604 1.19604 
1.20428 1.20428 
1.21243 1.21243 
1.22396 1.22396 
1.19027 1.19027 
1.19181 1.19181 
1.21271 1.21271 
1.20641 1.20641 
1.19376 1.19376 
1.19229 1.19229 
1.15175 1.15175 
1.13471 1.13471 
1.12851 1.12851 
1.10592 1.10592 
1.09926 1.09926 
1.05854 1.05854 
1.03569 1.03569 
1.03736 1.03736 
1.00604 1.00604 
0.981734 0.981734 
0.938582 0.938582 
0.936963 0.936963 
0.950944 0.950944 
0.936263 0.936263 


8.74012 1.4899 
8.51646 1.45178 
8.54012 1.45581 
8.27857 1.41122 
8.00881 1.36524 
7.9836 1.36094 
7.81554 1.33229 
7.91313 1.34893 
7.80744 1.33091 
7.80118 1.32984 
7.87921 1.34314 
7.67617 1.30853 
7.81715 1.33256 
7.74167 1.3197 
7.66878 1.30727 
7.53853 1.28507 
7.56971 1.29038 
7.72895 1.31753 
7.60895 1.29707 
7.75518 1.322 
7.72648 1.31711 
7.93965 1.35345 
8.03552 1.36979 
8.06104 1.37414 
8.13966 1.38754 
8.37221 1.42718 
8.29069 1.41329 
8.48661 1.44669 
8.64904 1.47438 
8.91583 1.51985 
9.07141 1.54638 
9.48688 1.6172 
9.79869 1.67035 
10.2124 1.74088 
10.4862 1.78755 
10.7695 1.83585 
11.0283 1.87997 
11.2538 1.9184 
11.2911 1.92477 
11.3106 1.92808 
11.6152 1.98001 
11.4244 1.94748 
11.6649 1.98848 
11.5795 1.97392 
11.2767 1.9223 
11.3619 1.93682 
11.2462 1.91711 
11.0898 1.89044 
10.9136 1.86041 
11.0596 1.8853 
11.0733 1.88764 
11.2189 1.91245 
11.2614 1.9197 
11.1409 1.89915 
11.0663 1.88644 
11.3365 1.93249 
11.3348 1.93221 
11.0859 1.88978 
11.0007 1.87526 
10.8366 1.84728 
10.9753 1.87093 
10.8478 1.84919 
11.1879 1.90716 
10.8794 1.85457 
11.0333 1.88081 
11.2142 1.91166 
10.9773 1.87127 
11.0814 1.88902 
11.369 1.93804 
11.3727 1.93868 
11.1872 1.90705 
11.0544 1.88441 
11.0155 1.87778 
11.0914 1.89072 
11.1665 1.90352 
11.2727 1.92162 
10.9624 1.86873 
10.9766 1.87115 
11.1691 1.90396 
11.111 1.89406 
10.9946 1.87421 
10.981 1.8719 
10.6076 1.80824 
10.4507 1.7815 
10.3935 1.77175 
10.1855 1.7363 
10.1242 1.72584 
9.74919 1.66191 
9.53873 1.62604 
9.55411 1.62866 
9.26558 1.57947 
9.04177 1.54132 
8.64434 1.47357 
8.62942 1.47103 
8.75819 1.49298 
8.62298 1.46993 


0.948981 0.948981 
0.924697 0.924697 
0.927266 0.927266 
0.898868 0.898868 
0.869578 0.869578 
0.86684 0.86684 
0.848592 0.848592 
0.859189 0.859189 
0.847714 0.847714 
0.847034 0.847034 
0.855506 0.855506 
0.83346 0.83346 
0.848768 0.848768 
0.840572 0.840572 
0.832658 0.832658 
0.818516 0.818516 
0.821901 0.821901 
0.839191 0.839191 
0.826161 0.826161 
0.842039 0.842039 
0.838923 0.838923 
0.862069 0.862069 
0.872478 0.872478 
0.875249 0.875249 
0.883785 0.883785 
0.909035 0.909035 
0.900184 0.900184 
0.921456 0.921456 
0.939093 0.939093 
0.96806 0.96806 
0.984953 0.984953 
1.03006 1.03006 
1.06392 1.06392 
1.10884 1.10884 
1.13857 1.13857 
1.16933 1.16933 
1.19743 1.19743 
1.22191 1.22191 
1.22597 1.22597 
1.22808 1.22808 
1.26115 1.26115 
1.24043 1.24043 
1.26655 1.26655 
1.25727 1.25727 
1.2244 1.2244 
1.23364 1.23364 
1.22109 1.22109 
1.20411 1.20411 
1.18497 1.18497 
1.20083 1.20083 
1.20232 1.20232 
1.21812 1.21812 
1.22274 1.22274 
1.20965 1.20965 
1.20155 1.20155 
1.23089 1.23089 
1.23071 1.23071 
1.20368 1.20368 
1.19443 1.19443 
1.17661 1.17661 
1.19167 1.19167 
1.17783 1.17783 
1.21475 1.21475 
1.18126 1.18126 
1.19797 1.19797 
1.21761 1.21761 
1.19189 1.19189 
1.2032 1.2032 
1.23442 1.23442 
1.23483 1.23483 
1.21468 1.21468 
1.20026 1.20026 
1.19604 1.19604 
1.20428 1.20428 
1.21243 1.21243 
1.22396 1.22396 
1.19027 1.19027 
1.19181 1.19181 
1.21271 1.21271 
1.20641 1.20641 
1.19376 1.19376 
1.19229 1.19229 
1.15175 1.15175 
1.13471 1.13471 
1.12851 1.12851 
1.10592 1.10592 
1.09926 1.09926 
1.05854 1.05854 
1.03569 1.03569 
1.03736 1.03736 
1.00604 1.00604 
0.981734 0.981734 
0.938582 0.938582 
0.936963 0.936963 
0.950944 0.950944 
0.936263 0.936263 


21.7317 2.04031 
21.1756 1.9881 
21.2344 1.99362 
20.5841 1.93257 
19.9133 1.86959 
19.8506 1.86371 
19.4328 1.82447 
19.6754 1.84726 
19.4126 1.82258 
19.3971 1.82112 
19.5911 1.83934 
19.0862 1.79194 
19.4368 1.82485 
19.2491 1.80723 
19.0679 1.79021 
18.744 1.75981 
18.8215 1.76709 
19.2175 1.80426 
18.9191 1.77625 
19.2827 1.81038 
19.2113 1.80368 
19.7414 1.85345 
19.9797 1.87583 
20.0432 1.88178 
20.2387 1.90014 
20.8169 1.95443 
20.6142 1.9354 
21.1013 1.98113 
21.5052 2.01905 
22.1686 2.08133 
22.5554 2.11765 
23.5884 2.21463 
24.3637 2.28743 
25.3924 2.384 
26.0732 2.44792 
26.7777 2.51406 
27.4212 2.57448 
27.9817 2.6271 
28.0746 2.63583 
28.123 2.64037 
28.8803 2.71147 
28.4058 2.66692 
29.004 2.72308 
28.7916 2.70314 
28.0387 2.63245 
28.2504 2.65233 
27.9629 2.62534 
27.574 2.58883 
27.1359 2.5477 
27.4989 2.58178 
27.533 2.58498 
27.895 2.61897 
28.0008 2.62889 
27.7009 2.60074 
27.5156 2.58334 
28.1873 2.64641 
28.1832 2.64602 
27.5643 2.58791 
27.3525 2.56803 
26.9445 2.52972 
27.2893 2.5621 
26.9723 2.53233 
27.8178 2.61172 
27.0508 2.5397 
27.4335 2.57563 
27.8834 2.61787 
27.2943 2.56256 
27.5532 2.58687 
28.2682 2.65401 
28.2775 2.65488 
27.8163 2.61157 
27.486 2.58056 
27.3893 2.57148 
27.578 2.5892 
27.7648 2.60674 
28.0287 2.63151 
27.2572 2.55909 
27.2925 2.5624 
27.7711 2.60733 
27.6268 2.59378 
27.3372 2.56659 
27.3034 2.56342 
26.375 2.47625 
25.9849 2.43963 
25.8428 2.42629 
25.3256 2.37773 
25.173 2.36341 
24.2407 2.27587 
23.7174 2.22674 
23.7556 2.23033 
23.0382 2.16298 
22.4817 2.11073 
21.4935 2.01795 
21.4564 2.01447 
21.7766 2.04453 
21.4404 2.01296 


10.2964 2.13521 
10.033 2.08057 
10.0608 2.08635 
9.75271 2.02245 
9.43492 1.95655 
9.40521 1.95039 
9.20723 1.90933 
9.3222 1.93317 
9.19769 1.90736 
9.19032 1.90583 
9.28224 1.92489 
9.04304 1.87528 
9.20913 1.90973 
9.12021 1.89129 
9.03433 1.87348 
8.8809 1.84166 
8.91763 1.84928 
9.10523 1.88818 
8.96385 1.85886 
9.13612 1.89459 
9.10231 1.88758 
9.35345 1.93965 
9.46638 1.96307 
9.49645 1.96931 
9.58907 1.98852 
9.86303 2.04533 
9.76699 2.02541 
9.9978 2.07328 
10.1892 2.11296 
10.5035 2.17814 
10.6867 2.21614 
11.1762 2.31764 
11.5435 2.39382 
12.0309 2.49489 
12.3535 2.56178 
12.6872 2.631 
12.9921 2.69422 
13.2577 2.74929 
13.3017 2.75842 
13.3247 2.76318 
13.6835 2.83759 
13.4587 2.79097 
13.7421 2.84974 
13.6414 2.82887 
13.2847 2.75489 
13.385 2.7757 
13.2488 2.74745 
13.0645 2.70924 
12.857 2.66619 
13.029 2.70186 
13.0451 2.70521 
13.2166 2.74078 
13.2667 2.75117 
13.1247 2.72171 
13.0369 2.7035 
13.3551 2.76949 
13.3532 2.76909 
13.0599 2.70828 
12.9596 2.68748 
12.7663 2.64738 
12.9297 2.68127 
12.7795 2.65012 
13.1801 2.73319 
12.8166 2.65783 
12.998 2.69543 
13.2111 2.73963 
12.932 2.68175 
13.0547 2.70719 
13.3935 2.77745 
13.3979 2.77836 
13.1793 2.73304 
13.0228 2.70059 
12.977 2.69109 
13.0664 2.70963 
13.1549 2.72798 
13.28 2.75391 
12.9145 2.67811 
12.9312 2.68158 
13.1579 2.72861 
13.0895 2.71442 
12.9523 2.68597 
12.9363 2.68265 
12.4964 2.59143 
12.3116 2.5531 
12.2443 2.53914 
11.9992 2.48832 
11.927 2.47333 
11.4852 2.38172 
11.2373 2.33031 
11.2554 2.33407 
10.9155 2.26358 
10.6518 2.2089 
10.1836 2.11181 
10.166 2.10817 
10.3177 2.13962 
10.1584 2.10659 


10.2964 2.13521 
10.033 2.08057 
10.0608 2.08635 
9.75271 2.02245 
9.43492 1.95655 
9.40521 1.95039 
9.20723 1.90933 
9.3222 1.93317 
9.19769 1.90736 
9.19032 1.90583 
9.28224 1.92489 
9.04304 1.87528 
9.20913 1.90973 
9.12021 1.89129 
9.03433 1.87348 
8.8809 1.84166 
8.91763 1.84928 
9.10523 1.88818 
8.96385 1.85886 
9.13612 1.89459 
9.10231 1.88758 
9.35345 1.93965 
9.46638 1.96307 
9.49645 1.96931 
9.58907 1.98852 
9.86303 2.04533 
9.76699 2.02541 
9.9978 2.07328 
10.1892 2.11296 
10.5035 2.17814 
10.6867 2.21614 
11.1762 2.31764 
11.5435 2.39382 
12.0309 2.49489 
12.3535 2.56178 
12.6872 2.631 
12.9921 2.69422 
13.2577 2.74929 
13.3017 2.75842 
13.3247 2.76318 
13.6835 2.83759 
13.4587 2.79097 
13.7421 2.84974 
13.6414 2.82887 
13.2847 2.75489 
13.385 2.7757 
13.2488 2.74745 
13.0645 2.70924 
12.857 2.66619 
13.029 2.70186 
13.0451 2.70521 
13.2166 2.74078 
13.2667 2.75117 
13.1247 2.72171 
13.0369 2.7035 
13.3551 2.76949 
13.3532 2.76909 
13.0599 2.70828 
12.9596 2.68748 
12.7663 2.64738 
12.9297 2.68127 
12.7795 2.65012 
13.1801 2.73319 
12.8166 2.65783 
12.998 2.69543 
13.2111 2.73963 
12.932 2.68175 
13.0547 2.70719 
13.3935 2.77745 
13.3979 2.77836 
13.1793 2.73304 
13.0228 2.70059 
12.977 2.69109 
13.0664 2.70963 
13.1549 2.72798 
13.28 2.75391 
12.9145 2.67811 
12.9312 2.68158 
13.1579 2.72861 
13.0895 2.71442 
12.9523 2.68597 
12.9363 2.68265 
12.4964 2.59143 
12.3116 2.5531 
12.2443 2.53914 
11.9992 2.48832 
11.927 2.47333 
11.4852 2.38172 
11.2373 2.33031 
11.2554 2.33407 
10.9155 2.26358 
10.6518 2.2089 
10.1836 2.11181 
10.166 2.10817 
10.3177 2.13962 
10.1584 2.10659 


22.7755 11.3878 
22.1927 11.0964 
22.2544 11.1272 
21.5728 10.7864 
20.8699 10.4349 
20.8042 10.4021 
20.3662 10.1831 
20.6205 10.3103 
20.3451 10.1726 
20.3288 10.1644 
20.5322 10.2661 
20.003 10.0015 
20.3704 10.1852 
20.1737 10.0869 
19.9838 9.99189 
19.6444 9.82219 
19.7256 9.86282 
20.1406 10.0703 
19.8279 9.91393 
20.2089 10.1045 
20.1341 10.0671 
20.6897 10.3448 
20.9395 10.4697 
21.006 10.503 
21.2108 10.6054 
21.8168 10.9084 
21.6044 10.8022 
22.115 11.0575 
22.5382 11.2691 
23.2334 11.6167 
23.6389 11.8194 
24.7215 12.3608 
25.5341 12.767 
26.6121 13.3061 
27.3256 13.6628 
28.0639 14.032 
28.7383 14.3692 
29.3258 14.6629 
29.4232 14.7116 
29.4739 14.7369 
30.2676 15.1338 
29.7703 14.8852 
30.3972 15.1986 
30.1746 15.0873 
29.3855 14.6928 
29.6075 14.8037 
29.3061 14.6531 
28.8985 14.4493 
28.4394 14.2197 
28.8199 14.4099 
28.8556 14.4278 
29.235 14.6175 
29.3458 14.6729 
29.0315 14.5158 
28.8373 14.4186 
29.5413 14.7706 
29.537 14.7685 
28.8884 14.4442 
28.6664 14.3332 
28.2387 14.1194 
28.6002 14.3001 
28.2679 14.134 
29.1541 14.577 
28.3501 14.1751 
28.7512 14.3756 
29.2228 14.6114 
28.6053 14.3027 
28.8767 14.4383 
29.6261 14.8131 
29.6358 14.8179 
29.1524 14.5762 
28.8062 14.4031 
28.7049 14.3525 
28.9027 14.4513 
29.0984 14.5492 
29.375 14.6875 
28.5665 14.2833 
28.6035 14.3018 
29.1051 14.5526 
28.9538 14.4769 
28.6503 14.3252 
28.615 14.3075 
27.6419 13.8209 
27.2331 13.6166 
27.0842 13.5421 
26.5421 13.2711 
26.3822 13.1911 
25.405 12.7025 
24.8566 12.4283 
24.8967 12.4484 
24.1448 12.0724 
23.5616 11.7808 
22.526 11.263 
22.4871 11.2436 
22.8226 11.4113 
22.4703 11.2352 


28.1373 7.11736 
27.4173 6.93523 
27.4934 6.9545 
26.6514 6.74151 
25.783 6.52183 
25.7018 6.5013 
25.1608 6.36444 
25.4749 6.44392 
25.1347 6.35785 
25.1146 6.35275 
25.3658 6.4163 
24.7121 6.25095 
25.166 6.36576 
24.923 6.30429 
24.6883 6.24493 
24.269 6.13887 
24.3694 6.16426 
24.882 6.29393 
24.4957 6.19621 
24.9664 6.31529 
24.8741 6.29192 
25.5603 6.46552 
25.869 6.54358 
25.9511 6.56437 
26.2042 6.62839 
26.9529 6.81776 
26.6904 6.75138 
27.3212 6.91092 
27.8441 7.04319 
28.703 7.26045 
29.2038 7.38714 
30.5414 7.72547 
31.5452 7.97939 
32.8771 8.31629 
33.7585 8.53926 
34.6707 8.76998 
35.5038 8.98073 
36.2296 9.16432 
36.3499 9.19475 
36.4125 9.21059 
37.3931 9.45862 
36.7787 9.30322 
37.5532 9.49913 
37.2782 9.42956 
36.3034 9.18298 
36.5775 9.25233 
36.2052 9.15816 
35.7017 9.03079 
35.1345 8.88731 
35.6045 9.00621 
35.6487 9.01737 
36.1174 9.13593 
36.2543 9.17056 
35.866 9.07236 
35.6261 9.01165 
36.4958 9.23165 
36.4905 9.23032 
35.6891 9.02761 
35.415 8.95825 
34.8866 8.8246 
35.3331 8.93755 
34.9227 8.83372 
36.0174 9.11064 
35.0242 8.85942 
35.5198 8.98477 
36.1023 9.13211 
35.3395 8.93917 
35.6747 9.02396 
36.6006 9.25816 
36.6126 9.2612 
36.0154 9.11013 
35.5877 9.00195 
35.4625 8.97029 
35.7069 9.03209 
35.9487 9.09326 
36.2904 9.1797 
35.2916 8.92704 
35.3373 8.9386 
35.957 9.09535 
35.7701 9.04808 
35.3951 8.95322 
35.3514 8.94218 
34.1492 8.63809 
33.6442 8.51034 
33.4602 8.4638 
32.7906 8.29441 
32.593 8.24444 
31.3858 7.93908 
30.7083 7.76769 
30.7578 7.78022 
29.8289 7.54526 
29.1084 7.363 
27.829 7.03937 
27.7809 7.02722 
28.1955 7.13208 
27.7602 7.02197 


0.948981 0.948981 
0.924697 0.924697 
0.927266 0.927266 
0.898868 0.898868 
0.869578 0.869578 
0.86684 0.86684 
0.848592 0.848592 
0.859189 0.859189 
0.847714 0.847714 
0.847034 0.847034 
0.855506 0.855506 
0.83346 0.83346 
0.848768 0.848768 
0.840572 0.840572 
0.832658 0.832658 
0.818516 0.818516 
0.821901 0.821901 
0.839191 0.839191 
0.826161 0.826161 
0.842039 0.842039 
0.838923 0.838923 
0.862069 0.862069 
0.872478 0.872478 
0.875249 0.875249 
0.883785 0.883785 
0.909035 0.909035 
0.900184 0.900184 
0.921456 0.921456 
0.939093 0.939093 
0.96806 0.96806 
0.984953 0.984953 
1.03006 1.03006 
1.06392 1.06392 
1.10884 1.10884 
1.13857 1.13857 
1.16933 1.16933 
1.19743 1.19743 
1.22191 1.22191 
1.22597 1.22597 
1.22808 1.22808 
1.26115 1.26115 
1.24043 1.24043 
1.26655 1.26655 
1.25727 1.25727 
1.2244 1.2244 
1.23364 1.23364 
1.22109 1.22109 
1.20411 1.20411 
1.18497 1.18497 
1.20083 1.20083 
1.20232 1.20232 
1.21812 1.21812 
1.22274 1.22274 
1.20965 1.20965 
1.20155 1.20155 
1.23089 1.23089 
1.23071 1.23071 
1.20368 1.20368 
1.19443 1.19443 
1.17661 1.17661 
1.19167 1.19167 
1.17783 1.17783 
1.21475 1.21475 
1.18126 1.18126 
1.19797 1.19797 
1.21761 1.21761 
1.19189 1.19189 
1.2032 1.2032 
1.23442 1.23442 
1.23483 1.23483 
1.21468 1.21468 
1.20026 1.20026 
1.19604 1.19604 
1.20428 1.20428 
1.21243 1.21243 
1.22396 1.22396 
1.19027 1.19027 
1.19181 1.19181 
1.21271 1.21271 
1.20641 1.20641 
1.19376 1.19376 
1.19229 1.19229 
1.15175 1.15175 
1.13471 1.13471 
1.12851 1.12851 
1.10592 1.10592 
1.09926 1.09926 
1.05854 1.05854 
1.03569 1.03569 
1.03736 1.03736 
1.00604 1.00604 
0.981734 0.981734 
0.938582 0.938582 
0.936963 0.936963 
0.950944 0.950944 
0.936263 0.936263 


14.8705 2.09725 
14.49 2.04358 
14.5303 2.04926 
14.0853 1.9865 
13.6263 1.92177 
13.5834 1.91572 
13.2974 1.87539 
13.4635 1.89881 
13.2837 1.87345 
13.273 1.87194 
13.4058 1.89067 
13.0603 1.84195 
13.3002 1.87578 
13.1718 1.85767 
13.0477 1.84017 
12.8261 1.80892 
12.8792 1.8164 
13.1501 1.85461 
12.9459 1.82582 
13.1947 1.86091 
13.1459 1.85402 
13.5086 1.90517 
13.6717 1.92818 
13.7151 1.9343 
13.8489 1.95316 
14.2446 2.00897 
14.1059 1.98941 
14.4392 2.03642 
14.7156 2.07539 
15.1695 2.13941 
15.4342 2.17675 
16.1411 2.27644 
16.6716 2.35126 
17.3755 2.45053 
17.8414 2.51623 
18.3234 2.58422 
18.7637 2.64632 
19.1473 2.70042 
19.2109 2.70939 
19.244 2.71405 
19.7622 2.78714 
19.4375 2.74135 
19.8468 2.79908 
19.7015 2.77858 
19.1863 2.70592 
19.3312 2.72635 
19.1344 2.6986 
18.8683 2.66107 
18.5686 2.61879 
18.817 2.65383 
18.8403 2.65712 
19.088 2.69205 
19.1604 2.70226 
18.9552 2.67332 
18.8283 2.65543 
19.288 2.72026 
19.2852 2.71987 
18.8617 2.66014 
18.7168 2.6397 
18.4375 2.60032 
18.6735 2.6336 
18.4566 2.603 
19.0352 2.6846 
18.5103 2.61058 
18.7722 2.64751 
19.08 2.69093 
18.6769 2.63407 
18.8541 2.65906 
19.3434 2.72807 
19.3497 2.72897 
19.0341 2.68445 
18.8081 2.65257 
18.7419 2.64325 
18.871 2.66146 
18.9989 2.67948 
19.1795 2.70495 
18.6516 2.6305 
18.6757 2.63391 
19.0032 2.6801 
18.9044 2.66617 
18.7063 2.63822 
18.6832 2.63496 
18.0478 2.54536 
17.7809 2.50771 
17.6837 2.494 
17.3298 2.44409 
17.2254 2.42936 
16.5874 2.33938 
16.2293 2.28888 
16.2555 2.29257 
15.7646 2.22334 
15.3838 2.16963 
14.7076 2.07427 
14.6822 2.07069 
14.9013 2.10159 
14.6712 2.06914 


0.948981 0.948981 
0.924697 0.924697 
0.927266 0.927266 
0.898868 0.898868 
0.869578 0.869578 
0.86684 0.86684 
0.848592 0.848592 
0.859189 0.859189 
0.847714 0.847714 
0.847034 0.847034 
0.855506 0.855506 
0.83346 0.83346 
0.848768 0.848768 
0.840572 0.840572 
0.832658 0.832658 
0.818516 0.818516 
0.821901 0.821901 
0.839191 0.839191 
0.826161 0.826161 
0.842039 0.842039 
0.838923 0.838923 
0.862069 0.862069 
0.872478 0.872478 
0.875249 0.875249 
0.883785 0.883785 
0.909035 0.909035 
0.900184 0.900184 
0.921456 0.921456 
0.939093 0.939093 
0.96806 0.96806 
0.984953 0.984953 
1.03006 1.03006 
1.06392 1.06392 
1.10884 1.10884 
1.13857 1.13857 
1.16933 1.16933 
1.19743 1.19743 
1.22191 1.22191 
1.22597 1.22597 
1.22808 1.22808 
1.26115 1.26115 
1.24043 1.24043 
1.26655 1.26655 
1.25727 1.25727 
1.2244 1.2244 
1.23364 1.23364 
1.22109 1.22109 
1.20411 1.20411 
1.18497 1.18497 
1.20083 1.20083 
1.20232 1.20232 
1.21812 1.21812 
1.22274 1.22274 
1.20965 1.20965 
1.20155 1.20155 
1.23089 1.23089 
1.23071 1.23071 
1.20368 1.20368 
1.19443 1.19443 
1.17661 1.17661 
1.19167 1.19167 
1.17783 1.17783 
1.21475 1.21475 
1.18126 1.18126 
1.19797 1.19797 
1.21761 1.21761 
1.19189 1.19189 
1.2032 1.2032 
1.23442 1.23442 
1.23483 1.23483 
1.21468 1.21468 
1.20026 1.20026 
1.19604 1.19604 
1.20428 1.20428 
1.21243 1.21243 
1.22396 1.22396 
1.19027 1.19027 
1.19181 1.19181 
1.21271 1.21271 
1.20641 1.20641 
1.19376 1.19376 
1.19229 1.19229 
1.15175 1.15175 
1.13471 1.13471 
1.12851 1.12851 
1.10592 1.10592 
1.09926 1.09926 
1.05854 1.05854 
1.03569 1.03569 
1.03736 1.03736 
1.00604 1.00604 
0.981734 0.981734 
0.938582 0.938582 
0.936963 0.936963 
0.950944 0.950944 
0.936263 0.936263 


14.6618 0.664287 
14.2866 0.647288 
14.3263 0.649086 
13.8875 0.629207 
13.435 0.608704 
13.3927 0.606788 
13.1108 0.594015 
13.2745 0.601432 
13.0972 0.5934 
13.0867 0.592924 
13.2176 0.598854 
12.877 0.583422 
13.1135 0.594137 
12.9868 0.588401 
12.8646 0.58286 
12.6461 0.572961 
12.6984 0.575331 
12.9655 0.587434 
12.7642 0.578313 
13.0095 0.589427 
12.9614 0.587246 
13.319 0.603448 
13.4798 0.610734 
13.5226 0.612674 
13.6545 0.618649 
14.0446 0.636324 
13.9078 0.630129 
14.2365 0.645019 
14.509 0.657365 
14.9565 0.677642 
15.2175 0.689467 
15.9145 0.721044 
16.4375 0.744743 
17.1316 0.776187 
17.5909 0.796997 
18.0662 0.818532 
18.5003 0.838202 
18.8785 0.855336 
18.9412 0.858176 
18.9738 0.859655 
19.4848 0.882805 
19.1646 0.868301 
19.5682 0.886585 
19.4249 0.880092 
18.9169 0.857078 
19.0598 0.863551 
18.8658 0.854761 
18.6034 0.842873 
18.3079 0.829482 
18.5528 0.840579 
18.5758 0.841621 
18.82 0.852687 
18.8914 0.855919 
18.6891 0.846753 
18.564 0.841088 
19.0172 0.86162 
19.0145 0.861496 
18.5969 0.842577 
18.454 0.836104 
18.1787 0.82363 
18.4114 0.834172 
18.1975 0.824481 
18.7679 0.850327 
18.2504 0.826879 
18.5086 0.838578 
18.8122 0.85233 
18.4147 0.834322 
18.5894 0.842236 
19.0718 0.864095 
19.0781 0.864378 
18.7669 0.850279 
18.544 0.840182 
18.4788 0.837227 
18.6061 0.842995 
18.7321 0.848704 
18.9102 0.856772 
18.3897 0.833191 
18.4135 0.83427 
18.7364 0.8489 
18.639 0.844487 
18.4436 0.835634 
18.4209 0.834603 
17.7945 0.806221 
17.5313 0.794299 
17.4354 0.789954 
17.0865 0.774145 
16.9835 0.769481 
16.3545 0.740981 
16.0014 0.724985 
16.0273 0.726154 
15.5432 0.704224 
15.1678 0.687214 
14.5011 0.657008 
14.4761 0.655874 
14.6921 0.665661 
14.4653 0.655384 


8.74012 1.4899 
8.51646 1.45178 
8.54012 1.45581 
8.27857 1.41122 
8.00881 1.36524 
7.9836 1.36094 
7.81554 1.33229 
7.91313 1.34893 
7.80744 1.33091 
7.80118 1.32984 
7.87921 1.34314 
7.67617 1.30853 
7.81715 1.33256 
7.74167 1.3197 
7.66878 1.30727 
7.53853 1.28507 
7.56971 1.29038 
7.72895 1.31753 
7.60895 1.29707 
7.75518 1.322 
7.72648 1.31711 
7.93965 1.35345 
8.03552 1.36979 
8.06104 1.37414 
8.13966 1.38754 
8.37221 1.42718 
8.29069 1.41329 
8.48661 1.44669 
8.64904 1.47438 
8.91583 1.51985 
9.07141 1.54638 
9.48688 1.6172 
9.79869 1.67035 
10.2124 1.74088 
10.4862 1.78755 
10.7695 1.83585 
11.0283 1.87997 
11.2538 1.9184 
11.2911 1.92477 
11.3106 1.92808 
11.6152 1.98001 
11.4244 1.94748 
11.6649 1.98848 
11.5795 1.97392 
11.2767 1.9223 
11.3619 1.93682 
11.2462 1.91711 
11.0898 1.89044 
10.9136 1.86041 
11.0596 1.8853 
11.0733 1.88764 
11.2189 1.91245 
11.2614 1.9197 
11.1409 1.89915 
11.0663 1.88644 
11.3365 1.93249 
11.3348 1.93221 
11.0859 1.88978 
11.0007 1.87526 
10.8366 1.84728 
10.9753 1.87093 
10.8478 1.84919 
11.1879 1.90716 
10.8794 1.85457 
11.0333 1.88081 
11.2142 1.91166 
10.9773 1.87127 
11.0814 1.88902 
11.369 1.93804 
11.3727 1.93868 
11.1872 1.90705 
11.0544 1.88441 
11.0155 1.87778 
11.0914 1.89072 
11.1665 1.90352 
11.2727 1.92162 
10.9624 1.86873 
10.9766 1.87115 
11.1691 1.90396 
11.111 1.89406 
10.9946 1.87421 
10.981 1.8719 
10.6076 1.80824 
10.4507 1.7815 
10.3935 1.77175 
10.1855 1.7363 
10.1242 1.72584 
9.74919 1.66191 
9.53873 1.62604 
9.55411 1.62866 
9.26558 1.57947 
9.04177 1.54132 
8.64434 1.47357 
8.62942 1.47103 
8.75819 1.49298 
8.62298 1.46993 


8.74012 1.4899 
8.51646 1.45178 
8.54012 1.45581 
8.27857 1.41122 
8.00881 1.36524 
7.9836 1.36094 
7.81554 1.33229 
7.91313 1.34893 
7.80744 1.33091 
7.80118 1.32984 
7.87921 1.34314 
7.67617 1.30853 
7.81715 1.33256 
7.74167 1.3197 
7.66878 1.30727 
7.53853 1.28507 
7.56971 1.29038 
7.72895 1.31753 
7.60895 1.29707 
7.75518 1.322 
7.72648 1.31711 
7.93965 1.35345 
8.03552 1.36979 
8.06104 1.37414 
8.13966 1.38754 
8.37221 1.42718 
8.29069 1.41329 
8.48661 1.44669 
8.64904 1.47438 
8.91583 1.51985 
9.07141 1.54638 
9.48688 1.6172 
9.79869 1.67035 
10.2124 1.74088 
10.4862 1.78755 
10.7695 1.83585 
11.0283 1.87997 
11.2538 1.9184 
11.2911 1.92477 
11.3106 1.92808 
11.6152 1.98001 
11.4244 1.94748 
11.6649 1.98848 
11.5795 1.97392 
11.2767 1.9223 
11.3619 1.93682 
11.2462 1.91711 
11.0898 1.89044 
10.9136 1.86041 
11.0596 1.8853 
11.0733 1.88764 
11.2189 1.91245 
11.2614 1.9197 
11.1409 1.89915 
11.0663 1.88644 
11.3365 1.93249 
11.3348 1.93221 
11.0859 1.88978 
11.0007 1.87526 
10.8366 1.84728 
10.9753 1.87093 
10.8478 1.84919 
11.1879 1.90716 
10.8794 1.85457 
11.0333 1.88081 
11.2142 1.91166 
10.9773 1.87127 
11.0814 1.88902 
11.369 1.93804 
11.3727 1.93868 
11.1872 1.90705 
11.0544 1.88441 
11.0155 1.87778 
11.0914 1.89072 
11.1665 1.90352 
11.2727 1.92162 
10.9624 1.86873 
10.9766 1.87115 
11.1691 1.90396 
11.111 1.89406 
10.9946 1.87421 
10.981 1.8719 
10.6076 1.80824 
10.4507 1.7815 
10.3935 1.77175 
10.1855 1.7363 
10.1242 1.72584 
9.74919 1.66191 
9.53873 1.62604 
9.55411 1.62866 
9.26558 1.57947 
9.04177 1.54132 
8.64434 1.47357 
8.62942 1.47103 
8.75819 1.49298 
8.62298 1.46993 


14.8705 2.09725 
14.49 2.04358 
14.5303 2.04926 
14.0853 1.9865 
13.6263 1.92177 
13.5834 1.91572 
13.2974 1.87539 
13.4635 1.89881 
13.2837 1.87345 
13.273 1.87194 
13.4058 1.89067 
13.0603 1.84195 
13.3002 1.87578 
13.1718 1.85767 
13.0477 1.84017 
12.8261 1.80892 
12.8792 1.8164 
13.1501 1.85461 
12.9459 1.82582 
13.1947 1.86091 
13.1459 1.85402 
13.5086 1.90517 
13.6717 1.92818 
13.7151 1.9343 
13.8489 1.95316 
14.2446 2.00897 
14.1059 1.98941 
14.4392 2.03642 
14.7156 2.07539 
15.1695 2.13941 
15.4342 2.17675 
16.1411 2.27644 
16.6716 2.35126 
17.3755 2.45053 
17.8414 2.51623 
18.3234 2.58422 
18.7637 2.64632 
19.1473 2.70042 
19.2109 2.70939 
19.244 2.71405 
19.7622 2.78714 
19.4375 2.74135 
19.8468 2.79908 
19.7015 2.77858 
19.1863 2.70592 
19.3312 2.72635 
19.1344 2.6986 
18.8683 2.66107 
18.5686 2.61879 
18.817 2.65383 
18.8403 2.65712 
19.088 2.69205 
19.1604 2.70226 
18.9552 2.67332 
18.8283 2.65543 
19.288 2.72026 
19.2852 2.71987 
18.8617 2.66014 
18.7168 2.6397 
18.4375 2.60032 
18.6735 2.6336 
18.4566 2.603 
19.0352 2.6846 
18.5103 2.61058 
18.7722 2.64751 
19.08 2.69093 
18.6769 2.63407 
18.8541 2.65906 
19.3434 2.72807 
19.3497 2.72897 
19.0341 2.68445 
18.8081 2.65257 
18.7419 2.64325 
18.871 2.66146 
18.9989 2.67948 
19.1795 2.70495 
18.6516 2.6305 
18.6757 2.63391 
19.0032 2.6801 
18.9044 2.66617 
18.7063 2.63822 
18.6832 2.63496 
18.0478 2.54536 
17.7809 2.50771 
17.6837 2.494 
17.3298 2.44409 
17.2254 2.42936 
16.5874 2.33938 
16.2293 2.28888 
16.2555 2.29257 
15.7646 2.22334 
15.3838 2.16963 
14.7076 2.07427 
14.6822 2.07069 
14.9013 2.10159 
14.6712 2.06914 


0.948981 0.948981 
0.924697 0.924697 
0.927266 0.927266 
0.898868 0.898868 
0.869578 0.869578 
0.86684 0.86684 
0.848592 0.848592 
0.859189 0.859189 
0.847714 0.847714 
0.847034 0.847034 
0.855506 0.855506 
0.83346 0.83346 
0.848768 0.848768 
0.840572 0.840572 
0.832658 0.832658 
0.818516 0.818516 
0.821901 0.821901 
0.839191 0.839191 
0.826161 0.826161 
0.842039 0.842039 
0.838923 0.838923 
0.862069 0.862069 
0.872478 0.872478 
0.875249 0.875249 
0.883785 0.883785 
0.909035 0.909035 
0.900184 0.900184 
0.921456 0.921456 
0.939093 0.939093 
0.96806 0.96806 
0.984953 0.984953 
1.03006 1.03006 
1.06392 1.06392 
1.10884 1.10884 
1.13857 1.13857 
1.16933 1.16933 
1.19743 1.19743 
1.22191 1.22191 
1.22597 1.22597 
1.22808 1.22808 
1.26115 1.26115 
1.24043 1.24043 
1.26655 1.26655 
1.25727 1.25727 
1.2244 1.2244 
1.23364 1.23364 
1.22109 1.22109 
1.20411 1.20411 
1.18497 1.18497 
1.20083 1.20083 
1.20232 1.20232 
1.21812 1.21812 
1.22274 1.22274 
1.20965 1.20965 
1.20155 1.20155 
1.23089 1.23089 
1.23071 1.23071 
1.20368 1.20368 
1.19443 1.19443 
1.17661 1.17661 
1.19167 1.19167 
1.17783 1.17783 
1.21475 1.21475 
1.18126 1.18126 
1.19797 1.19797 
1.21761 1.21761 
1.19189 1.19189 
1.2032 1.2032 
1.23442 1.23442 
1.23483 1.23483 
1.21468 1.21468 
1.20026 1.20026 
1.19604 1.19604 
1.20428 1.20428 
1.21243 1.21243 
1.22396 1.22396 
1.19027 1.19027 
1.19181 1.19181 
1.21271 1.21271 
1.20641 1.20641 
1.19376 1.19376 
1.19229 1.19229 
1.15175 1.15175 
1.13471 1.13471 
1.12851 1.12851 
1.10592 1.10592 
1.09926 1.09926 
1.05854 1.05854 
1.03569 1.03569 
1.03736 1.03736 
1.00604 1.00604 
0.981734 0.981734 
0.938582 0.938582 
0.936963 0.936963 
0.950944 0.950944 
0.936263 0.936263 


8.60726 1.76511 
8.38701 1.71994 
8.4103 1.72472 
8.15273 1.67189 
7.88707 1.61741 
7.86224 1.61232 
7.69673 1.57838 
7.79284 1.59809 
7.68876 1.57675 
7.6826 1.57548 
7.75944 1.59124 
7.55948 1.55024 
7.69832 1.57871 
7.62399 1.56346 
7.5522 1.54874 
7.42394 1.52244 
7.45464 1.52874 
7.61146 1.5609 
7.49328 1.53666 
7.63729 1.56619 
7.60903 1.5604 
7.81896 1.60345 
7.91337 1.62281 
7.93851 1.62796 
8.01593 1.64384 
8.24495 1.69081 
8.16467 1.67434 
8.35761 1.71391 
8.51757 1.74671 
8.7803 1.80059 
8.93352 1.83201 
9.34267 1.91592 
9.64974 1.97889 
10.0572 2.06244 
10.3268 2.11774 
10.6058 2.17496 
10.8607 2.22722 
11.0827 2.27275 
11.1195 2.2803 
11.1387 2.28423 
11.4386 2.34574 
11.2507 2.3072 
11.4876 2.35578 
11.4035 2.33853 
11.1053 2.27738 
11.1891 2.29458 
11.0753 2.27122 
10.9212 2.23964 
10.7477 2.20405 
10.8915 2.23354 
10.905 2.23631 
11.0484 2.26571 
11.0903 2.2743 
10.9715 2.24994 
10.8981 2.23489 
11.1641 2.28945 
11.1625 2.28912 
10.9174 2.23885 
10.8335 2.22165 
10.6719 2.1885 
10.8085 2.21651 
10.6829 2.19076 
11.0178 2.25944 
10.714 2.19714 
10.8656 2.22822 
11.0438 2.26476 
10.8104 2.21691 
10.913 2.23794 
11.1962 2.29602 
11.1999 2.29678 
11.0172 2.25931 
10.8864 2.23248 
10.8481 2.22463 
10.9228 2.23996 
10.9968 2.25513 
11.1013 2.27657 
10.7958 2.21391 
10.8098 2.21677 
10.9993 2.25565 
10.9421 2.24392 
10.8274 2.2204 
10.8141 2.21766 
10.4463 2.14225 
10.2918 2.11057 
10.2356 2.09902 
10.0307 2.05701 
9.97028 2.04462 
9.60099 1.96889 
9.39373 1.92639 
9.40888 1.92949 
9.12474 1.87123 
8.90433 1.82602 
8.51294 1.74576 
8.49825 1.74275 
8.62506 1.76876 
8.4919 1.74145 


0.948981 0.948981 
0.924697 0.924697 
0.927266 0.927266 
0.898868 0.898868 
0.869578 0.869578 
0.86684 0.86684 
0.848592 0.848592 
0.859189 0.859189 
0.847714 0.847714 
0.847034 0.847034 
0.855506 0.855506 
0.83346 0.83346 
0.848768 0.848768 
0.840572 0.840572 
0.832658 0.832658 
0.818516 0.818516 
0.821901 0.821901 
0.839191 0.839191 
0.826161 0.826161 
0.842039 0.842039 
0.838923 0.838923 
0.862069 0.862069 
0.872478 0.872478 
0.875249 0.875249 
0.883785 0.883785 
0.909035 0.909035 
0.900184 0.900184 
0.921456 0.921456 
0.939093 0.939093 
0.96806 0.96806 
0.984953 0.984953 
1.03006 1.03006 
1.06392 1.06392 
1.10884 1.10884 
1.13857 1.13857 
1.16933 1.16933 
1.19743 1.19743 
1.22191 1.22191 
1.22597 1.22597 
1.22808 1.22808 
1.26115 1.26115 
1.24043 1.24043 
1.26655 1.26655 
1.25727 1.25727 
1.2244 1.2244 
1.23364 1.23364 
1.22109 1.22109 
1.20411 1.20411 
1.18497 1.18497 
1.20083 1.20083 
1.20232 1.20232 
1.21812 1.21812 
1.22274 1.22274 
1.20965 1.20965 
1.20155 1.20155 
1.23089 1.23089 
1.23071 1.23071 
1.20368 1.20368 
1.19443 1.19443 
1.17661 1.17661 
1.19167 1.19167 
1.17783 1.17783 
1.21475 1.21475 
1.18126 1.18126 
1.19797 1.19797 
1.21761 1.21761 
1.19189 1.19189 
1.2032 1.2032 
1.23442 1.23442 
1.23483 1.23483 
1.21468 1.21468 
1.20026 1.20026 
1.19604 1.19604 
1.20428 1.20428 
1.21243 1.21243 
1.22396 1.22396 
1.19027 1.19027 
1.19181 1.19181 
1.21271 1.21271 
1.20641 1.20641 
1.19376 1.19376 
1.19229 1.19229 
1.15175 1.15175 
1.13471 1.13471 
1.12851 1.12851 
1.10592 1.10592 
1.09926 1.09926 
1.05854 1.05854 
1.03569 1.03569 
1.03736 1.03736 
1.00604 1.00604 
0.981734 0.981734 
0.938582 0.938582 
0.936963 0.936963 
0.950944 0.950944 
0.936263 0.936263 


14.6618 0.664287 
14.2866 0.647288 
14.3263 0.649086 
13.8875 0.629207 
13.435 0.608704 
13.3927 0.606788 
13.1108 0.594015 
13.2745 0.601432 
13.0972 0.5934 
13.0867 0.592924 
13.2176 0.598854 
12.877 0.583422 
13.1135 0.594137 
12.9868 0.588401 
12.8646 0.58286 
12.6461 0.572961 
12.6984 0.575331 
12.9655 0.587434 
12.7642 0.578313 
13.0095 0.589427 
12.9614 0.587246 
13.319 0.603448 
13.4798 0.610734 
13.5226 0.612674 
13.6545 0.618649 
14.0446 0.636324 
13.9078 0.630129 
14.2365 0.645019 
14.509 0.657365 
14.9565 0.677642 
15.2175 0.689467 
15.9145 0.721044 
16.4375 0.744743 
17.1316 0.776187 
17.5909 0.796997 
18.0662 0.818532 
18.5003 0.838202 
18.8785 0.855336 
18.9412 0.858176 
18.9738 0.859655 
19.4848 0.882805 
19.1646 0.868301 
19.5682 0.886585 
19.4249 0.880092 
18.9169 0.857078 
19.0598 0.863551 
18.8658 0.854761 
18.6034 0.842873 
18.3079 0.829482 
18.5528 0.840579 
18.5758 0.841621 
18.82 0.852687 
18.8914 0.855919 
18.6891 0.846753 
18.564 0.841088 
19.0172 0.86162 
19.0145 0.861496 
18.5969 0.842577 
18.454 0.836104 
18.1787 0.82363 
18.4114 0.834172 
18.1975 0.824481 
18.7679 0.850327 
18.2504 0.826879 
18.5086 0.838578 
18.8122 0.85233 
18.4147 0.834322 
18.5894 0.842236 
19.0718 0.864095 
19.0781 0.864378 
18.7669 0.850279 
18.544 0.840182 
18.4788 0.837227 
18.6061 0.842995 
18.7321 0.848704 
18.9102 0.856772 
18.3897 0.833191 
18.4135 0.83427 
18.7364 0.8489 
18.639 0.844487 
18.4436 0.835634 
18.4209 0.834603 
17.7945 0.806221 
17.5313 0.794299 
17.4354 0.789954 
17.0865 0.774145 
16.9835 0.769481 
16.3545 0.740981 
16.0014 0.724985 
16.0273 0.726154 
15.5432 0.704224 
15.1678 0.687214 
14.5011 0.657008 
14.4761 0.655874 
14.6921 0.665661 
14.4653 0.655384 


8.60726 1.76511 
8.38701 1.71994 
8.4103 1.72472 
8.15273 1.67189 
7.88707 1.61741 
7.86224 1.61232 
7.69673 1.57838 
7.79284 1.59809 
7.68876 1.57675 
7.6826 1.57548 
7.75944 1.59124 
7.55948 1.55024 
7.69832 1.57871 
7.62399 1.56346 
7.5522 1.54874 
7.42394 1.52244 
7.45464 1.52874 
7.61146 1.5609 
7.49328 1.53666 
7.63729 1.56619 
7.60903 1.5604 
7.81896 1.60345 
7.91337 1.62281 
7.93851 1.62796 
8.01593 1.64384 
8.24495 1.69081 
8.16467 1.67434 
8.35761 1.71391 
8.51757 1.74671 
8.7803 1.80059 
8.93352 1.83201 
9.34267 1.91592 
9.64974 1.97889 
10.0572 2.06244 
10.3268 2.11774 
10.6058 2.17496 
10.8607 2.22722 
11.0827 2.27275 
11.1195 2.2803 
11.1387 2.28423 
11.4386 2.34574 
11.2507 2.3072 
11.4876 2.35578 
11.4035 2.33853 
11.1053 2.27738 
11.1891 2.29458 
11.0753 2.27122 
10.9212 2.23964 
10.7477 2.20405 
10.8915 2.23354 
10.905 2.23631 
11.0484 2.26571 
11.0903 2.2743 
10.9715 2.24994 
10.8981 2.23489 
11.1641 2.28945 
11.1625 2.28912 
10.9174 2.23885 
10.8335 2.22165 
10.6719 2.1885 
10.8085 2.21651 
10.6829 2.19076 
11.0178 2.25944 
10.714 2.19714 
10.8656 2.22822 
11.0438 2.26476 
10.8104 2.21691 
10.913 2.23794 
11.1962 2.29602 
11.1999 2.29678 
11.0172 2.25931 
10.8864 2.23248 
10.8481 2.22463 
10.9228 2.23996 
10.9968 2.25513 
11.1013 2.27657 
10.7958 2.21391 
10.8098 2.21677 
10.9993 2.25565 
10.9421 2.24392 
10.8274 2.2204 
10.8141 2.21766 
10.4463 2.14225 
10.2918 2.11057 
10.2356 2.09902 
10.0307 2.05701 
9.97028 2.04462 
9.60099 1.96889 
9.39373 1.92639 
9.40888 1.92949 
9.12474 1.87123 
8.90433 1.82602 
8.51294 1.74576 
8.49825 1.74275 
8.62506 1.76876 
8.4919 1.74145 


24.5501 6.04501 
23.9219 5.89032 
23.9884 5.90669 
23.2537 5.72579 
22.496 5.53921 
22.4252 5.52177 
21.9531 5.40553 
22.2272 5.47303 
21.9304 5.39994 
21.9128 5.3956 
22.1319 5.44957 
21.5616 5.30914 
21.9576 5.40665 
21.7456 5.35445 
21.5408 5.30403 
21.175 5.21395 
21.2626 5.23551 
21.7099 5.34565 
21.3728 5.26265 
21.7835 5.36379 
21.7029 5.34394 
22.3017 5.49138 
22.571 5.55768 
22.6427 5.57533 
22.8635 5.62971 
23.5167 5.79055 
23.2878 5.73417 
23.8381 5.86968 
24.2943 5.98202 
25.0437 6.16654 
25.4807 6.27415 
26.6477 6.5615 
27.5236 6.77716 
28.6857 7.0633 
29.4547 7.25267 
30.2506 7.44864 
30.9775 7.62764 
31.6108 7.78356 
31.7157 7.80941 
31.7704 7.82286 
32.626 8.03353 
32.0899 7.90154 
32.7656 8.06792 
32.5257 8.00884 
31.6752 7.79941 
31.9144 7.85831 
31.5895 7.77833 
31.1502 7.67015 
30.6553 7.54829 
31.0654 7.64927 
31.1039 7.65875 
31.5129 7.75945 
31.6323 7.78886 
31.2936 7.70545 
31.0842 7.6539 
31.843 7.84075 
31.8384 7.83961 
31.1392 7.66745 
30.9 7.60854 
30.439 7.49503 
30.8286 7.59096 
30.4705 7.50278 
31.4256 7.73797 
30.5591 7.5246 
30.9915 7.63106 
31.4997 7.75621 
30.8342 7.59233 
31.1267 7.66435 
31.9345 7.86326 
31.945 7.86584 
31.4239 7.73754 
31.0507 7.64566 
30.9415 7.61877 
31.1547 7.67126 
31.3657 7.72321 
31.6638 7.79663 
30.7923 7.58204 
30.8322 7.59185 
31.3729 7.72499 
31.2098 7.68483 
30.8826 7.60427 
30.8445 7.59489 
29.7956 7.33662 
29.355 7.22812 
29.1945 7.18858 
28.6102 7.04472 
28.4378 7.00228 
27.3845 6.74292 
26.7934 6.59736 
26.8366 6.608 
26.0261 6.40844 
25.3975 6.25364 
24.2811 5.97877 
24.2392 5.96845 
24.6009 6.05751 
24.2211 5.96399 


