-160.3 -47.9393 
-157.752 -47.1772 
-155.279 -46.4376 
-151.234 -45.2281 
-147.966 -44.2507 
-146.327 -43.7606 
-146 -43.6627 
-144.924 -43.3409 
-145.949 -43.6475 
-142.638 -42.6572 
-144.222 -43.131 
-142.65 -42.661 
-144.074 -43.0868 
-142.059 -42.4841 
-139.742 -41.7911 
-140.692 -42.0754 
-140.184 -41.9233 
-142.244 -42.5395 
-142.781 -42.7001 
-142.942 -42.7481 
-143.132 -42.8052 
-146.104 -43.6938 
-148.935 -44.5405 
-149.315 -44.6542 
-152.484 -45.6018 
-153.814 -45.9997 
-153.499 -45.9053 
-155.809 -46.5962 
-160.886 -48.1146 
-165.722 -49.5609 
-168.499 -50.3913 
-175.131 -52.3746 
-180.119 -53.8663 
-188.381 -56.3371 
-191.475 -57.2626 
-199.073 -59.5347 
-205.982 -61.601 
-208.096 -62.2333 
-208.638 -62.3952 
-208.392 -62.3217 
-213.218 -63.765 
-211.948 -63.385 
-212.572 -63.5719 
-209.953 -62.7886 
-209.395 -62.6216 
-207.786 -62.1405 
-207.675 -62.1072 
-205.078 -61.3306 
-201.067 -60.131 
-202.174 -60.462 
-205.125 -61.3447 
-206.441 -61.7382 
-209.898 -62.772 
-208.737 -62.4248 
-204.403 -61.1288 
-205.573 -61.4785 
-207.862 -62.1632 
-203.523 -60.8655 
-202.927 -60.6872 
-200.576 -59.9844 
-201.019 -60.1168 
-201.764 -60.3395 
-202.925 -60.6868 
-200.272 -59.8935 
-205.018 -61.3127 
-206.926 -61.8832 
-204.671 -61.209 
-207.332 -62.0047 
-212.309 -63.4932 
-208.602 -62.3845 
-204.644 -61.2008 
-206.48 -61.7498 
-204.008 -61.0107 
-206.534 -61.766 
-207.188 -61.9615 
-208.09 -62.2313 
-201.503 -60.2615 
-200.59 -59.9884 
-205.236 -61.3779 
-204.602 -61.1882 
-200.582 -59.986 
-200.151 -59.8573 
-197.582 -59.089 
-190.964 -57.1098 
-192.189 -57.476 
-189.024 -56.5296 
-188.722 -56.4392 
-178.706 -53.4439 
-177.112 -52.9672 
-176.79 -52.8707 
-171.044 -51.1525 
-164.855 -49.3016 
-162.135 -48.4881 
-162.556 -48.614 
-160.421 -47.9756 
-159.765 -47.7794 


-124.793 -37.7675 
-122.809 -37.1671 
-120.884 -36.5844 
-117.735 -35.6316 
-115.191 -34.8615 
-113.915 -34.4755 
-113.66 -34.3983 
-112.823 -34.1448 
-113.621 -34.3864 
-111.043 -33.6062 
-112.276 -33.9794 
-111.053 -33.6092 
-112.161 -33.9446 
-110.592 -33.4698 
-108.788 -32.9239 
-109.528 -33.1478 
-109.132 -33.028 
-110.737 -33.5135 
-111.154 -33.6399 
-111.279 -33.6778 
-111.428 -33.7227 
-113.741 -34.4228 
-115.945 -35.0899 
-116.241 -35.1794 
-118.708 -35.926 
-119.744 -36.2395 
-119.498 -36.1651 
-121.297 -36.7094 
-125.249 -37.9056 
-129.014 -39.045 
-131.176 -39.6992 
-136.339 -41.2617 
-140.222 -42.4369 
-146.653 -44.3834 
-149.063 -45.1126 
-154.977 -46.9026 
-160.356 -48.5304 
-162.002 -49.0286 
-162.424 -49.1561 
-162.232 -49.0982 
-165.989 -50.2353 
-165 -49.9359 
-165.487 -50.0831 
-163.448 -49.4661 
-163.013 -49.3345 
-161.761 -48.9555 
-161.674 -48.9292 
-159.652 -48.3174 
-156.53 -47.3723 
-157.391 -47.6331 
-159.689 -48.3285 
-160.713 -48.6385 
-163.405 -49.453 
-162.501 -49.1794 
-159.127 -48.1584 
-160.037 -48.434 
-161.82 -48.9734 
-158.442 -47.951 
-157.978 -47.8106 
-156.148 -47.2568 
-156.493 -47.3612 
-157.072 -47.5366 
-157.976 -47.8102 
-155.911 -47.1852 
-159.606 -48.3033 
-161.091 -48.7528 
-159.336 -48.2217 
-161.407 -48.8485 
-165.282 -50.0212 
-162.396 -49.1477 
-159.314 -48.2151 
-160.744 -48.6477 
-158.82 -48.0654 
-160.786 -48.6604 
-161.295 -48.8145 
-161.997 -49.027 
-156.869 -47.4751 
-156.159 -47.2601 
-159.775 -48.3547 
-159.282 -48.2052 
-156.152 -47.2582 
-155.817 -47.1567 
-153.817 -46.5514 
-148.665 -44.9922 
-149.618 -45.2807 
-147.155 -44.5351 
-146.919 -44.4639 
-139.122 -42.1041 
-137.881 -41.7286 
-137.63 -41.6525 
-133.157 -40.2989 
-128.339 -38.8408 
-126.221 -38.1999 
-126.549 -38.2991 
-124.887 -37.7961 
-124.377 -37.6416 


0.960669 0.273131 
0.945397 0.268789 
0.930577 0.264576 
0.906339 0.257685 
0.886752 0.252116 
0.876932 0.249324 
0.874969 0.248766 
0.868521 0.246932 
0.874665 0.248679 
0.85482 0.243037 
0.864315 0.245737 
0.854896 0.243059 
0.863429 0.245485 
0.851352 0.242051 
0.837465 0.238103 
0.843161 0.239722 
0.840114 0.238856 
0.852462 0.242367 
0.855679 0.243281 
0.856642 0.243555 
0.857786 0.24388 
0.875592 0.248943 
0.89256 0.253767 
0.894838 0.254415 
0.913828 0.259814 
0.921802 0.262081 
0.91991 0.261543 
0.933755 0.265479 
0.964183 0.27413 
0.993165 0.28237 
1.00981 0.287101 
1.04955 0.298402 
1.07944 0.3069 
1.12896 0.320977 
1.1475 0.326251 
1.19303 0.339196 
1.23444 0.350968 
1.24711 0.354571 
1.25036 0.355493 
1.24888 0.355075 
1.27781 0.363298 
1.27019 0.361133 
1.27394 0.362197 
1.25824 0.357735 
1.25489 0.356783 
1.24525 0.354042 
1.24458 0.353852 
1.22902 0.349428 
1.20498 0.342593 
1.21162 0.344479 
1.2293 0.349508 
1.23719 0.35175 
1.25791 0.35764 
1.25095 0.355662 
1.22498 0.348278 
1.23199 0.350271 
1.24571 0.354172 
1.2197 0.346778 
1.21613 0.345762 
1.20204 0.341758 
1.2047 0.342512 
1.20916 0.343781 
1.21612 0.34576 
1.20022 0.34124 
1.22866 0.349326 
1.2401 0.352576 
1.22659 0.348735 
1.24253 0.353268 
1.27236 0.361749 
1.25014 0.355432 
1.22642 0.348688 
1.23742 0.351816 
1.22261 0.347605 
1.23775 0.351908 
1.24167 0.353022 
1.24707 0.354559 
1.2076 0.343336 
1.20213 0.341781 
1.22997 0.349697 
1.22617 0.348616 
1.20208 0.341767 
1.1995 0.341033 
1.1841 0.336656 
1.14444 0.32538 
1.15178 0.327466 
1.13281 0.322074 
1.131 0.321559 
1.07098 0.304494 
1.06143 0.301778 
1.05949 0.301228 
1.02506 0.291438 
0.987969 0.280893 
0.971667 0.276258 
0.974191 0.276976 
0.961397 0.273338 
0.957466 0.272221 


2.2604 1.1302 
2.22446 1.11223 
2.18959 1.0948 
2.13256 1.06628 
2.08648 1.04324 
2.06337 1.03169 
2.05875 1.02937 
2.04358 1.02179 
2.05804 1.02902 
2.01134 1.00567 
2.03368 1.01684 
2.01152 1.00576 
2.0316 1.0158 
2.00318 1.00159 
1.9705 0.985252 
1.98391 0.991954 
1.97674 0.988369 
2.00579 1.0029 
2.01336 1.00668 
2.01563 1.00781 
2.01832 1.00916 
2.06022 1.03011 
2.10014 1.05007 
2.1055 1.05275 
2.15018 1.07509 
2.16895 1.08447 
2.16449 1.08225 
2.19707 1.09854 
2.26867 1.13433 
2.33686 1.16843 
2.37601 1.18801 
2.46953 1.23477 
2.53987 1.26993 
2.65636 1.32818 
2.70001 1.35 
2.80714 1.40357 
2.90456 1.45228 
2.93438 1.46719 
2.94201 1.47101 
2.93855 1.46927 
3.0066 1.5033 
2.98868 1.49434 
2.99749 1.49875 
2.96057 1.48028 
2.95269 1.47634 
2.93 1.465 
2.92843 1.46422 
2.89182 1.44591 
2.83525 1.41763 
2.85086 1.42543 
2.89248 1.44624 
2.91104 1.45552 
2.95978 1.47989 
2.94341 1.4717 
2.8823 1.44115 
2.89879 1.4494 
2.93108 1.46554 
2.86989 1.43494 
2.86148 1.43074 
2.82834 1.41417 
2.83458 1.41729 
2.84509 1.42254 
2.86146 1.43073 
2.82405 1.41203 
2.89097 1.44549 
2.91787 1.45894 
2.88608 1.44304 
2.9236 1.4618 
2.99379 1.49689 
2.94151 1.47075 
2.88569 1.44285 
2.91158 1.45579 
2.87673 1.43837 
2.91235 1.45617 
2.92156 1.46078 
2.93429 1.46714 
2.8414 1.4207 
2.82853 1.41427 
2.89405 1.44702 
2.8851 1.44255 
2.82842 1.41421 
2.82235 1.41117 
2.78612 1.39306 
2.6928 1.3464 
2.71006 1.35503 
2.66544 1.33272 
2.66118 1.33059 
2.51995 1.25997 
2.49747 1.24874 
2.49292 1.24646 
2.4119 1.20595 
2.32463 1.16232 
2.28628 1.14314 
2.29221 1.14611 
2.26211 1.13106 
2.25286 1.12643 


2.65597 0.45208 
2.61375 0.444893 
2.57277 0.437918 
2.50576 0.426512 
2.45161 0.417295 
2.42446 0.412674 
2.41903 0.41175 
2.40121 0.408716 
2.41819 0.411607 
2.36333 0.402268 
2.38958 0.406736 
2.36354 0.402304 
2.38713 0.406319 
2.35374 0.400636 
2.31534 0.394101 
2.33109 0.396782 
2.32267 0.395348 
2.35681 0.401159 
2.3657 0.402673 
2.36836 0.403126 
2.37152 0.403664 
2.42075 0.412043 
2.46767 0.420028 
2.47396 0.4211 
2.52647 0.430037 
2.54851 0.433789 
2.54328 0.432899 
2.58156 0.439414 
2.66568 0.453733 
2.74581 0.467372 
2.79181 0.475202 
2.9017 0.493906 
2.98434 0.507973 
3.12123 0.531273 
3.17251 0.540001 
3.29838 0.561427 
3.41286 0.580913 
3.44789 0.586876 
3.45687 0.588403 
3.45279 0.58771 
3.53275 0.60132 
3.5117 0.597737 
3.52206 0.599499 
3.47866 0.592113 
3.46941 0.590537 
3.44275 0.586001 
3.44091 0.585686 
3.39788 0.578363 
3.33142 0.56705 
3.34976 0.570172 
3.39866 0.578496 
3.42047 0.582207 
3.47774 0.591956 
3.4585 0.588682 
3.3867 0.57646 
3.40608 0.579758 
3.44401 0.586215 
3.37212 0.573977 
3.36224 0.572296 
3.3233 0.565668 
3.33064 0.566917 
3.34298 0.569017 
3.36222 0.572292 
3.31826 0.564811 
3.39689 0.578194 
3.4285 0.583574 
3.39115 0.577217 
3.43523 0.58472 
3.5177 0.598757 
3.45627 0.588302 
3.39069 0.577139 
3.42111 0.582317 
3.38016 0.575347 
3.42201 0.582469 
3.43284 0.584313 
3.44778 0.586857 
3.33865 0.568281 
3.32353 0.565706 
3.4005 0.578809 
3.38999 0.57702 
3.32339 0.565684 
3.31626 0.564469 
3.27369 0.557224 
3.16404 0.53856 
3.18433 0.542013 
3.1319 0.533089 
3.12689 0.532236 
2.96094 0.50399 
2.93453 0.499495 
2.92918 0.498584 
2.83399 0.482381 
2.73144 0.464927 
2.68637 0.457255 
2.69335 0.458443 
2.65798 0.452422 
2.64711 0.450572 


2.04378 0.141275 
2.01129 0.139029 
1.97976 0.136849 
1.92819 0.133285 
1.88652 0.130405 
1.86563 0.128961 
1.86145 0.128672 
1.84774 0.127724 
1.86081 0.128627 
1.81859 0.125709 
1.83879 0.127105 
1.81875 0.12572 
1.8369 0.126975 
1.81121 0.125199 
1.78166 0.123157 
1.79378 0.123994 
1.7873 0.123546 
1.81357 0.125362 
1.82042 0.125835 
1.82246 0.125977 
1.8249 0.126145 
1.86278 0.128764 
1.89888 0.131259 
1.90372 0.131594 
1.94412 0.134386 
1.96109 0.135559 
1.95706 0.135281 
1.98652 0.137317 
2.05125 0.141792 
2.11291 0.146054 
2.14831 0.148501 
2.23287 0.154346 
2.29646 0.158742 
2.4018 0.166023 
2.44126 0.16875 
2.53812 0.175446 
2.62621 0.181535 
2.65317 0.183399 
2.66007 0.183876 
2.65694 0.183659 
2.71847 0.187913 
2.70227 0.186793 
2.71024 0.187343 
2.67684 0.185035 
2.66972 0.184543 
2.64921 0.183125 
2.64779 0.183027 
2.61468 0.180739 
2.56354 0.177203 
2.57765 0.178179 
2.61528 0.18078 
2.63206 0.18194 
2.67614 0.184986 
2.66133 0.183963 
2.60608 0.180144 
2.62099 0.181174 
2.65018 0.183192 
2.59486 0.179368 
2.58726 0.178843 
2.55729 0.176771 
2.56294 0.177161 
2.57243 0.177818 
2.58724 0.178841 
2.55341 0.176503 
2.61392 0.180686 
2.63824 0.182367 
2.6095 0.18038 
2.64342 0.182725 
2.70688 0.187112 
2.65961 0.183844 
2.60915 0.180356 
2.63256 0.181974 
2.60105 0.179796 
2.63325 0.182022 
2.64158 0.182598 
2.65308 0.183393 
2.5691 0.177588 
2.55746 0.176783 
2.6167 0.180878 
2.60861 0.180319 
2.55736 0.176776 
2.55187 0.176397 
2.51912 0.174133 
2.43474 0.1683 
2.45035 0.169379 
2.41 0.16659 
2.40615 0.166324 
2.27845 0.157497 
2.25813 0.156092 
2.25401 0.155807 
2.18076 0.150744 
2.10186 0.14529 
2.06717 0.142892 
2.07254 0.143263 
2.04533 0.141382 
2.03696 0.140804 


6.25377 0.357896 
6.15435 0.352207 
6.05787 0.346685 
5.90009 0.337656 
5.77258 0.330359 
5.70866 0.3267 
5.69588 0.325969 
5.6539 0.323567 
5.6939 0.325856 
5.56471 0.318462 
5.62652 0.322 
5.56521 0.318491 
5.62075 0.32167 
5.54213 0.31717 
5.45173 0.311997 
5.48881 0.314119 
5.46898 0.312984 
5.54936 0.317584 
5.5703 0.318782 
5.57657 0.319141 
5.58402 0.319567 
5.69993 0.326201 
5.81039 0.332522 
5.82522 0.333371 
5.94884 0.340446 
6.00075 0.343416 
5.98843 0.342712 
6.07856 0.34787 
6.27664 0.359205 
6.46531 0.370003 
6.57363 0.376202 
6.83237 0.391009 
7.02696 0.402145 
7.34928 0.420591 
7.47002 0.427501 
7.76641 0.444463 
8.03596 0.459889 
8.11845 0.46461 
8.13957 0.465819 
8.12998 0.46527 
8.31826 0.476045 
8.26869 0.473208 
8.29307 0.474603 
8.1909 0.468756 
8.1691 0.467509 
8.10634 0.463917 
8.102 0.463668 
8.00069 0.457871 
7.8442 0.448915 
7.88738 0.451386 
8.00253 0.457976 
8.05386 0.460914 
8.18873 0.468632 
8.14343 0.46604 
7.97437 0.456364 
8.01999 0.458975 
8.10931 0.464087 
7.94002 0.454399 
7.91676 0.453068 
7.82507 0.44782 
7.84235 0.448809 
7.8714 0.450472 
7.91671 0.453064 
7.81321 0.447142 
7.99835 0.457737 
8.07278 0.461996 
7.98483 0.456963 
8.08862 0.462903 
8.28281 0.474016 
8.13817 0.465739 
7.98375 0.456902 
8.05538 0.461001 
7.95896 0.455483 
8.05749 0.461121 
8.083 0.462581 
8.11819 0.464595 
7.86122 0.449889 
7.82561 0.447851 
8.00686 0.458224 
7.98211 0.456808 
7.82529 0.447833 
7.80849 0.446871 
7.70827 0.441136 
7.45008 0.42636 
7.49785 0.429094 
7.37439 0.422028 
7.3626 0.421353 
6.97186 0.398992 
6.90968 0.395433 
6.89708 0.394712 
6.67293 0.381885 
6.43149 0.368067 
6.32536 0.361994 
6.34179 0.362934 
6.25851 0.358168 
6.23292 0.356703 


1.28089 0.252411 
1.26053 0.248398 
1.24077 0.244504 
1.20845 0.238136 
1.18234 0.23299 
1.16924 0.23041 
1.16663 0.229894 
1.15803 0.2282 
1.16622 0.229814 
1.13976 0.2246 
1.15242 0.227094 
1.13986 0.22462 
1.15124 0.226862 
1.13514 0.223689 
1.11662 0.22004 
1.12422 0.221537 
1.12015 0.220736 
1.13662 0.22398 
1.14091 0.224826 
1.14219 0.225078 
1.14371 0.225379 
1.16746 0.230058 
1.19008 0.234516 
1.19312 0.235114 
1.21844 0.240104 
1.22907 0.242199 
1.22655 0.241702 
1.24501 0.24534 
1.28558 0.253334 
1.32422 0.260949 
1.34641 0.265321 
1.3994 0.275764 
1.43926 0.283618 
1.50527 0.296627 
1.53 0.301501 
1.59071 0.313464 
1.64592 0.324343 
1.66281 0.327672 
1.66714 0.328525 
1.66518 0.328138 
1.70374 0.335737 
1.69359 0.333736 
1.69858 0.33472 
1.67765 0.330596 
1.67319 0.329717 
1.66034 0.327184 
1.65944 0.327008 
1.6387 0.32292 
1.60664 0.316603 
1.61549 0.318346 
1.63907 0.322994 
1.64959 0.325066 
1.67721 0.330509 
1.66793 0.328681 
1.6333 0.321857 
1.64265 0.323698 
1.66094 0.327303 
1.62627 0.320471 
1.62151 0.319532 
1.60273 0.315831 
1.60626 0.316528 
1.61222 0.317701 
1.62149 0.31953 
1.6003 0.315353 
1.63822 0.322825 
1.65346 0.325829 
1.63545 0.322279 
1.65671 0.326469 
1.69648 0.334306 
1.66686 0.328469 
1.63523 0.322236 
1.6499 0.325127 
1.63015 0.321235 
1.65033 0.325212 
1.65555 0.326241 
1.66276 0.327662 
1.61013 0.31729 
1.60283 0.315853 
1.63996 0.323168 
1.63489 0.32217 
1.60277 0.31584 
1.59933 0.315162 
1.5788 0.311117 
1.52592 0.300696 
1.5357 0.302624 
1.51042 0.297641 
1.508 0.297165 
1.42797 0.281394 
1.41523 0.278884 
1.41265 0.278376 
1.36675 0.269329 
1.31729 0.259584 
1.29556 0.255301 
1.29892 0.255964 
1.28186 0.252602 
1.27662 0.25157 


1.74239 0.357896 
1.71469 0.352207 
1.68781 0.346685 
1.64385 0.337656 
1.60833 0.330359 
1.59051 0.3267 
1.58695 0.325969 
1.57526 0.323567 
1.5864 0.325856 
1.55041 0.318462 
1.56763 0.322 
1.55055 0.318491 
1.56602 0.32167 
1.54412 0.31717 
1.51893 0.311997 
1.52926 0.314119 
1.52374 0.312984 
1.54613 0.317584 
1.55197 0.318782 
1.55371 0.319141 
1.55579 0.319567 
1.58808 0.326201 
1.61886 0.332522 
1.62299 0.333371 
1.65743 0.340446 
1.6719 0.343416 
1.66846 0.342712 
1.69358 0.34787 
1.74876 0.359205 
1.80133 0.370003 
1.83151 0.376202 
1.9036 0.391009 
1.95781 0.402145 
2.04761 0.420591 
2.08125 0.427501 
2.16383 0.444463 
2.23893 0.459889 
2.26192 0.46461 
2.2678 0.465819 
2.26513 0.46527 
2.31759 0.476045 
2.30378 0.473208 
2.31057 0.474603 
2.2821 0.468756 
2.27603 0.467509 
2.25854 0.463917 
2.25733 0.463668 
2.22911 0.457871 
2.18551 0.448915 
2.19754 0.451386 
2.22962 0.457976 
2.24392 0.460914 
2.2815 0.468632 
2.26888 0.46604 
2.22177 0.456364 
2.23449 0.458975 
2.25937 0.464087 
2.2122 0.454399 
2.20572 0.453068 
2.18018 0.44782 
2.18499 0.448809 
2.19309 0.450472 
2.20571 0.453064 
2.17687 0.447142 
2.22846 0.457737 
2.24919 0.461996 
2.22469 0.456963 
2.25361 0.462903 
2.30771 0.474016 
2.26741 0.465739 
2.22439 0.456902 
2.24435 0.461001 
2.21748 0.455483 
2.24493 0.461121 
2.25204 0.462581 
2.26184 0.464595 
2.19025 0.449889 
2.18033 0.447851 
2.23083 0.458224 
2.22393 0.456808 
2.18024 0.447833 
2.17556 0.446871 
2.14763 0.441136 
2.0757 0.42636 
2.08901 0.429094 
2.05461 0.422028 
2.05133 0.421353 
1.94246 0.398992 
1.92514 0.395433 
1.92163 0.394712 
1.85918 0.381885 
1.79191 0.368067 
1.76234 0.361994 
1.76691 0.362934 
1.74371 0.358168 
1.73658 0.356703 


5.58507 1.441 
5.49628 1.4181 
5.41012 1.39586 
5.26921 1.35951 
5.15533 1.33013 
5.09824 1.3154 
5.08683 1.31245 
5.04934 1.30278 
5.08506 1.312 
4.96969 1.28223 
5.02489 1.29647 
4.97013 1.28234 
5.01974 1.29514 
4.94953 1.27703 
4.86879 1.2562 
4.90191 1.26474 
4.88419 1.26017 
4.95598 1.27869 
4.97468 1.28352 
4.98028 1.28496 
4.98693 1.28668 
5.09045 1.31339 
5.1891 1.33884 
5.20234 1.34226 
5.31275 1.37074 
5.3591 1.3827 
5.3481 1.37986 
5.4286 1.40063 
5.6055 1.44627 
5.77399 1.48975 
5.87073 1.51471 
6.1018 1.57433 
6.27559 1.61916 
6.56344 1.69343 
6.67126 1.72125 
6.93597 1.78955 
7.17669 1.85166 
7.25036 1.87067 
7.26922 1.87553 
7.26066 1.87332 
7.42881 1.91671 
7.38454 1.90529 
7.40631 1.9109 
7.31506 1.88736 
7.2956 1.88234 
7.23955 1.86788 
7.23567 1.86688 
7.1452 1.84353 
7.00544 1.80747 
7.044 1.81742 
7.14684 1.84396 
7.19268 1.85578 
7.31313 1.88686 
7.27267 1.87642 
7.12169 1.83747 
7.16243 1.84798 
7.2422 1.86856 
7.09101 1.82955 
7.07024 1.82419 
6.98836 1.80307 
7.00378 1.80705 
7.02973 1.81374 
7.07019 1.82418 
6.97776 1.80033 
7.14311 1.84299 
7.20958 1.86014 
7.13103 1.83988 
7.22373 1.86379 
7.39715 1.90854 
7.26798 1.87521 
7.13007 1.83963 
7.19404 1.85613 
7.10793 1.83392 
7.19592 1.85662 
7.2187 1.8625 
7.25013 1.87061 
7.02064 1.8114 
6.98883 1.80319 
7.15071 1.84495 
7.1286 1.83925 
6.98855 1.80312 
6.97355 1.79925 
6.88404 1.77615 
6.65346 1.71666 
6.69612 1.72767 
6.58587 1.69922 
6.57533 1.6965 
6.22637 1.60647 
6.17084 1.59214 
6.15959 1.58924 
5.95941 1.53759 
5.74378 1.48195 
5.64901 1.4575 
5.66368 1.46129 
5.5893 1.4421 
5.56645 1.4362 


2.48644 0.612191 
2.44691 0.602459 
2.40855 0.593015 
2.34582 0.577569 
2.29512 0.565087 
2.26971 0.558829 
2.26463 0.557578 
2.24794 0.553469 
2.26384 0.557385 
2.21248 0.544738 
2.23705 0.550789 
2.21267 0.544787 
2.23476 0.550224 
2.2035 0.542528 
2.16756 0.533678 
2.1823 0.537309 
2.17441 0.535367 
2.20637 0.543236 
2.2147 0.545286 
2.21719 0.545899 
2.22015 0.546628 
2.26624 0.557975 
2.31016 0.568788 
2.31605 0.57024 
2.3652 0.582341 
2.38584 0.587423 
2.38094 0.586217 
2.41678 0.59504 
2.49553 0.61443 
2.57054 0.632899 
2.61361 0.643503 
2.71648 0.668831 
2.79385 0.68788 
2.922 0.719432 
2.97001 0.731252 
3.08785 0.760266 
3.19502 0.786653 
3.22782 0.794727 
3.23621 0.796795 
3.2324 0.795857 
3.30726 0.814288 
3.28755 0.809435 
3.29724 0.811822 
3.25662 0.80182 
3.24796 0.799686 
3.223 0.793543 
3.22128 0.793117 
3.181 0.7832 
3.11878 0.767881 
3.13595 0.772108 
3.18173 0.78338 
3.20214 0.788405 
3.25576 0.801608 
3.23775 0.797173 
3.17053 0.780623 
3.18867 0.78509 
3.22418 0.793833 
3.15688 0.777261 
3.14763 0.774984 
3.11117 0.766009 
3.11804 0.7677 
3.12959 0.770544 
3.14761 0.774979 
3.10646 0.764848 
3.18007 0.782971 
3.20966 0.790257 
3.17469 0.781648 
3.21596 0.791808 
3.29317 0.810817 
3.23566 0.796659 
3.17426 0.781542 
3.20274 0.788554 
3.16441 0.779115 
3.20358 0.78876 
3.21372 0.791257 
3.22771 0.794702 
3.12555 0.769547 
3.11139 0.766061 
3.18345 0.783804 
3.17361 0.781381 
3.11126 0.76603 
3.10458 0.764385 
3.06473 0.754574 
2.96208 0.7293 
2.98107 0.733976 
2.93199 0.721891 
2.9273 0.720736 
2.77194 0.682486 
2.74722 0.676399 
2.74221 0.675166 
2.65309 0.653224 
2.5571 0.629588 
2.5149 0.6192 
2.52143 0.620808 
2.48832 0.612655 
2.47815 0.61015 


4.53963 -0.0376733 
4.46747 -0.0370744 
4.39743 -0.0364932 
4.2829 -0.0355427 
4.19034 -0.0347746 
4.14393 -0.0343895 
4.13466 -0.0343125 
4.10419 -0.0340597 
4.13322 -0.0343006 
4.03944 -0.0335223 
4.08431 -0.0338947 
4.0398 -0.0335254 
4.08012 -0.03386 
4.02306 -0.0333864 
3.95743 -0.0328417 
3.98435 -0.0330652 
3.96995 -0.0329457 
4.0283 -0.0334299 
4.0435 -0.0335561 
4.04805 -0.0335938 
4.05346 -0.0336386 
4.1376 -0.034337 
4.21778 -0.0350024 
4.22855 -0.0350917 
4.31829 -0.0358364 
4.35597 -0.0361491 
4.34703 -0.0360749 
4.41245 -0.0366179 
4.55624 -0.0378111 
4.69319 -0.0389477 
4.77182 -0.0396002 
4.95964 -0.0411588 
5.1009 -0.0423311 
5.33487 -0.0442728 
5.42251 -0.0450001 
5.63766 -0.0467856 
5.83333 -0.0484094 
5.89321 -0.0489063 
5.90854 -0.0490336 
5.90158 -0.0489758 
6.03826 -0.05011 
6.00227 -0.0498114 
6.01997 -0.0499583 
5.9458 -0.0493428 
5.92998 -0.0492115 
5.88442 -0.0488334 
5.88127 -0.0488072 
5.80773 -0.048197 
5.69413 -0.0472542 
5.72548 -0.0475143 
5.80906 -0.048208 
5.84633 -0.0485173 
5.94423 -0.0493297 
5.91134 -0.0490568 
5.78862 -0.0480384 
5.82174 -0.0483132 
5.88658 -0.0488513 
5.76369 -0.0478315 
5.74681 -0.0476914 
5.68025 -0.047139 
5.69279 -0.0472431 
5.71388 -0.0474181 
5.74677 -0.047691 
5.67164 -0.0470676 
5.80603 -0.0481829 
5.86006 -0.0486312 
5.79622 -0.0481014 
5.87156 -0.0487266 
6.01252 -0.0498965 
5.90753 -0.0490252 
5.79544 -0.0480949 
5.84743 -0.0485264 
5.77744 -0.0479456 
5.84896 -0.0485391 
5.86748 -0.0486928 
5.89302 -0.0489048 
5.70649 -0.0473567 
5.68064 -0.0471422 
5.81221 -0.0482341 
5.79424 -0.048085 
5.68041 -0.0471403 
5.66821 -0.0470391 
5.59546 -0.0464354 
5.40804 -0.04488 
5.44271 -0.0451678 
5.3531 -0.0444241 
5.34454 -0.044353 
5.0609 -0.0419991 
5.01576 -0.0416245 
5.00661 -0.0415486 
4.84391 -0.0401984 
4.66864 -0.0387439 
4.5916 -0.0381046 
4.60353 -0.0382036 
4.54307 -0.0377019 
4.5245 -0.0375477 


21.568 2.02494 
21.2251 1.99275 
20.8924 1.96151 
20.3482 1.91042 
19.9085 1.86913 
19.688 1.84844 
19.6439 1.8443 
19.4991 1.83071 
19.6371 1.84366 
19.1915 1.80183 
19.4047 1.82184 
19.1933 1.80199 
19.3848 1.81997 
19.1137 1.79452 
18.8019 1.76524 
18.9298 1.77725 
18.8614 1.77083 
19.1386 1.79686 
19.2108 1.80364 
19.2325 1.80567 
19.2581 1.80808 
19.6579 1.84561 
20.0388 1.88138 
20.09 1.88618 
20.5163 1.92621 
20.6954 1.94301 
20.6529 1.93903 
20.9637 1.96821 
21.6469 2.03235 
22.2975 2.09344 
22.6711 2.12851 
23.5634 2.21229 
24.2346 2.2753 
25.3461 2.37966 
25.7626 2.41876 
26.7848 2.51473 
27.7144 2.60201 
27.9989 2.62871 
28.0717 2.63555 
28.0386 2.63245 
28.688 2.69341 
28.517 2.67736 
28.6011 2.68526 
28.2487 2.65217 
28.1736 2.64512 
27.9571 2.6248 
27.9421 2.62339 
27.5928 2.59059 
27.053 2.53991 
27.202 2.5539 
27.5991 2.59118 
27.7761 2.6078 
28.2413 2.65147 
28.085 2.6368 
27.502 2.58206 
27.6593 2.59683 
27.9673 2.62575 
27.3835 2.57094 
27.3033 2.56341 
26.9871 2.53372 
27.0466 2.53931 
27.1469 2.54872 
27.3031 2.56339 
26.9462 2.52988 
27.5847 2.58983 
27.8414 2.61393 
27.5381 2.58545 
27.896 2.61906 
28.5657 2.68193 
28.0669 2.6351 
27.5343 2.5851 
27.7814 2.60829 
27.4488 2.57707 
27.7886 2.60898 
27.8766 2.61724 
27.998 2.62863 
27.1117 2.54543 
26.9889 2.53389 
27.614 2.59258 
27.5287 2.58457 
26.9878 2.53379 
26.9299 2.52835 
26.5842 2.4959 
25.6938 2.4123 
25.8585 2.42777 
25.4328 2.38779 
25.3921 2.38397 
24.0445 2.25745 
23.8301 2.23732 
23.7866 2.23324 
23.0136 2.16066 
22.1809 2.08248 
21.8149 2.04812 
21.8715 2.05344 
21.5843 2.02647 
21.4961 2.01819 


27.9253 7.06374 
27.4814 6.95145 
27.0506 6.84247 
26.346 6.66426 
25.7767 6.52024 
25.4912 6.44803 
25.4341 6.43359 
25.2467 6.38618 
25.4253 6.43136 
24.8484 6.28544 
25.1244 6.35526 
24.8507 6.286 
25.0987 6.34874 
24.7476 6.25994 
24.3439 6.15783 
24.5095 6.19972 
24.421 6.17731 
24.7799 6.26811 
24.8734 6.29176 
24.9014 6.29884 
24.9346 6.30725 
25.4523 6.43818 
25.9455 6.56294 
26.0117 6.57969 
26.5637 6.71932 
26.7955 6.77796 
26.7405 6.76404 
27.143 6.86585 
28.0275 7.08958 
28.8699 7.30268 
29.3536 7.42504 
30.509 7.71728 
31.3779 7.93708 
32.8172 8.30114 
33.3563 8.43752 
34.6798 8.7723 
35.8835 9.07676 
36.2518 9.16993 
36.3461 9.19379 
36.3033 9.18296 
37.144 9.39563 
36.9227 9.33964 
37.0316 9.36717 
36.5753 9.25177 
36.478 9.22715 
36.1978 9.15626 
36.1783 9.15135 
35.726 9.03693 
35.0272 8.86016 
35.22 8.90894 
35.7342 9.039 
35.9634 9.09698 
36.5656 9.24932 
36.3634 9.19815 
35.6084 9.00719 
35.8122 9.05872 
36.211 9.15961 
35.4551 8.9684 
35.3512 8.94213 
34.9418 8.83856 
35.0189 8.85807 
35.1487 8.89089 
35.351 8.94206 
34.8888 8.82517 
35.7155 9.03428 
36.0479 9.11835 
35.6552 9.01901 
36.1186 9.13625 
36.9857 9.35558 
36.3399 9.19222 
35.6503 9.01779 
35.9702 9.0987 
35.5396 8.98979 
35.9796 9.10108 
36.0935 9.12989 
36.2506 9.16964 
35.1032 8.87939 
34.9442 8.83916 
35.7535 9.04389 
35.643 9.01594 
34.9427 8.83881 
34.8677 8.81983 
34.4202 8.70663 
33.2673 8.415 
33.4806 8.46895 
32.9293 8.32951 
32.8767 8.31619 
31.1319 7.87484 
30.8542 7.8046 
30.7979 7.79037 
29.7971 7.5372 
28.7189 7.26448 
28.245 7.14461 
28.3184 7.16317 
27.9465 7.0691 
27.8322 7.04019 


0.941832 0.941832 
0.92686 0.92686 
0.91233 0.91233 
0.888567 0.888567 
0.869365 0.869365 
0.859738 0.859738 
0.857812 0.857812 
0.851491 0.851491 
0.857515 0.857515 
0.838059 0.838059 
0.847368 0.847368 
0.838134 0.838134 
0.846499 0.846499 
0.834659 0.834659 
0.821044 0.821044 
0.826629 0.826629 
0.823641 0.823641 
0.835747 0.835747 
0.838901 0.838901 
0.839845 0.839845 
0.840966 0.840966 
0.858424 0.858424 
0.875059 0.875059 
0.877293 0.877293 
0.89591 0.89591 
0.903728 0.903728 
0.901872 0.901872 
0.915446 0.915446 
0.945277 0.945277 
0.973691 0.973691 
0.990005 0.990005 
1.02897 1.02897 
1.05828 1.05828 
1.10682 1.10682 
1.125 1.125 
1.16964 1.16964 
1.21023 1.21023 
1.22266 1.22266 
1.22584 1.22584 
1.22439 1.22439 
1.25275 1.25275 
1.24529 1.24529 
1.24896 1.24896 
1.23357 1.23357 
1.23029 1.23029 
1.22083 1.22083 
1.22018 1.22018 
1.20492 1.20492 
1.18135 1.18135 
1.18786 1.18786 
1.2052 1.2052 
1.21293 1.21293 
1.23324 1.23324 
1.22642 1.22642 
1.20096 1.20096 
1.20783 1.20783 
1.22128 1.22128 
1.19579 1.19579 
1.19228 1.19228 
1.17847 1.17847 
1.18108 1.18108 
1.18545 1.18545 
1.19228 1.19228 
1.17669 1.17669 
1.20457 1.20457 
1.21578 1.21578 
1.20253 1.20253 
1.21817 1.21817 
1.24741 1.24741 
1.22563 1.22563 
1.20237 1.20237 
1.21316 1.21316 
1.19864 1.19864 
1.21348 1.21348 
1.21732 1.21732 
1.22262 1.22262 
1.18392 1.18392 
1.17856 1.17856 
1.20585 1.20585 
1.20213 1.20213 
1.17851 1.17851 
1.17598 1.17598 
1.16088 1.16088 
1.122 1.122 
1.12919 1.12919 
1.1106 1.1106 
1.10882 1.10882 
1.04998 1.04998 
1.04061 1.04061 
1.03872 1.03872 
1.00496 1.00496 
0.968598 0.968598 
0.952615 0.952615 
0.955089 0.955089 
0.942546 0.942546 
0.938693 0.938693 


8.67428 1.47868 
8.53638 1.45517 
8.40256 1.43236 
8.18371 1.39505 
8.00685 1.3649 
7.91818 1.34979 
7.90045 1.34677 
7.84223 1.33684 
7.89771 1.3463 
7.71852 1.31575 
7.80425 1.33037 
7.71921 1.31587 
7.79625 1.329 
7.68721 1.31041 
7.56181 1.28904 
7.61325 1.29781 
7.58574 1.29312 
7.69723 1.31212 
7.72628 1.31707 
7.73497 1.31856 
7.7453 1.32032 
7.90608 1.34773 
8.05929 1.37384 
8.07986 1.37735 
8.25133 1.40658 
8.32333 1.41885 
8.30625 1.41594 
8.43126 1.43725 
8.70601 1.48409 
8.9677 1.5287 
9.11795 1.55431 
9.47683 1.61548 
9.74674 1.6615 
10.1938 1.73771 
10.3613 1.76625 
10.7724 1.83633 
11.1463 1.90007 
11.2607 1.91957 
11.29 1.92457 
11.2767 1.9223 
11.5378 1.96682 
11.4691 1.9551 
11.5029 1.96086 
11.3612 1.9367 
11.3309 1.93155 
11.2439 1.91671 
11.2379 1.91568 
11.0973 1.89173 
10.8803 1.85473 
10.9402 1.86494 
11.0999 1.89216 
11.1711 1.9043 
11.3582 1.93619 
11.2953 1.92548 
11.0608 1.88551 
11.1241 1.89629 
11.248 1.91741 
11.0132 1.87738 
10.9809 1.87189 
10.8538 1.85021 
10.8777 1.85429 
10.918 1.86116 
10.9809 1.87187 
10.8373 1.8474 
11.0941 1.89118 
11.1973 1.90877 
11.0753 1.88798 
11.2193 1.91252 
11.4887 1.95844 
11.288 1.92424 
11.0739 1.88772 
11.1732 1.90466 
11.0395 1.88186 
11.1761 1.90516 
11.2115 1.91119 
11.2603 1.91951 
10.9039 1.85875 
10.8545 1.85033 
11.1059 1.89319 
11.0716 1.88734 
10.8541 1.85026 
10.8308 1.84628 
10.6917 1.82259 
10.3336 1.76154 
10.3999 1.77283 
10.2286 1.74364 
10.2123 1.74086 
9.6703 1.64847 
9.58405 1.63376 
9.56658 1.63078 
9.25568 1.57779 
8.92078 1.5207 
8.77358 1.49561 
8.79637 1.49949 
8.68085 1.4798 
8.64536 1.47375 


0.941832 0.941832 
0.92686 0.92686 
0.91233 0.91233 
0.888567 0.888567 
0.869365 0.869365 
0.859738 0.859738 
0.857812 0.857812 
0.851491 0.851491 
0.857515 0.857515 
0.838059 0.838059 
0.847368 0.847368 
0.838134 0.838134 
0.846499 0.846499 
0.834659 0.834659 
0.821044 0.821044 
0.826629 0.826629 
0.823641 0.823641 
0.835747 0.835747 
0.838901 0.838901 
0.839845 0.839845 
0.840966 0.840966 
0.858424 0.858424 
0.875059 0.875059 
0.877293 0.877293 
0.89591 0.89591 
0.903728 0.903728 
0.901872 0.901872 
0.915446 0.915446 
0.945277 0.945277 
0.973691 0.973691 
0.990005 0.990005 
1.02897 1.02897 
1.05828 1.05828 
1.10682 1.10682 
1.125 1.125 
1.16964 1.16964 
1.21023 1.21023 
1.22266 1.22266 
1.22584 1.22584 
1.22439 1.22439 
1.25275 1.25275 
1.24529 1.24529 
1.24896 1.24896 
1.23357 1.23357 
1.23029 1.23029 
1.22083 1.22083 
1.22018 1.22018 
1.20492 1.20492 
1.18135 1.18135 
1.18786 1.18786 
1.2052 1.2052 
1.21293 1.21293 
1.23324 1.23324 
1.22642 1.22642 
1.20096 1.20096 
1.20783 1.20783 
1.22128 1.22128 
1.19579 1.19579 
1.19228 1.19228 
1.17847 1.17847 
1.18108 1.18108 
1.18545 1.18545 
1.19228 1.19228 
1.17669 1.17669 
1.20457 1.20457 
1.21578 1.21578 
1.20253 1.20253 
1.21817 1.21817 
1.24741 1.24741 
1.22563 1.22563 
1.20237 1.20237 
1.21316 1.21316 
1.19864 1.19864 
1.21348 1.21348 
1.21732 1.21732 
1.22262 1.22262 
1.18392 1.18392 
1.17856 1.17856 
1.20585 1.20585 
1.20213 1.20213 
1.17851 1.17851 
1.17598 1.17598 
1.16088 1.16088 
1.122 1.122 
1.12919 1.12919 
1.1106 1.1106 
1.10882 1.10882 
1.04998 1.04998 
1.04061 1.04061 
1.03872 1.03872 
1.00496 1.00496 
0.968598 0.968598 
0.952615 0.952615 
0.955089 0.955089 
0.942546 0.942546 
0.938693 0.938693 


21.568 2.02494 
21.2251 1.99275 
20.8924 1.96151 
20.3482 1.91042 
19.9085 1.86913 
19.688 1.84844 
19.6439 1.8443 
19.4991 1.83071 
19.6371 1.84366 
19.1915 1.80183 
19.4047 1.82184 
19.1933 1.80199 
19.3848 1.81997 
19.1137 1.79452 
18.8019 1.76524 
18.9298 1.77725 
18.8614 1.77083 
19.1386 1.79686 
19.2108 1.80364 
19.2325 1.80567 
19.2581 1.80808 
19.6579 1.84561 
20.0388 1.88138 
20.09 1.88618 
20.5163 1.92621 
20.6954 1.94301 
20.6529 1.93903 
20.9637 1.96821 
21.6469 2.03235 
22.2975 2.09344 
22.6711 2.12851 
23.5634 2.21229 
24.2346 2.2753 
25.3461 2.37966 
25.7626 2.41876 
26.7848 2.51473 
27.7144 2.60201 
27.9989 2.62871 
28.0717 2.63555 
28.0386 2.63245 
28.688 2.69341 
28.517 2.67736 
28.6011 2.68526 
28.2487 2.65217 
28.1736 2.64512 
27.9571 2.6248 
27.9421 2.62339 
27.5928 2.59059 
27.053 2.53991 
27.202 2.5539 
27.5991 2.59118 
27.7761 2.6078 
28.2413 2.65147 
28.085 2.6368 
27.502 2.58206 
27.6593 2.59683 
27.9673 2.62575 
27.3835 2.57094 
27.3033 2.56341 
26.9871 2.53372 
27.0466 2.53931 
27.1469 2.54872 
27.3031 2.56339 
26.9462 2.52988 
27.5847 2.58983 
27.8414 2.61393 
27.5381 2.58545 
27.896 2.61906 
28.5657 2.68193 
28.0669 2.6351 
27.5343 2.5851 
27.7814 2.60829 
27.4488 2.57707 
27.7886 2.60898 
27.8766 2.61724 
27.998 2.62863 
27.1117 2.54543 
26.9889 2.53389 
27.614 2.59258 
27.5287 2.58457 
26.9878 2.53379 
26.9299 2.52835 
26.5842 2.4959 
25.6938 2.4123 
25.8585 2.42777 
25.4328 2.38779 
25.3921 2.38397 
24.0445 2.25745 
23.8301 2.23732 
23.7866 2.23324 
23.0136 2.16066 
22.1809 2.08248 
21.8149 2.04812 
21.8715 2.05344 
21.5843 2.02647 
21.4961 2.01819 


10.2189 2.11912 
10.0564 2.08543 
9.89878 2.05274 
9.64096 1.99928 
9.43261 1.95607 
9.32815 1.93441 
9.30727 1.93008 
9.23868 1.91586 
9.30404 1.92941 
9.09294 1.88563 
9.19394 1.90658 
9.09375 1.8858 
9.18451 1.90462 
9.05605 1.87798 
8.90832 1.84735 
8.96892 1.85991 
8.93651 1.85319 
9.06786 1.88043 
9.10208 1.88753 
9.11232 1.88965 
9.12448 1.89217 
9.3139 1.93145 
9.49439 1.96888 
9.51862 1.97391 
9.72062 2.0158 
9.80544 2.03339 
9.78532 2.02921 
9.93259 2.05975 
10.2563 2.12687 
10.5646 2.19081 
10.7416 2.22751 
11.1643 2.31519 
11.4823 2.38112 
12.009 2.49034 
12.2063 2.53126 
12.6906 2.63169 
13.131 2.72303 
13.2658 2.75098 
13.3004 2.75814 
13.2847 2.75489 
13.5923 2.81869 
13.5113 2.80189 
13.5512 2.81015 
13.3842 2.77553 
13.3486 2.76814 
13.2461 2.74688 
13.239 2.7454 
13.0734 2.71108 
12.8177 2.65805 
12.8883 2.67268 
13.0764 2.7117 
13.1603 2.7291 
13.3807 2.7748 
13.3067 2.75945 
13.0304 2.70216 
13.105 2.71762 
13.2509 2.74788 
12.9743 2.69052 
12.9363 2.68264 
12.7865 2.65157 
12.8147 2.65742 
12.8622 2.66727 
12.9362 2.68262 
12.7671 2.64755 
13.0696 2.71029 
13.1912 2.73551 
13.0475 2.7057 
13.2171 2.74087 
13.5344 2.80668 
13.2981 2.75766 
13.0457 2.70534 
13.1628 2.72961 
13.0052 2.69694 
13.1662 2.73032 
13.2079 2.73897 
13.2654 2.75089 
12.8455 2.66382 
12.7873 2.65175 
13.0835 2.71317 
13.0431 2.70478 
12.7868 2.65164 
12.7594 2.64595 
12.5956 2.61199 
12.1737 2.5245 
12.2518 2.54069 
12.05 2.49885 
12.0308 2.49486 
11.3923 2.36245 
11.2907 2.34138 
11.2701 2.33711 
10.9038 2.26116 
10.5093 2.17934 
10.3359 2.14338 
10.3627 2.14895 
10.2266 2.12073 
10.1848 2.11206 


10.2189 2.11912 
10.0564 2.08543 
9.89878 2.05274 
9.64096 1.99928 
9.43261 1.95607 
9.32815 1.93441 
9.30727 1.93008 
9.23868 1.91586 
9.30404 1.92941 
9.09294 1.88563 
9.19394 1.90658 
9.09375 1.8858 
9.18451 1.90462 
9.05605 1.87798 
8.90832 1.84735 
8.96892 1.85991 
8.93651 1.85319 
9.06786 1.88043 
9.10208 1.88753 
9.11232 1.88965 
9.12448 1.89217 
9.3139 1.93145 
9.49439 1.96888 
9.51862 1.97391 
9.72062 2.0158 
9.80544 2.03339 
9.78532 2.02921 
9.93259 2.05975 
10.2563 2.12687 
10.5646 2.19081 
10.7416 2.22751 
11.1643 2.31519 
11.4823 2.38112 
12.009 2.49034 
12.2063 2.53126 
12.6906 2.63169 
13.131 2.72303 
13.2658 2.75098 
13.3004 2.75814 
13.2847 2.75489 
13.5923 2.81869 
13.5113 2.80189 
13.5512 2.81015 
13.3842 2.77553 
13.3486 2.76814 
13.2461 2.74688 
13.239 2.7454 
13.0734 2.71108 
12.8177 2.65805 
12.8883 2.67268 
13.0764 2.7117 
13.1603 2.7291 
13.3807 2.7748 
13.3067 2.75945 
13.0304 2.70216 
13.105 2.71762 
13.2509 2.74788 
12.9743 2.69052 
12.9363 2.68264 
12.7865 2.65157 
12.8147 2.65742 
12.8622 2.66727 
12.9362 2.68262 
12.7671 2.64755 
13.0696 2.71029 
13.1912 2.73551 
13.0475 2.7057 
13.2171 2.74087 
13.5344 2.80668 
13.2981 2.75766 
13.0457 2.70534 
13.1628 2.72961 
13.0052 2.69694 
13.1662 2.73032 
13.2079 2.73897 
13.2654 2.75089 
12.8455 2.66382 
12.7873 2.65175 
13.0835 2.71317 
13.0431 2.70478 
12.7868 2.65164 
12.7594 2.64595 
12.5956 2.61199 
12.1737 2.5245 
12.2518 2.54069 
12.05 2.49885 
12.0308 2.49486 
11.3923 2.36245 
11.2907 2.34138 
11.2701 2.33711 
10.9038 2.26116 
10.5093 2.17934 
10.3359 2.14338 
10.3627 2.14895 
10.2266 2.12073 
10.1848 2.11206 


22.604 11.302 
22.2446 11.1223 
21.8959 10.948 
21.3256 10.6628 
20.8648 10.4324 
20.6337 10.3169 
20.5875 10.2937 
20.4358 10.2179 
20.5804 10.2902 
20.1134 10.0567 
20.3368 10.1684 
20.1152 10.0576 
20.316 10.158 
20.0318 10.0159 
19.7051 9.85253 
19.8391 9.91954 
19.7674 9.88369 
20.0579 10.029 
20.1336 10.0668 
20.1563 10.0781 
20.1832 10.0916 
20.6022 10.3011 
21.0014 10.5007 
21.055 10.5275 
21.5018 10.7509 
21.6895 10.8447 
21.6449 10.8225 
21.9707 10.9854 
22.6867 11.3433 
23.3686 11.6843 
23.7601 11.8801 
24.6953 12.3477 
25.3987 12.6993 
26.5636 13.2818 
27.0001 13.5 
28.0714 14.0357 
29.0456 14.5228 
29.3438 14.6719 
29.4201 14.7101 
29.3855 14.6927 
30.066 15.033 
29.8868 14.9434 
29.975 14.9875 
29.6057 14.8028 
29.5269 14.7634 
29.3 14.65 
29.2843 14.6422 
28.9182 14.4591 
28.3525 14.1763 
28.5086 14.2543 
28.9248 14.4624 
29.1104 14.5552 
29.5978 14.7989 
29.4341 14.717 
28.823 14.4115 
28.9879 14.494 
29.3108 14.6554 
28.6989 14.3494 
28.6148 14.3074 
28.2834 14.1417 
28.3458 14.1729 
28.4509 14.2254 
28.6146 14.3073 
28.2405 14.1203 
28.9097 14.4549 
29.1787 14.5894 
28.8608 14.4304 
29.236 14.618 
29.9379 14.9689 
29.4151 14.7075 
28.8569 14.4285 
29.1158 14.5579 
28.7673 14.3837 
29.1235 14.5617 
29.2157 14.6078 
29.3429 14.6714 
28.414 14.207 
28.2853 14.1427 
28.9405 14.4702 
28.851 14.4255 
28.2842 14.1421 
28.2235 14.1117 
27.8612 13.9306 
26.928 13.464 
27.1007 13.5503 
26.6544 13.3272 
26.6118 13.3059 
25.1995 12.5997 
24.9747 12.4874 
24.9292 12.4646 
24.119 12.0595 
23.2463 11.6232 
22.8628 11.4314 
22.9221 11.4611 
22.6211 11.3106 
22.5286 11.2643 


27.9253 7.06374 
27.4814 6.95145 
27.0506 6.84247 
26.346 6.66426 
25.7767 6.52024 
25.4912 6.44803 
25.4341 6.43359 
25.2467 6.38618 
25.4253 6.43136 
24.8484 6.28544 
25.1244 6.35526 
24.8507 6.286 
25.0987 6.34874 
24.7476 6.25994 
24.3439 6.15783 
24.5095 6.19972 
24.421 6.17731 
24.7799 6.26811 
24.8734 6.29176 
24.9014 6.29884 
24.9346 6.30725 
25.4523 6.43818 
25.9455 6.56294 
26.0117 6.57969 
26.5637 6.71932 
26.7955 6.77796 
26.7405 6.76404 
27.143 6.86585 
28.0275 7.08958 
28.8699 7.30268 
29.3536 7.42504 
30.509 7.71728 
31.3779 7.93708 
32.8172 8.30114 
33.3563 8.43752 
34.6798 8.7723 
35.8835 9.07676 
36.2518 9.16993 
36.3461 9.19379 
36.3033 9.18296 
37.144 9.39563 
36.9227 9.33964 
37.0316 9.36717 
36.5753 9.25177 
36.478 9.22715 
36.1978 9.15626 
36.1783 9.15135 
35.726 9.03693 
35.0272 8.86016 
35.22 8.90894 
35.7342 9.039 
35.9634 9.09698 
36.5656 9.24932 
36.3634 9.19815 
35.6084 9.00719 
35.8122 9.05872 
36.211 9.15961 
35.4551 8.9684 
35.3512 8.94213 
34.9418 8.83856 
35.0189 8.85807 
35.1487 8.89089 
35.351 8.94206 
34.8888 8.82517 
35.7155 9.03428 
36.0479 9.11835 
35.6552 9.01901 
36.1186 9.13625 
36.9857 9.35558 
36.3399 9.19222 
35.6503 9.01779 
35.9702 9.0987 
35.5396 8.98979 
35.9796 9.10108 
36.0935 9.12989 
36.2506 9.16964 
35.1032 8.87939 
34.9442 8.83916 
35.7535 9.04389 
35.643 9.01594 
34.9427 8.83881 
34.8677 8.81983 
34.4202 8.70663 
33.2673 8.415 
33.4806 8.46895 
32.9293 8.32951 
32.8767 8.31619 
31.1319 7.87484 
30.8542 7.8046 
30.7979 7.79037 
29.7971 7.5372 
28.7189 7.26448 
28.245 7.14461 
28.3184 7.16317 
27.9465 7.0691 
27.8322 7.04019 


0.941832 0.941832 
0.92686 0.92686 
0.91233 0.91233 
0.888567 0.888567 
0.869365 0.869365 
0.859738 0.859738 
0.857812 0.857812 
0.851491 0.851491 
0.857515 0.857515 
0.838059 0.838059 
0.847368 0.847368 
0.838134 0.838134 
0.846499 0.846499 
0.834659 0.834659 
0.821044 0.821044 
0.826629 0.826629 
0.823641 0.823641 
0.835747 0.835747 
0.838901 0.838901 
0.839845 0.839845 
0.840966 0.840966 
0.858424 0.858424 
0.875059 0.875059 
0.877293 0.877293 
0.89591 0.89591 
0.903728 0.903728 
0.901872 0.901872 
0.915446 0.915446 
0.945277 0.945277 
0.973691 0.973691 
0.990005 0.990005 
1.02897 1.02897 
1.05828 1.05828 
1.10682 1.10682 
1.125 1.125 
1.16964 1.16964 
1.21023 1.21023 
1.22266 1.22266 
1.22584 1.22584 
1.22439 1.22439 
1.25275 1.25275 
1.24529 1.24529 
1.24896 1.24896 
1.23357 1.23357 
1.23029 1.23029 
1.22083 1.22083 
1.22018 1.22018 
1.20492 1.20492 
1.18135 1.18135 
1.18786 1.18786 
1.2052 1.2052 
1.21293 1.21293 
1.23324 1.23324 
1.22642 1.22642 
1.20096 1.20096 
1.20783 1.20783 
1.22128 1.22128 
1.19579 1.19579 
1.19228 1.19228 
1.17847 1.17847 
1.18108 1.18108 
1.18545 1.18545 
1.19228 1.19228 
1.17669 1.17669 
1.20457 1.20457 
1.21578 1.21578 
1.20253 1.20253 
1.21817 1.21817 
1.24741 1.24741 
1.22563 1.22563 
1.20237 1.20237 
1.21316 1.21316 
1.19864 1.19864 
1.21348 1.21348 
1.21732 1.21732 
1.22262 1.22262 
1.18392 1.18392 
1.17856 1.17856 
1.20585 1.20585 
1.20213 1.20213 
1.17851 1.17851 
1.17598 1.17598 
1.16088 1.16088 
1.122 1.122 
1.12919 1.12919 
1.1106 1.1106 
1.10882 1.10882 
1.04998 1.04998 
1.04061 1.04061 
1.03872 1.03872 
1.00496 1.00496 
0.968598 0.968598 
0.952615 0.952615 
0.955089 0.955089 
0.942546 0.942546 
0.938693 0.938693 


14.7585 2.08145 
14.5239 2.04836 
14.2962 2.01625 
13.9239 1.96373 
13.6229 1.9213 
13.4721 1.90002 
13.4419 1.89577 
13.3429 1.8818 
13.4373 1.89511 
13.1324 1.85211 
13.2782 1.87268 
13.1336 1.85228 
13.2646 1.87076 
13.0791 1.8446 
12.8658 1.81451 
12.9533 1.82685 
12.9065 1.82025 
13.0962 1.847 
13.1456 1.85397 
13.1604 1.85606 
13.1779 1.85854 
13.4515 1.89712 
13.7122 1.93388 
13.7472 1.93882 
14.0389 1.97996 
14.1614 1.99724 
14.1323 1.99314 
14.345 2.02314 
14.8125 2.08906 
15.2577 2.15186 
15.5134 2.18791 
16.124 2.27403 
16.5832 2.33879 
17.3438 2.44607 
17.6288 2.48626 
18.3283 2.5849 
18.9644 2.67462 
19.159 2.70207 
19.2089 2.7091 
19.1863 2.70591 
19.6306 2.76858 
19.5136 2.75208 
19.5711 2.76019 
19.33 2.72619 
19.2786 2.71893 
19.1305 2.69805 
19.1202 2.6966 
18.8812 2.66288 
18.5118 2.61079 
18.6137 2.62517 
18.8855 2.66349 
19.0066 2.68058 
19.3249 2.72547 
19.218 2.71039 
18.819 2.65412 
18.9267 2.6693 
19.1375 2.69903 
18.738 2.64269 
18.6831 2.63495 
18.4667 2.60443 
18.5075 2.61018 
18.576 2.61985 
18.6829 2.63493 
18.4387 2.60048 
18.8756 2.6621 
19.0513 2.68687 
18.8437 2.6576 
19.0887 2.69215 
19.5469 2.75678 
19.2056 2.70864 
18.8412 2.65724 
19.0102 2.68108 
18.7827 2.64899 
19.0152 2.68179 
19.0754 2.69027 
19.1584 2.70199 
18.552 2.61646 
18.468 2.60461 
18.8957 2.66493 
18.8373 2.6567 
18.4672 2.6045 
18.4276 2.59891 
18.191 2.56555 
17.5817 2.47962 
17.6945 2.49552 
17.4031 2.45443 
17.3753 2.4505 
16.4532 2.32045 
16.3064 2.29976 
16.2767 2.29556 
15.7477 2.22096 
15.1779 2.1406 
14.9275 2.10528 
14.9662 2.11075 
14.7697 2.08303 
14.7093 2.07451 


0.941832 0.941832 
0.92686 0.92686 
0.91233 0.91233 
0.888567 0.888567 
0.869365 0.869365 
0.859738 0.859738 
0.857812 0.857812 
0.851491 0.851491 
0.857515 0.857515 
0.838059 0.838059 
0.847368 0.847368 
0.838134 0.838134 
0.846499 0.846499 
0.834659 0.834659 
0.821044 0.821044 
0.826629 0.826629 
0.823641 0.823641 
0.835747 0.835747 
0.838901 0.838901 
0.839845 0.839845 
0.840966 0.840966 
0.858424 0.858424 
0.875059 0.875059 
0.877293 0.877293 
0.89591 0.89591 
0.903728 0.903728 
0.901872 0.901872 
0.915446 0.915446 
0.945277 0.945277 
0.973691 0.973691 
0.990005 0.990005 
1.02897 1.02897 
1.05828 1.05828 
1.10682 1.10682 
1.125 1.125 
1.16964 1.16964 
1.21023 1.21023 
1.22266 1.22266 
1.22584 1.22584 
1.22439 1.22439 
1.25275 1.25275 
1.24529 1.24529 
1.24896 1.24896 
1.23357 1.23357 
1.23029 1.23029 
1.22083 1.22083 
1.22018 1.22018 
1.20492 1.20492 
1.18135 1.18135 
1.18786 1.18786 
1.2052 1.2052 
1.21293 1.21293 
1.23324 1.23324 
1.22642 1.22642 
1.20096 1.20096 
1.20783 1.20783 
1.22128 1.22128 
1.19579 1.19579 
1.19228 1.19228 
1.17847 1.17847 
1.18108 1.18108 
1.18545 1.18545 
1.19228 1.19228 
1.17669 1.17669 
1.20457 1.20457 
1.21578 1.21578 
1.20253 1.20253 
1.21817 1.21817 
1.24741 1.24741 
1.22563 1.22563 
1.20237 1.20237 
1.21316 1.21316 
1.19864 1.19864 
1.21348 1.21348 
1.21732 1.21732 
1.22262 1.22262 
1.18392 1.18392 
1.17856 1.17856 
1.20585 1.20585 
1.20213 1.20213 
1.17851 1.17851 
1.17598 1.17598 
1.16088 1.16088 
1.122 1.122 
1.12919 1.12919 
1.1106 1.1106 
1.10882 1.10882 
1.04998 1.04998 
1.04061 1.04061 
1.03872 1.03872 
1.00496 1.00496 
0.968598 0.968598 
0.952615 0.952615 
0.955089 0.955089 
0.942546 0.942546 
0.938693 0.938693 


14.5513 0.659283 
14.32 0.648802 
14.0955 0.638631 
13.7284 0.621997 
13.4317 0.608556 
13.2829 0.601816 
13.2532 0.600469 
13.1555 0.596044 
13.2486 0.60026 
12.948 0.586641 
13.0918 0.593157 
12.9492 0.586694 
13.0784 0.592549 
12.8955 0.584261 
12.6851 0.574731 
12.7714 0.57864 
12.7253 0.576549 
12.9123 0.585023 
12.961 0.587231 
12.9756 0.587891 
12.9929 0.588676 
13.2626 0.600897 
13.5197 0.612541 
13.5542 0.614105 
13.8418 0.627137 
13.9626 0.632609 
13.9339 0.631311 
14.1436 0.640812 
14.6045 0.661694 
15.0435 0.681584 
15.2956 0.693003 
15.8976 0.72028 
16.3504 0.740794 
17.1003 0.774773 
17.3813 0.787502 
18.0709 0.818748 
18.6981 0.847164 
18.8901 0.85586 
18.9392 0.858087 
18.9169 0.857076 
19.355 0.876925 
19.2397 0.871699 
19.2964 0.874269 
19.0586 0.863498 
19.0079 0.8612 
18.8619 0.854584 
18.8518 0.854126 
18.6161 0.843447 
18.2519 0.826948 
18.3524 0.831501 
18.6203 0.84364 
18.7398 0.849052 
19.0536 0.86327 
18.9482 0.858494 
18.5548 0.840671 
18.661 0.845481 
18.8688 0.854897 
18.4749 0.83705 
18.4208 0.834599 
18.2074 0.824932 
18.2476 0.826753 
18.3152 0.829817 
18.4206 0.834592 
18.1798 0.823682 
18.6106 0.8432 
18.7838 0.851046 
18.5792 0.841774 
18.8207 0.852716 
19.2725 0.873188 
18.936 0.85794 
18.5767 0.841661 
18.7433 0.849212 
18.519 0.839047 
18.7482 0.849434 
18.8076 0.852123 
18.8895 0.855833 
18.2915 0.828743 
18.2087 0.824989 
18.6304 0.844097 
18.5728 0.841488 
18.2079 0.824955 
18.1689 0.823184 
17.9357 0.812619 
17.3349 0.7854 
17.446 0.790436 
17.1588 0.777421 
17.1313 0.776177 
16.2222 0.734985 
16.0775 0.72843 
16.0482 0.727101 
15.5266 0.703472 
14.9648 0.678018 
14.7179 0.66683 
14.7561 0.668562 
14.5623 0.659782 
14.5028 0.657085 


8.67428 1.47868 
8.53638 1.45517 
8.40256 1.43236 
8.18371 1.39505 
8.00685 1.3649 
7.91818 1.34979 
7.90045 1.34677 
7.84223 1.33684 
7.89771 1.3463 
7.71852 1.31575 
7.80425 1.33037 
7.71921 1.31587 
7.79625 1.329 
7.68721 1.31041 
7.56181 1.28904 
7.61325 1.29781 
7.58574 1.29312 
7.69723 1.31212 
7.72628 1.31707 
7.73497 1.31856 
7.7453 1.32032 
7.90608 1.34773 
8.05929 1.37384 
8.07986 1.37735 
8.25133 1.40658 
8.32333 1.41885 
8.30625 1.41594 
8.43126 1.43725 
8.70601 1.48409 
8.9677 1.5287 
9.11795 1.55431 
9.47683 1.61548 
9.74674 1.6615 
10.1938 1.73771 
10.3613 1.76625 
10.7724 1.83633 
11.1463 1.90007 
11.2607 1.91957 
11.29 1.92457 
11.2767 1.9223 
11.5378 1.96682 
11.4691 1.9551 
11.5029 1.96086 
11.3612 1.9367 
11.3309 1.93155 
11.2439 1.91671 
11.2379 1.91568 
11.0973 1.89173 
10.8803 1.85473 
10.9402 1.86494 
11.0999 1.89216 
11.1711 1.9043 
11.3582 1.93619 
11.2953 1.92548 
11.0608 1.88551 
11.1241 1.89629 
11.248 1.91741 
11.0132 1.87738 
10.9809 1.87189 
10.8538 1.85021 
10.8777 1.85429 
10.918 1.86116 
10.9809 1.87187 
10.8373 1.8474 
11.0941 1.89118 
11.1973 1.90877 
11.0753 1.88798 
11.2193 1.91252 
11.4887 1.95844 
11.288 1.92424 
11.0739 1.88772 
11.1732 1.90466 
11.0395 1.88186 
11.1761 1.90516 
11.2115 1.91119 
11.2603 1.91951 
10.9039 1.85875 
10.8545 1.85033 
11.1059 1.89319 
11.0716 1.88734 
10.8541 1.85026 
10.8308 1.84628 
10.6917 1.82259 
10.3336 1.76154 
10.3999 1.77283 
10.2286 1.74364 
10.2123 1.74086 
9.6703 1.64847 
9.58405 1.63376 
9.56658 1.63078 
9.25568 1.57779 
8.92078 1.5207 
8.77358 1.49561 
8.79637 1.49949 
8.68085 1.4798 
8.64536 1.47375 


8.67428 1.47868 
8.53638 1.45517 
8.40256 1.43236 
8.18371 1.39505 
8.00685 1.3649 
7.91818 1.34979 
7.90045 1.34677 
7.84223 1.33684 
7.89771 1.3463 
7.71852 1.31575 
7.80425 1.33037 
7.71921 1.31587 
7.79625 1.329 
7.68721 1.31041 
7.56181 1.28904 
7.61325 1.29781 
7.58574 1.29312 
7.69723 1.31212 
7.72628 1.31707 
7.73497 1.31856 
7.7453 1.32032 
7.90608 1.34773 
8.05929 1.37384 
8.07986 1.37735 
8.25133 1.40658 
8.32333 1.41885 
8.30625 1.41594 
8.43126 1.43725 
8.70601 1.48409 
8.9677 1.5287 
9.11795 1.55431 
9.47683 1.61548 
9.74674 1.6615 
10.1938 1.73771 
10.3613 1.76625 
10.7724 1.83633 
11.1463 1.90007 
11.2607 1.91957 
11.29 1.92457 
11.2767 1.9223 
11.5378 1.96682 
11.4691 1.9551 
11.5029 1.96086 
11.3612 1.9367 
11.3309 1.93155 
11.2439 1.91671 
11.2379 1.91568 
11.0973 1.89173 
10.8803 1.85473 
10.9402 1.86494 
11.0999 1.89216 
11.1711 1.9043 
11.3582 1.93619 
11.2953 1.92548 
11.0608 1.88551 
11.1241 1.89629 
11.248 1.91741 
11.0132 1.87738 
10.9809 1.87189 
10.8538 1.85021 
10.8777 1.85429 
10.918 1.86116 
10.9809 1.87187 
10.8373 1.8474 
11.0941 1.89118 
11.1973 1.90877 
11.0753 1.88798 
11.2193 1.91252 
11.4887 1.95844 
11.288 1.92424 
11.0739 1.88772 
11.1732 1.90466 
11.0395 1.88186 
11.1761 1.90516 
11.2115 1.91119 
11.2603 1.91951 
10.9039 1.85875 
10.8545 1.85033 
11.1059 1.89319 
11.0716 1.88734 
10.8541 1.85026 
10.8308 1.84628 
10.6917 1.82259 
10.3336 1.76154 
10.3999 1.77283 
10.2286 1.74364 
10.2123 1.74086 
9.6703 1.64847 
9.58405 1.63376 
9.56658 1.63078 
9.25568 1.57779 
8.92078 1.5207 
8.77358 1.49561 
8.79637 1.49949 
8.68085 1.4798 
8.64536 1.47375 


14.7585 2.08145 
14.5239 2.04836 
14.2962 2.01625 
13.9239 1.96373 
13.6229 1.9213 
13.4721 1.90002 
13.4419 1.89577 
13.3429 1.8818 
13.4373 1.89511 
13.1324 1.85211 
13.2782 1.87268 
13.1336 1.85228 
13.2646 1.87076 
13.0791 1.8446 
12.8658 1.81451 
12.9533 1.82685 
12.9065 1.82025 
13.0962 1.847 
13.1456 1.85397 
13.1604 1.85606 
13.1779 1.85854 
13.4515 1.89712 
13.7122 1.93388 
13.7472 1.93882 
14.0389 1.97996 
14.1614 1.99724 
14.1323 1.99314 
14.345 2.02314 
14.8125 2.08906 
15.2577 2.15186 
15.5134 2.18791 
16.124 2.27403 
16.5832 2.33879 
17.3438 2.44607 
17.6288 2.48626 
18.3283 2.5849 
18.9644 2.67462 
19.159 2.70207 
19.2089 2.7091 
19.1863 2.70591 
19.6306 2.76858 
19.5136 2.75208 
19.5711 2.76019 
19.33 2.72619 
19.2786 2.71893 
19.1305 2.69805 
19.1202 2.6966 
18.8812 2.66288 
18.5118 2.61079 
18.6137 2.62517 
18.8855 2.66349 
19.0066 2.68058 
19.3249 2.72547 
19.218 2.71039 
18.819 2.65412 
18.9267 2.6693 
19.1375 2.69903 
18.738 2.64269 
18.6831 2.63495 
18.4667 2.60443 
18.5075 2.61018 
18.576 2.61985 
18.6829 2.63493 
18.4387 2.60048 
18.8756 2.6621 
19.0513 2.68687 
18.8437 2.6576 
19.0887 2.69215 
19.5469 2.75678 
19.2056 2.70864 
18.8412 2.65724 
19.0102 2.68108 
18.7827 2.64899 
19.0152 2.68179 
19.0754 2.69027 
19.1584 2.70199 
18.552 2.61646 
18.468 2.60461 
18.8957 2.66493 
18.8373 2.6567 
18.4672 2.6045 
18.4276 2.59891 
18.191 2.56555 
17.5817 2.47962 
17.6945 2.49552 
17.4031 2.45443 
17.3753 2.4505 
16.4532 2.32045 
16.3064 2.29976 
16.2767 2.29556 
15.7477 2.22096 
15.1779 2.1406 
14.9275 2.10528 
14.9662 2.11075 
14.7697 2.08303 
14.7093 2.07451 


0.941832 0.941832 
0.92686 0.92686 
0.91233 0.91233 
0.888567 0.888567 
0.869365 0.869365 
0.859738 0.859738 
0.857812 0.857812 
0.851491 0.851491 
0.857515 0.857515 
0.838059 0.838059 
0.847368 0.847368 
0.838134 0.838134 
0.846499 0.846499 
0.834659 0.834659 
0.821044 0.821044 
0.826629 0.826629 
0.823641 0.823641 
0.835747 0.835747 
0.838901 0.838901 
0.839845 0.839845 
0.840966 0.840966 
0.858424 0.858424 
0.875059 0.875059 
0.877293 0.877293 
0.89591 0.89591 
0.903728 0.903728 
0.901872 0.901872 
0.915446 0.915446 
0.945277 0.945277 
0.973691 0.973691 
0.990005 0.990005 
1.02897 1.02897 
1.05828 1.05828 
1.10682 1.10682 
1.125 1.125 
1.16964 1.16964 
1.21023 1.21023 
1.22266 1.22266 
1.22584 1.22584 
1.22439 1.22439 
1.25275 1.25275 
1.24529 1.24529 
1.24896 1.24896 
1.23357 1.23357 
1.23029 1.23029 
1.22083 1.22083 
1.22018 1.22018 
1.20492 1.20492 
1.18135 1.18135 
1.18786 1.18786 
1.2052 1.2052 
1.21293 1.21293 
1.23324 1.23324 
1.22642 1.22642 
1.20096 1.20096 
1.20783 1.20783 
1.22128 1.22128 
1.19579 1.19579 
1.19228 1.19228 
1.17847 1.17847 
1.18108 1.18108 
1.18545 1.18545 
1.19228 1.19228 
1.17669 1.17669 
1.20457 1.20457 
1.21578 1.21578 
1.20253 1.20253 
1.21817 1.21817 
1.24741 1.24741 
1.22563 1.22563 
1.20237 1.20237 
1.21316 1.21316 
1.19864 1.19864 
1.21348 1.21348 
1.21732 1.21732 
1.22262 1.22262 
1.18392 1.18392 
1.17856 1.17856 
1.20585 1.20585 
1.20213 1.20213 
1.17851 1.17851 
1.17598 1.17598 
1.16088 1.16088 
1.122 1.122 
1.12919 1.12919 
1.1106 1.1106 
1.10882 1.10882 
1.04998 1.04998 
1.04061 1.04061 
1.03872 1.03872 
1.00496 1.00496 
0.968598 0.968598 
0.952615 0.952615 
0.955089 0.955089 
0.942546 0.942546 
0.938693 0.938693 


8.54242 1.75181 
8.40662 1.72396 
8.27483 1.69693 
8.05931 1.65274 
7.88514 1.61702 
7.79782 1.59911 
7.78036 1.59553 
7.72303 1.58377 
7.77766 1.59498 
7.60119 1.55879 
7.68562 1.5761 
7.60187 1.55893 
7.67774 1.57449 
7.57035 1.55247 
7.44687 1.52714 
7.49752 1.53753 
7.47043 1.53197 
7.58023 1.55449 
7.60883 1.56036 
7.61739 1.56211 
7.62756 1.5642 
7.7859 1.59667 
7.93678 1.62761 
7.95704 1.63176 
8.1259 1.66639 
8.19681 1.68093 
8.17998 1.67748 
8.3031 1.70273 
8.57367 1.75822 
8.83138 1.81107 
8.97935 1.84141 
9.33277 1.91389 
9.59858 1.9684 
10.0388 2.05868 
10.2038 2.0925 
10.6086 2.17553 
10.9768 2.25104 
11.0895 2.27414 
11.1184 2.28006 
11.1053 2.27737 
11.3624 2.33012 
11.2947 2.31623 
11.328 2.32306 
11.1885 2.29444 
11.1587 2.28833 
11.073 2.27075 
11.067 2.26953 
10.9287 2.24116 
10.7149 2.19732 
10.7739 2.20942 
10.9312 2.24167 
11.0013 2.25605 
11.1855 2.29383 
11.1236 2.28114 
10.8927 2.23378 
10.955 2.24656 
11.077 2.27158 
10.8458 2.22416 
10.814 2.21765 
10.6888 2.19196 
10.7124 2.1968 
10.7521 2.20494 
10.8139 2.21763 
10.6726 2.18864 
10.9255 2.2405 
11.0271 2.26135 
10.907 2.23672 
11.0488 2.26579 
11.314 2.32018 
11.1165 2.27967 
10.9055 2.23641 
11.0034 2.25648 
10.8717 2.22947 
11.0062 2.25707 
11.0411 2.26421 
11.0892 2.27407 
10.7381 2.20209 
10.6895 2.19211 
10.9371 2.24289 
10.9033 2.23595 
10.6891 2.19202 
10.6661 2.18732 
10.5292 2.15924 
10.1765 2.08692 
10.2418 2.1003 
10.0732 2.06572 
10.057 2.06241 
9.52331 1.95296 
9.43837 1.93554 
9.42116 1.93201 
9.11499 1.86923 
8.78518 1.80159 
8.64022 1.77186 
8.66265 1.77647 
8.54889 1.75314 
8.51394 1.74597 


0.941832 0.941832 
0.92686 0.92686 
0.91233 0.91233 
0.888567 0.888567 
0.869365 0.869365 
0.859738 0.859738 
0.857812 0.857812 
0.851491 0.851491 
0.857515 0.857515 
0.838059 0.838059 
0.847368 0.847368 
0.838134 0.838134 
0.846499 0.846499 
0.834659 0.834659 
0.821044 0.821044 
0.826629 0.826629 
0.823641 0.823641 
0.835747 0.835747 
0.838901 0.838901 
0.839845 0.839845 
0.840966 0.840966 
0.858424 0.858424 
0.875059 0.875059 
0.877293 0.877293 
0.89591 0.89591 
0.903728 0.903728 
0.901872 0.901872 
0.915446 0.915446 
0.945277 0.945277 
0.973691 0.973691 
0.990005 0.990005 
1.02897 1.02897 
1.05828 1.05828 
1.10682 1.10682 
1.125 1.125 
1.16964 1.16964 
1.21023 1.21023 
1.22266 1.22266 
1.22584 1.22584 
1.22439 1.22439 
1.25275 1.25275 
1.24529 1.24529 
1.24896 1.24896 
1.23357 1.23357 
1.23029 1.23029 
1.22083 1.22083 
1.22018 1.22018 
1.20492 1.20492 
1.18135 1.18135 
1.18786 1.18786 
1.2052 1.2052 
1.21293 1.21293 
1.23324 1.23324 
1.22642 1.22642 
1.20096 1.20096 
1.20783 1.20783 
1.22128 1.22128 
1.19579 1.19579 
1.19228 1.19228 
1.17847 1.17847 
1.18108 1.18108 
1.18545 1.18545 
1.19228 1.19228 
1.17669 1.17669 
1.20457 1.20457 
1.21578 1.21578 
1.20253 1.20253 
1.21817 1.21817 
1.24741 1.24741 
1.22563 1.22563 
1.20237 1.20237 
1.21316 1.21316 
1.19864 1.19864 
1.21348 1.21348 
1.21732 1.21732 
1.22262 1.22262 
1.18392 1.18392 
1.17856 1.17856 
1.20585 1.20585 
1.20213 1.20213 
1.17851 1.17851 
1.17598 1.17598 
1.16088 1.16088 
1.122 1.122 
1.12919 1.12919 
1.1106 1.1106 
1.10882 1.10882 
1.04998 1.04998 
1.04061 1.04061 
1.03872 1.03872 
1.00496 1.00496 
0.968598 0.968598 
0.952615 0.952615 
0.955089 0.955089 
0.942546 0.942546 
0.938693 0.938693 


14.5513 0.659283 
14.32 0.648802 
14.0955 0.638631 
13.7284 0.621997 
13.4317 0.608556 
13.2829 0.601816 
13.2532 0.600469 
13.1555 0.596044 
13.2486 0.60026 
12.948 0.586641 
13.0918 0.593157 
12.9492 0.586694 
13.0784 0.592549 
12.8955 0.584261 
12.6851 0.574731 
12.7714 0.57864 
12.7253 0.576549 
12.9123 0.585023 
12.961 0.587231 
12.9756 0.587891 
12.9929 0.588676 
13.2626 0.600897 
13.5197 0.612541 
13.5542 0.614105 
13.8418 0.627137 
13.9626 0.632609 
13.9339 0.631311 
14.1436 0.640812 
14.6045 0.661694 
15.0435 0.681584 
15.2956 0.693003 
15.8976 0.72028 
16.3504 0.740794 
17.1003 0.774773 
17.3813 0.787502 
18.0709 0.818748 
18.6981 0.847164 
18.8901 0.85586 
18.9392 0.858087 
18.9169 0.857076 
19.355 0.876925 
19.2397 0.871699 
19.2964 0.874269 
19.0586 0.863498 
19.0079 0.8612 
18.8619 0.854584 
18.8518 0.854126 
18.6161 0.843447 
18.2519 0.826948 
18.3524 0.831501 
18.6203 0.84364 
18.7398 0.849052 
19.0536 0.86327 
18.9482 0.858494 
18.5548 0.840671 
18.661 0.845481 
18.8688 0.854897 
18.4749 0.83705 
18.4208 0.834599 
18.2074 0.824932 
18.2476 0.826753 
18.3152 0.829817 
18.4206 0.834592 
18.1798 0.823682 
18.6106 0.8432 
18.7838 0.851046 
18.5792 0.841774 
18.8207 0.852716 
19.2725 0.873188 
18.936 0.85794 
18.5767 0.841661 
18.7433 0.849212 
18.519 0.839047 
18.7482 0.849434 
18.8076 0.852123 
18.8895 0.855833 
18.2915 0.828743 
18.2087 0.824989 
18.6304 0.844097 
18.5728 0.841488 
18.2079 0.824955 
18.1689 0.823184 
17.9357 0.812619 
17.3349 0.7854 
17.446 0.790436 
17.1588 0.777421 
17.1313 0.776177 
16.2222 0.734985 
16.0775 0.72843 
16.0482 0.727101 
15.5266 0.703472 
14.9648 0.678018 
14.7179 0.66683 
14.7561 0.668562 
14.5623 0.659782 
14.5028 0.657085 


8.54242 1.75181 
8.40662 1.72396 
8.27483 1.69693 
8.05931 1.65274 
7.88514 1.61702 
7.79782 1.59911 
7.78036 1.59553 
7.72303 1.58377 
7.77766 1.59498 
7.60119 1.55879 
7.68562 1.5761 
7.60187 1.55893 
7.67774 1.57449 
7.57035 1.55247 
7.44687 1.52714 
7.49752 1.53753 
7.47043 1.53197 
7.58023 1.55449 
7.60883 1.56036 
7.61739 1.56211 
7.62756 1.5642 
7.7859 1.59667 
7.93678 1.62761 
7.95704 1.63176 
8.1259 1.66639 
8.19681 1.68093 
8.17998 1.67748 
8.3031 1.70273 
8.57367 1.75822 
8.83138 1.81107 
8.97935 1.84141 
9.33277 1.91389 
9.59858 1.9684 
10.0388 2.05868 
10.2038 2.0925 
10.6086 2.17553 
10.9768 2.25104 
11.0895 2.27414 
11.1184 2.28006 
11.1053 2.27737 
11.3624 2.33012 
11.2947 2.31623 
11.328 2.32306 
11.1885 2.29444 
11.1587 2.28833 
11.073 2.27075 
11.067 2.26953 
10.9287 2.24116 
10.7149 2.19732 
10.7739 2.20942 
10.9312 2.24167 
11.0013 2.25605 
11.1855 2.29383 
11.1236 2.28114 
10.8927 2.23378 
10.955 2.24656 
11.077 2.27158 
10.8458 2.22416 
10.814 2.21765 
10.6888 2.19196 
10.7124 2.1968 
10.7521 2.20494 
10.8139 2.21763 
10.6726 2.18864 
10.9255 2.2405 
11.0271 2.26135 
10.907 2.23672 
11.0488 2.26579 
11.314 2.32018 
11.1165 2.27967 
10.9055 2.23641 
11.0034 2.25648 
10.8717 2.22947 
11.0062 2.25707 
11.0411 2.26421 
11.0892 2.27407 
10.7381 2.20209 
10.6895 2.19211 
10.9371 2.24289 
10.9033 2.23595 
10.6891 2.19202 
10.6661 2.18732 
10.5292 2.15924 
10.1765 2.08692 
10.2418 2.1003 
10.0732 2.06572 
10.057 2.06241 
9.52331 1.95296 
9.43837 1.93554 
9.42116 1.93201 
9.11499 1.86923 
8.78518 1.80159 
8.64022 1.77186 
8.66265 1.77647 
8.54889 1.75314 
8.51394 1.74597 


24.3652 5.99947 
23.9779 5.9041 
23.602 5.81154 
22.9872 5.66017 
22.4905 5.53786 
22.2414 5.47653 
22.1916 5.46427 
22.0281 5.424 
22.1839 5.46237 
21.6806 5.33843 
21.9214 5.39773 
21.6825 5.33891 
21.8989 5.3922 
21.5926 5.31678 
21.2404 5.23005 
21.3849 5.26563 
21.3076 5.24659 
21.6208 5.32371 
21.7024 5.3438 
21.7268 5.34981 
21.7558 5.35696 
22.2074 5.46816 
22.6378 5.57412 
22.6956 5.58835 
23.1772 5.70695 
23.3794 5.75674 
23.3314 5.74493 
23.6826 5.83139 
24.4543 6.02142 
25.1894 6.20241 
25.6114 6.30633 
26.6195 6.55455 
27.3776 6.74123 
28.6334 7.05044 
29.1038 7.16627 
30.2586 7.45061 
31.3088 7.7092 
31.6301 7.78833 
31.7124 7.80859 
31.6751 7.7994 
32.4086 7.98002 
32.2155 7.93247 
32.3105 7.95585 
31.9124 7.85783 
31.8275 7.83692 
31.583 7.77672 
31.5661 7.77255 
31.1714 7.67536 
30.5617 7.52523 
30.7299 7.56666 
31.1785 7.67712 
31.3785 7.72637 
31.904 7.85575 
31.7275 7.8123 
31.0688 7.65011 
31.2466 7.69388 
31.5945 7.77956 
30.935 7.61716 
30.8444 7.59485 
30.4871 7.50689 
30.5544 7.52346 
30.6677 7.55133 
30.8442 7.59479 
30.4409 7.49551 
31.1623 7.67312 
31.4522 7.74452 
31.1096 7.66015 
31.514 7.75972 
32.2705 7.94601 
31.707 7.80726 
31.1054 7.65911 
31.3844 7.72783 
31.0088 7.63533 
31.3927 7.72985 
31.492 7.75432 
31.6291 7.78808 
30.628 7.54156 
30.4892 7.5074 
31.1954 7.68128 
31.099 7.65754 
30.488 7.50709 
30.4225 7.49098 
30.0321 7.39483 
29.0261 7.14714 
29.2122 7.19296 
28.7313 7.07453 
28.6853 7.06322 
27.163 6.68836 
26.9207 6.62871 
26.8716 6.61662 
25.9983 6.4016 
25.0576 6.16997 
24.6442 6.06816 
24.7081 6.08392 
24.3837 6.00402 
24.284 5.97947 


