-159.6 -47.7299 
-157.797 -47.1908 
-155.637 -46.5447 
-152.699 -45.666 
-148.551 -44.4257 
-146.801 -43.9024 
-146.68 -43.8662 
-145.497 -43.5122 
-144.704 -43.2751 
-143.247 -42.8394 
-145.098 -43.3929 
-142.822 -42.7125 
-142.697 -42.6748 
-143.513 -42.919 
-141.834 -42.4169 
-139.256 -41.6459 
-142.21 -42.5293 
-142.823 -42.7127 
-141.464 -42.3062 
-143.636 -42.9558 
-142.65 -42.6608 
-144.648 -43.2585 
-147.465 -44.1008 
-150.895 -45.1265 
-149.978 -44.8523 
-152.695 -45.6649 
-154.634 -46.2447 
-158.513 -47.4048 
-158.132 -47.2909 
-164.46 -49.1833 
-166.996 -49.9419 
-173.971 -52.0276 
-181.447 -54.2635 
-187.268 -56.0044 
-194.236 -58.0883 
-197.744 -59.1373 
-204.654 -61.2039 
-206.601 -61.7862 
-208.872 -62.4652 
-208.136 -62.245 
-216.314 -64.6907 
-210.454 -62.9384 
-214.09 -64.0258 
-213.478 -63.8426 
-211.171 -63.1527 
-208.406 -62.3258 
-206.752 -61.8312 
-203.189 -60.7656 
-201.632 -60.3 
-203.219 -60.7748 
-206.853 -61.8613 
-208.337 -62.3053 
-208.186 -62.2601 
-208.802 -62.4442 
-206.858 -61.863 
-206.944 -61.8888 
-205.838 -61.558 
-205.039 -61.3189 
-206.616 -61.7907 
-200.838 -60.0626 
-201.474 -60.2529 
-201.41 -60.2337 
-202.904 -60.6803 
-201.75 -60.3353 
-205.876 -61.5693 
-208.432 -62.3336 
-205.304 -61.3981 
-207.707 -62.1168 
-208.835 -62.4542 
-207.8 -62.1446 
-206.982 -61.9 
-203.837 -60.9596 
-202.334 -60.5101 
-205.189 -61.3638 
-204.683 -61.2126 
-205.614 -61.4908 
-204.276 -61.0908 
-202.479 -60.5535 
-203.295 -60.7975 
-205.368 -61.4174 
-202.576 -60.5824 
-201.229 -60.1796 
-198.31 -59.3065 
-193.959 -58.0054 
-191.374 -57.2322 
-188.84 -56.4744 
-185.64 -55.5176 
-180.215 -53.8952 
-176.213 -52.6984 
-177.408 -53.0557 
-170.923 -51.1163 
-166.273 -49.7257 
-160.097 -47.8787 
-159.724 -47.7669 
-161.864 -48.4071 
-159.062 -47.5691 


-124.248 -37.6025 
-122.844 -37.1778 
-121.162 -36.6688 
-118.875 -35.9766 
-115.646 -34.9994 
-114.284 -34.5872 
-114.19 -34.5586 
-113.268 -34.2797 
-112.651 -34.0929 
-111.517 -33.7497 
-112.958 -34.1858 
-111.187 -33.6497 
-111.089 -33.62 
-111.724 -33.8124 
-110.417 -33.4169 
-108.41 -32.8095 
-110.71 -33.5054 
-111.187 -33.6499 
-110.129 -33.3297 
-111.82 -33.8414 
-111.052 -33.609 
-112.608 -34.0799 
-114.801 -34.7434 
-117.471 -35.5516 
-116.757 -35.3355 
-118.872 -35.9757 
-120.382 -36.4325 
-123.402 -37.3464 
-123.105 -37.2567 
-128.031 -38.7475 
-130.006 -39.3452 
-135.435 -40.9884 
-141.256 -42.7498 
-145.787 -44.1213 
-151.212 -45.7631 
-153.943 -46.5895 
-159.322 -48.2176 
-160.838 -48.6763 
-162.606 -49.2113 
-162.033 -49.0378 
-168.399 -50.9646 
-163.838 -49.5841 
-166.668 -50.4408 
-166.191 -50.2964 
-164.396 -49.7529 
-162.243 -49.1015 
-160.955 -48.7118 
-158.181 -47.8723 
-156.97 -47.5055 
-158.205 -47.8796 
-161.034 -48.7355 
-162.19 -49.0853 
-162.072 -49.0497 
-162.551 -49.1947 
-161.038 -48.7368 
-161.105 -48.7572 
-160.244 -48.4966 
-159.622 -48.3082 
-160.85 -48.6799 
-156.352 -47.3185 
-156.847 -47.4684 
-156.797 -47.4533 
-157.96 -47.8051 
-157.062 -47.5333 
-160.274 -48.5055 
-162.263 -49.1076 
-159.828 -48.3706 
-161.699 -48.9368 
-162.577 -49.2026 
-161.771 -48.9587 
-161.135 -48.766 
-158.686 -48.0251 
-157.516 -47.671 
-159.739 -48.3436 
-159.345 -48.2245 
-160.069 -48.4437 
-159.028 -48.1285 
-157.629 -47.7052 
-158.265 -47.8974 
-159.878 -48.3858 
-157.705 -47.728 
-156.656 -47.4106 
-154.383 -46.7228 
-150.997 -45.6978 
-148.984 -45.0886 
-147.011 -44.4916 
-144.52 -43.7378 
-140.297 -42.4597 
-137.181 -41.5168 
-138.112 -41.7983 
-133.063 -40.2704 
-129.443 -39.1748 
-124.635 -37.7198 
-124.344 -37.6317 
-126.011 -38.1361 
-123.829 -37.4759 


0.956473 0.271938 
0.94567 0.268867 
0.932722 0.265186 
0.915115 0.26018 
0.89026 0.253113 
0.879773 0.250132 
0.879047 0.249925 
0.871953 0.247908 
0.867201 0.246557 
0.858472 0.244075 
0.869563 0.247229 
0.855928 0.243352 
0.855173 0.243137 
0.860067 0.244529 
0.850006 0.241668 
0.834555 0.237275 
0.852257 0.242308 
0.855932 0.243353 
0.847787 0.241037 
0.860805 0.244739 
0.854891 0.243057 
0.86687 0.246463 
0.883748 0.251262 
0.904304 0.257106 
0.898809 0.255544 
0.915093 0.260174 
0.926711 0.263477 
0.949959 0.270086 
0.947677 0.269438 
0.985598 0.280219 
1.0008 0.284541 
1.0426 0.296425 
1.0874 0.309163 
1.12229 0.319082 
1.16405 0.330955 
1.18507 0.336931 
1.22648 0.348706 
1.23815 0.352023 
1.25176 0.355892 
1.24735 0.354638 
1.29636 0.368572 
1.26124 0.358588 
1.28303 0.364784 
1.27936 0.36374 
1.26554 0.359809 
1.24897 0.355098 
1.23905 0.35228 
1.2177 0.346209 
1.20837 0.343556 
1.21788 0.346261 
1.23966 0.352451 
1.24855 0.354981 
1.24765 0.354724 
1.25134 0.355772 
1.23969 0.352461 
1.24021 0.352608 
1.23358 0.350723 
1.22879 0.349361 
1.23824 0.352049 
1.20361 0.342204 
1.20743 0.343288 
1.20704 0.343178 
1.21599 0.345723 
1.20908 0.343757 
1.2338 0.350788 
1.24912 0.355142 
1.23037 0.349812 
1.24478 0.353907 
1.25154 0.35583 
1.24533 0.354065 
1.24043 0.352672 
1.22159 0.347314 
1.21258 0.344753 
1.22969 0.349617 
1.22666 0.348755 
1.23223 0.350341 
1.22422 0.348061 
1.21345 0.345 
1.21834 0.34639 
1.23076 0.349922 
1.21403 0.345165 
1.20596 0.34287 
1.18846 0.337896 
1.16239 0.330483 
1.14689 0.326077 
1.13171 0.32176 
1.11253 0.316308 
1.08002 0.307065 
1.05604 0.300246 
1.0632 0.302282 
1.02434 0.291233 
0.996467 0.283309 
0.959455 0.272786 
0.957215 0.272149 
0.970044 0.275797 
0.953251 0.271022 


2.25053 1.12526 
2.22511 1.11255 
2.19464 1.09732 
2.15321 1.07661 
2.09473 1.04736 
2.07005 1.03503 
2.06835 1.03417 
2.05165 1.02583 
2.04047 1.02024 
2.01993 1.00997 
2.04603 1.02302 
2.01395 1.00697 
2.01217 1.00609 
2.02369 1.01184 
2.00001 1.00001 
1.96366 0.98183 
2.00531 1.00266 
2.01396 1.00698 
1.99479 0.997396 
2.02542 1.01271 
2.01151 1.00575 
2.03969 1.01985 
2.07941 1.0397 
2.12777 1.06389 
2.11484 1.05742 
2.15316 1.07658 
2.1805 1.09025 
2.2352 1.1176 
2.22983 1.11491 
2.31905 1.15953 
2.35482 1.17741 
2.45317 1.22658 
2.55859 1.2793 
2.64068 1.32034 
2.73894 1.36947 
2.7884 1.3942 
2.88584 1.44292 
2.9133 1.45665 
2.94532 1.47266 
2.93493 1.46747 
3.05025 1.52513 
2.96763 1.48381 
3.0189 1.50945 
3.01026 1.50513 
2.97773 1.48887 
2.93874 1.46937 
2.91542 1.45771 
2.86517 1.43259 
2.84322 1.42161 
2.86561 1.4328 
2.91684 1.45842 
2.93777 1.46889 
2.93564 1.46782 
2.94432 1.47216 
2.91692 1.45846 
2.91814 1.45907 
2.90254 1.45127 
2.89126 1.44563 
2.91351 1.45676 
2.83203 1.41601 
2.841 1.4205 
2.8401 1.42005 
2.86115 1.43058 
2.84489 1.42244 
2.90307 1.45154 
2.93911 1.46955 
2.895 1.4475 
2.92889 1.46444 
2.9448 1.4724 
2.9302 1.4651 
2.91866 1.45933 
2.87432 1.43716 
2.85313 1.42656 
2.89338 1.44669 
2.88625 1.44313 
2.89937 1.44969 
2.88051 1.44025 
2.85518 1.42759 
2.86668 1.43334 
2.89591 1.44795 
2.85654 1.42827 
2.83754 1.41877 
2.79638 1.39819 
2.73503 1.36752 
2.69857 1.34929 
2.66284 1.33142 
2.61772 1.30886 
2.54123 1.27061 
2.4848 1.2424 
2.50165 1.25082 
2.4102 1.2051 
2.34463 1.17231 
2.25754 1.12877 
2.25227 1.12614 
2.28246 1.14123 
2.24294 1.12147 


2.64437 0.450105 
2.6145 0.445021 
2.5787 0.438928 
2.53002 0.430642 
2.46131 0.418946 
2.43231 0.414011 
2.43031 0.413669 
2.41069 0.410331 
2.39756 0.408095 
2.37342 0.403987 
2.40409 0.409206 
2.36639 0.40279 
2.3643 0.402434 
2.37783 0.404737 
2.35002 0.400003 
2.3073 0.392732 
2.35624 0.401062 
2.3664 0.402791 
2.34388 0.398959 
2.37987 0.405085 
2.36352 0.402302 
2.39664 0.407939 
2.4433 0.415882 
2.50013 0.425555 
2.48494 0.422969 
2.52996 0.430632 
2.56208 0.436099 
2.62636 0.44704 
2.62005 0.445966 
2.72489 0.463811 
2.76692 0.470965 
2.88247 0.490634 
3.00635 0.511718 
3.1028 0.528136 
3.21825 0.547787 
3.27637 0.55768 
3.39086 0.577168 
3.42312 0.582659 
3.46075 0.589063 
3.44855 0.586987 
3.58404 0.61005 
3.48696 0.593525 
3.54721 0.60378 
3.53706 0.602052 
3.49883 0.595546 
3.45302 0.587749 
3.42562 0.583084 
3.36658 0.573035 
3.34079 0.568645 
3.36709 0.573122 
3.42729 0.583368 
3.45188 0.587555 
3.44938 0.587129 
3.45958 0.588865 
3.42738 0.583384 
3.42881 0.583627 
3.41048 0.580508 
3.39724 0.578253 
3.42337 0.582702 
3.32764 0.566406 
3.33818 0.5682 
3.33711 0.568019 
3.36186 0.572231 
3.34274 0.568978 
3.41111 0.580614 
3.45345 0.587822 
3.40162 0.578999 
3.44144 0.585778 
3.46014 0.588959 
3.44298 0.586039 
3.42943 0.583733 
3.37733 0.574864 
3.35243 0.570626 
3.39972 0.578676 
3.39135 0.57725 
3.40676 0.579874 
3.3846 0.576101 
3.35483 0.571035 
3.36835 0.573336 
3.40269 0.579182 
3.35643 0.571307 
3.33411 0.567509 
3.28574 0.559276 
3.21366 0.547006 
3.17082 0.539714 
3.12884 0.532568 
3.07583 0.523545 
2.98594 0.508246 
2.91963 0.496959 
2.93943 0.500329 
2.83199 0.48204 
2.75494 0.468926 
2.65261 0.451508 
2.64642 0.450454 
2.68189 0.456491 
2.63546 0.448589 


2.03485 0.140658 
2.01187 0.139069 
1.98432 0.137165 
1.94686 0.134576 
1.89398 0.130921 
1.87167 0.129378 
1.87013 0.129272 
1.85504 0.128228 
1.84493 0.12753 
1.82636 0.126246 
1.84995 0.127877 
1.82094 0.125872 
1.81934 0.125761 
1.82975 0.12648 
1.80835 0.125001 
1.77548 0.122729 
1.81314 0.125332 
1.82095 0.125872 
1.80363 0.124675 
1.83132 0.126589 
1.81874 0.125719 
1.84422 0.127481 
1.88013 0.129963 
1.92386 0.132986 
1.91217 0.132178 
1.94682 0.134572 
1.97153 0.136281 
2.02099 0.1397 
2.01614 0.139364 
2.09681 0.144941 
2.12915 0.147176 
2.21807 0.153323 
2.31339 0.159912 
2.38761 0.165042 
2.47646 0.171184 
2.52118 0.174275 
2.60928 0.180365 
2.63411 0.182081 
2.66306 0.184082 
2.65367 0.183433 
2.75793 0.190641 
2.68323 0.185477 
2.72959 0.188681 
2.72178 0.188141 
2.69237 0.186108 
2.65711 0.183671 
2.63602 0.182214 
2.59059 0.179073 
2.57075 0.177701 
2.59099 0.179101 
2.63731 0.182302 
2.65624 0.183611 
2.65431 0.183478 
2.66216 0.18402 
2.63738 0.182307 
2.63848 0.182383 
2.62438 0.181409 
2.61419 0.180704 
2.6343 0.182094 
2.56063 0.177002 
2.56874 0.177563 
2.56792 0.177506 
2.58696 0.178822 
2.57225 0.177806 
2.62486 0.181442 
2.65744 0.183694 
2.61756 0.180937 
2.6482 0.183055 
2.66259 0.18405 
2.64939 0.183137 
2.63896 0.182417 
2.59887 0.179645 
2.5797 0.178321 
2.6161 0.180836 
2.60965 0.180391 
2.62151 0.181211 
2.60446 0.180032 
2.58155 0.178448 
2.59196 0.179168 
2.61838 0.180994 
2.58279 0.178534 
2.56561 0.177346 
2.52839 0.174774 
2.47292 0.170939 
2.43996 0.168661 
2.40765 0.166427 
2.36686 0.163608 
2.29769 0.158827 
2.24667 0.1553 
2.2619 0.156353 
2.17922 0.150638 
2.11994 0.146539 
2.04119 0.141096 
2.03643 0.140767 
2.06372 0.142654 
2.028 0.140184 


6.22645 0.356333 
6.15613 0.352308 
6.07184 0.347485 
5.95722 0.340925 
5.79542 0.331665 
5.72715 0.327759 
5.72243 0.327488 
5.67625 0.324845 
5.64531 0.323075 
5.58848 0.319823 
5.66068 0.323955 
5.57192 0.318875 
5.56701 0.318594 
5.59886 0.320417 
5.53337 0.316669 
5.43279 0.310913 
5.54803 0.317508 
5.57195 0.318877 
5.51893 0.315842 
5.60367 0.320692 
5.56517 0.318489 
5.64315 0.322952 
5.75303 0.32924 
5.88684 0.336898 
5.85107 0.33485 
5.95708 0.340917 
6.03271 0.345245 
6.18405 0.353906 
6.16919 0.353056 
6.41605 0.367184 
6.51501 0.372847 
6.7871 0.388418 
7.07877 0.40511 
7.30588 0.418107 
7.57773 0.433665 
7.71457 0.441496 
7.98416 0.456925 
8.06012 0.461272 
8.14871 0.466342 
8.11998 0.464698 
8.43902 0.482956 
8.21043 0.469874 
8.35229 0.477993 
8.32839 0.476625 
8.23839 0.471474 
8.13052 0.465301 
8.06599 0.461608 
7.92698 0.453653 
7.86625 0.450177 
7.92818 0.453721 
8.06992 0.461833 
8.12784 0.465148 
8.12195 0.46481 
8.14596 0.466184 
8.07014 0.461845 
8.07351 0.462038 
8.03036 0.459569 
7.99917 0.457784 
8.06071 0.461306 
7.83528 0.448405 
7.8601 0.449825 
7.8576 0.449682 
7.91586 0.453016 
7.87086 0.450441 
8.03183 0.459653 
8.13153 0.465359 
8.00949 0.458375 
8.10326 0.463741 
8.14727 0.46626 
8.10688 0.463948 
8.07497 0.462122 
7.95229 0.455101 
7.89366 0.451745 
8.00502 0.458119 
7.9853 0.45699 
8.02159 0.459067 
7.9694 0.45608 
7.89932 0.452069 
7.93115 0.453891 
8.01201 0.458519 
7.90309 0.452285 
7.85054 0.449278 
7.73665 0.44276 
7.56692 0.433047 
7.46605 0.427274 
7.36719 0.421616 
7.24237 0.414473 
7.03073 0.402361 
6.8746 0.393426 
6.92122 0.396094 
6.66822 0.381615 
6.48681 0.371233 
6.24587 0.357444 
6.23128 0.35661 
6.3148 0.361389 
6.20548 0.355133 


1.2753 0.251309 
1.26089 0.24847 
1.24363 0.245068 
1.22015 0.240442 
1.18701 0.233911 
1.17303 0.231156 
1.17206 0.230965 
1.1626 0.229101 
1.15627 0.227853 
1.14463 0.225559 
1.15942 0.228473 
1.14124 0.224891 
1.14023 0.224693 
1.14676 0.225978 
1.13334 0.223335 
1.11274 0.219275 
1.13634 0.223926 
1.14124 0.224892 
1.13038 0.222752 
1.14774 0.226172 
1.13986 0.224619 
1.15583 0.227766 
1.17833 0.232201 
1.20574 0.237601 
1.19841 0.236158 
1.22012 0.240436 
1.23561 0.243489 
1.26661 0.249597 
1.26357 0.248997 
1.31413 0.258961 
1.3344 0.262955 
1.39013 0.273937 
1.44987 0.285709 
1.49638 0.294876 
1.55206 0.305848 
1.58009 0.311371 
1.63531 0.322252 
1.65087 0.325318 
1.66901 0.328894 
1.66313 0.327734 
1.72848 0.340611 
1.68166 0.331385 
1.71071 0.337111 
1.70581 0.336146 
1.68738 0.332513 
1.66529 0.32816 
1.65207 0.325555 
1.6236 0.319944 
1.61116 0.317493 
1.62385 0.319993 
1.65288 0.325714 
1.66474 0.328051 
1.66353 0.327814 
1.66845 0.328783 
1.65292 0.325723 
1.65361 0.325859 
1.64477 0.324117 
1.63838 0.322858 
1.65099 0.325342 
1.60482 0.316243 
1.6099 0.317245 
1.60939 0.317144 
1.62132 0.319496 
1.6121 0.317679 
1.64507 0.324176 
1.6655 0.328201 
1.6405 0.323275 
1.6597 0.327059 
1.66872 0.328836 
1.66044 0.327205 
1.65391 0.325917 
1.62878 0.320966 
1.61677 0.318599 
1.63958 0.323094 
1.63554 0.322298 
1.64298 0.323763 
1.63229 0.321657 
1.61793 0.318828 
1.62445 0.320113 
1.64102 0.323377 
1.6187 0.31898 
1.60794 0.316859 
1.58461 0.312262 
1.54985 0.305412 
1.52919 0.301341 
1.50894 0.29735 
1.48338 0.292313 
1.44003 0.28377 
1.40805 0.277469 
1.4176 0.27935 
1.36578 0.269139 
1.32862 0.261817 
1.27927 0.252092 
1.27629 0.251504 
1.29339 0.254874 
1.271 0.250462 


1.73478 0.356333 
1.71519 0.352308 
1.6917 0.347485 
1.65977 0.340925 
1.61469 0.331665 
1.59567 0.327759 
1.59435 0.327488 
1.58148 0.324845 
1.57287 0.323075 
1.55703 0.319823 
1.57715 0.323955 
1.55242 0.318875 
1.55105 0.318594 
1.55992 0.320417 
1.54168 0.316669 
1.51365 0.310913 
1.54576 0.317508 
1.55243 0.318877 
1.53765 0.315842 
1.56126 0.320692 
1.55054 0.318489 
1.57226 0.322952 
1.60288 0.32924 
1.64016 0.336898 
1.63019 0.33485 
1.65973 0.340917 
1.6808 0.345245 
1.72297 0.353906 
1.71883 0.353056 
1.7876 0.367184 
1.81518 0.372847 
1.89098 0.388418 
1.97225 0.40511 
2.03552 0.418107 
2.11126 0.433665 
2.14939 0.441496 
2.2245 0.456925 
2.24567 0.461272 
2.27035 0.466342 
2.26234 0.464698 
2.35123 0.482956 
2.28755 0.469874 
2.32707 0.477993 
2.32041 0.476625 
2.29533 0.471474 
2.26528 0.465301 
2.2473 0.461608 
2.20857 0.453653 
2.19165 0.450177 
2.20891 0.453721 
2.2484 0.461833 
2.26453 0.465148 
2.26289 0.46481 
2.26958 0.466184 
2.24846 0.461845 
2.2494 0.462038 
2.23737 0.459569 
2.22868 0.457784 
2.24583 0.461306 
2.18302 0.448405 
2.18994 0.449825 
2.18924 0.449682 
2.20547 0.453016 
2.19293 0.450441 
2.23778 0.459653 
2.26556 0.465359 
2.23156 0.458375 
2.25768 0.463741 
2.26995 0.46626 
2.25869 0.463948 
2.2498 0.462122 
2.21562 0.455101 
2.19929 0.451745 
2.23031 0.458119 
2.22482 0.45699 
2.23493 0.459067 
2.22039 0.45608 
2.20086 0.452069 
2.20973 0.453891 
2.23226 0.458519 
2.20191 0.452285 
2.18727 0.449278 
2.15554 0.44276 
2.10825 0.433047 
2.08015 0.427274 
2.05261 0.421616 
2.01783 0.414473 
1.95886 0.402361 
1.91536 0.393426 
1.92835 0.396094 
1.85786 0.381615 
1.80732 0.371233 
1.74019 0.357444 
1.73613 0.35661 
1.75939 0.361389 
1.72894 0.355133 


5.56067 1.43471 
5.49787 1.41851 
5.42259 1.39908 
5.32023 1.37267 
5.17573 1.33539 
5.11476 1.31966 
5.11054 1.31857 
5.0693 1.30793 
5.04167 1.3008 
4.99092 1.28771 
5.0554 1.30434 
4.97613 1.28389 
4.97174 1.28276 
5.00019 1.2901 
4.9417 1.27501 
4.85187 1.25183 
4.95479 1.27839 
4.97615 1.2839 
4.9288 1.27168 
5.00448 1.29121 
4.9701 1.28234 
5.03974 1.3003 
5.13787 1.32562 
5.25737 1.35646 
5.22543 1.34821 
5.3201 1.37264 
5.38764 1.39007 
5.5228 1.42494 
5.50953 1.42152 
5.73 1.4784 
5.81838 1.5012 
6.06137 1.5639 
6.32185 1.6311 
6.52468 1.68343 
6.76746 1.74607 
6.88967 1.7776 
7.13043 1.83972 
7.19827 1.85723 
7.27738 1.87764 
7.25173 1.87102 
7.53666 1.94453 
7.33251 1.89186 
7.4592 1.92455 
7.43785 1.91904 
7.35748 1.8983 
7.26114 1.87345 
7.20351 1.85858 
7.07937 1.82655 
7.02513 1.81255 
7.08044 1.82683 
7.20703 1.85949 
7.25875 1.87283 
7.25349 1.87147 
7.27493 1.87701 
7.20722 1.85954 
7.21023 1.86031 
7.17169 1.85037 
7.14383 1.84318 
7.1988 1.85736 
6.99747 1.80542 
7.01964 1.81114 
7.01741 1.81056 
7.06943 1.82399 
7.02924 1.81362 
7.173 1.85071 
7.26205 1.87368 
7.15306 1.84556 
7.23679 1.86717 
7.2761 1.87731 
7.24003 1.868 
7.21153 1.86065 
7.10197 1.83238 
7.04961 1.81887 
7.14906 1.84453 
7.13145 1.83999 
7.16386 1.84835 
7.11725 1.83632 
7.05466 1.82017 
7.08309 1.82751 
7.15531 1.84614 
7.05803 1.82104 
7.0111 1.80893 
6.90938 1.78269 
6.75781 1.74358 
6.66772 1.72034 
6.57943 1.69756 
6.46796 1.6688 
6.27895 1.62003 
6.13951 1.58406 
6.18115 1.5948 
5.9552 1.5365 
5.79319 1.4947 
5.57801 1.43918 
5.56499 1.43582 
5.63957 1.45507 
5.54194 1.42988 


2.47558 0.609517 
2.44762 0.602633 
2.41411 0.594382 
2.36853 0.583161 
2.3042 0.567322 
2.27706 0.56064 
2.27518 0.560177 
2.25682 0.555657 
2.24452 0.552628 
2.22193 0.547065 
2.25063 0.554133 
2.21534 0.545444 
2.21339 0.544963 
2.22605 0.548082 
2.20001 0.54167 
2.16002 0.531824 
2.20584 0.543105 
2.21535 0.545447 
2.19427 0.540256 
2.22797 0.548552 
2.21266 0.544784 
2.24366 0.552417 
2.28735 0.563173 
2.34055 0.576272 
2.32633 0.57277 
2.36848 0.583148 
2.39855 0.590551 
2.45872 0.605366 
2.45281 0.603912 
2.55096 0.628077 
2.59031 0.637765 
2.69849 0.6644 
2.81445 0.692952 
2.90475 0.715184 
3.01283 0.741795 
3.06724 0.755191 
3.17443 0.781582 
3.20463 0.789018 
3.23985 0.79769 
3.22843 0.794878 
3.35528 0.826109 
3.26439 0.803732 
3.32079 0.817619 
3.31129 0.815279 
3.2755 0.806469 
3.23262 0.79591 
3.20696 0.789592 
3.15169 0.775985 
3.12755 0.77004 
3.15217 0.776102 
3.20852 0.789978 
3.23155 0.795647 
3.22921 0.79507 
3.23876 0.797421 
3.20861 0.789999 
3.20995 0.790328 
3.19279 0.786104 
3.18039 0.783051 
3.20486 0.789076 
3.11523 0.767008 
3.1251 0.769438 
3.12411 0.769193 
3.14727 0.774896 
3.12938 0.770491 
3.19338 0.786248 
3.23302 0.796009 
3.1845 0.784062 
3.22178 0.793241 
3.23928 0.797549 
3.22322 0.793595 
3.21053 0.790471 
3.16175 0.778462 
3.13844 0.772722 
3.18272 0.783624 
3.17488 0.781693 
3.18931 0.785246 
3.16856 0.780137 
3.14069 0.773277 
3.15335 0.776393 
3.1855 0.784309 
3.14219 0.773645 
3.1213 0.768502 
3.07602 0.757352 
3.00853 0.740738 
2.96843 0.730863 
2.92912 0.721186 
2.8795 0.708967 
2.79535 0.688249 
2.73327 0.672965 
2.75181 0.677529 
2.65122 0.652763 
2.57909 0.635004 
2.4833 0.611418 
2.4775 0.60999 
2.5107 0.618165 
2.46724 0.607464 


4.5198 -0.0375088 
4.46875 -0.0370851 
4.40757 -0.0365774 
4.32437 -0.0358868 
4.20691 -0.0349122 
4.15736 -0.0345009 
4.15393 -0.0344725 
4.12041 -0.0341943 
4.09795 -0.0340079 
4.0567 -0.0336656 
4.10911 -0.0341005 
4.04468 -0.0335658 
4.04111 -0.0335362 
4.06424 -0.0337281 
4.01669 -0.0333336 
3.94368 -0.0327277 
4.02733 -0.0334219 
4.0447 -0.033566 
4.00621 -0.0332466 
4.06772 -0.0337571 
4.03978 -0.0335251 
4.09639 -0.0339949 
4.17614 -0.0346568 
4.27328 -0.0354629 
4.24731 -0.0352474 
4.32426 -0.035886 
4.37916 -0.0363416 
4.48902 -0.0372533 
4.47824 -0.0371638 
4.65743 -0.0386509 
4.72927 -0.039247 
4.92678 -0.0408862 
5.13851 -0.0426432 
5.30336 -0.0440113 
5.5007 -0.045649 
5.60003 -0.0464733 
5.79573 -0.0480973 
5.85087 -0.048555 
5.91518 -0.0490886 
5.89432 -0.0489156 
6.12592 -0.0508375 
5.95998 -0.0494604 
6.06296 -0.050315 
6.04561 -0.050171 
5.98028 -0.0496289 
5.90198 -0.048979 
5.85513 -0.0485903 
5.75422 -0.0477529 
5.71014 -0.0473871 
5.7551 -0.0477602 
5.85799 -0.048614 
5.90003 -0.0489629 
5.89575 -0.0489274 
5.91318 -0.0490721 
5.85814 -0.0486153 
5.86059 -0.0486356 
5.82927 -0.0483756 
5.80662 -0.0481877 
5.8513 -0.0485585 
5.68766 -0.0472005 
5.70568 -0.04735 
5.70386 -0.0473349 
5.74615 -0.0476859 
5.71348 -0.0474148 
5.83033 -0.0483845 
5.90271 -0.0489851 
5.81412 -0.04825 
5.88218 -0.0488148 
5.91413 -0.0490799 
5.88481 -0.0488366 
5.86165 -0.0486444 
5.77259 -0.0479054 
5.73003 -0.0475522 
5.81087 -0.048223 
5.79656 -0.0481042 
5.8229 -0.0483229 
5.78502 -0.0480085 
5.73414 -0.0475863 
5.75725 -0.047778 
5.81595 -0.0482652 
5.73688 -0.0476089 
5.69873 -0.0472924 
5.61606 -0.0466063 
5.49285 -0.0455839 
5.41963 -0.0449762 
5.34787 -0.0443807 
5.25726 -0.0436288 
5.10363 -0.0423538 
4.9903 -0.0414133 
5.02414 -0.0416941 
4.84049 -0.04017 
4.7088 -0.0390771 
4.5339 -0.0376257 
4.52331 -0.0375379 
4.58393 -0.0380409 
4.50458 -0.0373824 


21.4738 2.0161 
21.2312 1.99332 
20.9405 1.96603 
20.5452 1.92892 
19.9872 1.87653 
19.7518 1.85442 
19.7355 1.85289 
19.5762 1.83794 
19.4695 1.82792 
19.2735 1.80952 
19.5225 1.8329 
19.2164 1.80416 
19.1995 1.80257 
19.3093 1.81289 
19.0835 1.79168 
18.7366 1.75911 
19.134 1.79642 
19.2165 1.80417 
19.0336 1.787 
19.3259 1.81444 
19.1931 1.80198 
19.4621 1.82723 
19.841 1.8628 
20.3025 1.90613 
20.1791 1.89455 
20.5447 1.92887 
20.8056 1.95336 
21.3275 2.00236 
21.2763 1.99755 
22.1276 2.07749 
22.4689 2.10953 
23.4073 2.19763 
24.4132 2.29207 
25.1965 2.36561 
26.134 2.45363 
26.606 2.49794 
27.5357 2.58523 
27.7977 2.60983 
28.1032 2.63851 
28.0042 2.62921 
29.1045 2.73252 
28.3161 2.6585 
28.8053 2.70443 
28.7229 2.69669 
28.4125 2.66755 
28.0405 2.63262 
27.8179 2.61173 
27.3385 2.56672 
27.1291 2.54705 
27.3427 2.56711 
27.8315 2.613 
28.0313 2.63176 
28.0109 2.62985 
28.0937 2.63762 
27.8323 2.61307 
27.8439 2.61416 
27.6951 2.60019 
27.5875 2.59009 
27.7997 2.61002 
27.0223 2.53703 
27.1079 2.54506 
27.0993 2.54425 
27.3002 2.56312 
27.145 2.54855 
27.7001 2.60067 
28.044 2.63295 
27.6231 2.59343 
27.9465 2.6238 
28.0983 2.63805 
27.959 2.62497 
27.8489 2.61464 
27.4258 2.57491 
27.2236 2.55593 
27.6077 2.59199 
27.5397 2.5856 
27.6648 2.59735 
27.4848 2.58045 
27.2431 2.55776 
27.3529 2.56807 
27.6318 2.59425 
27.2561 2.55898 
27.0749 2.54197 
26.6821 2.50509 
26.0968 2.45013 
25.7489 2.41747 
25.4079 2.38546 
24.9775 2.34505 
24.2476 2.27652 
23.7091 2.22596 
23.8699 2.24106 
22.9973 2.15914 
22.3717 2.1004 
21.5407 2.02238 
21.4904 2.01766 
21.7784 2.0447 
21.4014 2.0093 


27.8034 7.03289 
27.4893 6.95346 
27.113 6.85825 
26.6011 6.72878 
25.8786 6.54603 
25.5738 6.46892 
25.5527 6.46358 
25.3465 6.41142 
25.2084 6.37648 
24.9546 6.31229 
25.277 6.39384 
24.8806 6.29359 
24.8587 6.28804 
25.001 6.32402 
24.7085 6.25004 
24.2594 6.13643 
24.7739 6.2666 
24.8808 6.29362 
24.644 6.23373 
25.0224 6.32945 
24.8505 6.28597 
25.1987 6.37404 
25.6894 6.49815 
26.2869 6.64929 
26.1271 6.60889 
26.6005 6.72863 
26.9382 6.81405 
27.614 6.98499 
27.5477 6.96821 
28.65 7.24704 
29.0919 7.35882 
30.3069 7.66615 
31.6093 7.9956 
32.6234 8.25212 
33.8373 8.55918 
34.4483 8.71374 
35.6522 9.01825 
35.9914 9.10405 
36.3869 9.20411 
36.2587 9.17167 
37.6833 9.53203 
36.6626 9.27383 
37.296 9.43406 
37.1893 9.40706 
36.7874 9.30541 
36.3057 9.18357 
36.0176 9.11068 
35.3968 8.95367 
35.1257 8.88507 
35.4022 8.95503 
36.0351 9.11512 
36.2937 9.18054 
36.2674 9.17389 
36.3747 9.20101 
36.0361 9.11537 
36.0511 9.11917 
35.8585 9.07043 
35.7192 9.0352 
35.994 9.10472 
34.9874 8.85009 
35.0982 8.87813 
35.087 8.8753 
35.3472 8.94111 
35.1462 8.89028 
35.865 9.07209 
36.3102 9.18472 
35.7653 9.04687 
36.184 9.15278 
36.3805 9.20249 
36.2001 9.15686 
36.0577 9.12083 
35.5098 8.98225 
35.248 8.91603 
35.7453 9.04181 
35.6572 9.01954 
35.8193 9.06053 
35.5863 9.00158 
35.2733 8.92242 
35.4154 8.95838 
35.7765 9.04972 
35.2901 8.92668 
35.0555 8.86732 
34.5469 8.73868 
33.789 8.54697 
33.3386 8.43304 
32.8972 8.32137 
32.3398 8.18039 
31.3948 7.94134 
30.6976 7.76498 
30.9058 7.81764 
29.776 7.53188 
28.9659 7.32697 
27.8901 7.05482 
27.8249 7.03835 
28.1979 7.13268 
27.7097 7.0092 


0.937719 0.937719 
0.927127 0.927127 
0.914434 0.914434 
0.897171 0.897171 
0.872804 0.872804 
0.862522 0.862522 
0.861811 0.861811 
0.854856 0.854856 
0.850198 0.850198 
0.841639 0.841639 
0.852513 0.852513 
0.839145 0.839145 
0.838405 0.838405 
0.843202 0.843202 
0.833339 0.833339 
0.818191 0.818191 
0.835546 0.835546 
0.839149 0.839149 
0.831164 0.831164 
0.843926 0.843926 
0.838129 0.838129 
0.849873 0.849873 
0.86642 0.86642 
0.886572 0.886572 
0.881185 0.881185 
0.89715 0.89715 
0.90854 0.90854 
0.931333 0.931333 
0.929095 0.929095 
0.966272 0.966272 
0.981176 0.981176 
1.02215 1.02215 
1.06608 1.06608 
1.10028 1.10028 
1.14122 1.14122 
1.16183 1.16183 
1.20243 1.20243 
1.21387 1.21387 
1.22721 1.22721 
1.22289 1.22289 
1.27094 1.27094 
1.23651 1.23651 
1.25788 1.25788 
1.25428 1.25428 
1.24072 1.24072 
1.22448 1.22448 
1.21476 1.21476 
1.19382 1.19382 
1.18468 1.18468 
1.194 1.194 
1.21535 1.21535 
1.22407 1.22407 
1.22319 1.22319 
1.2268 1.2268 
1.21538 1.21538 
1.21589 1.21589 
1.20939 1.20939 
1.20469 1.20469 
1.21396 1.21396 
1.18001 1.18001 
1.18375 1.18375 
1.18337 1.18337 
1.19215 1.19215 
1.18537 1.18537 
1.20961 1.20961 
1.22463 1.22463 
1.20625 1.20625 
1.22037 1.22037 
1.227 1.227 
1.22092 1.22092 
1.21611 1.21611 
1.19763 1.19763 
1.1888 1.1888 
1.20558 1.20558 
1.2026 1.2026 
1.20807 1.20807 
1.20021 1.20021 
1.18966 1.18966 
1.19445 1.19445 
1.20663 1.20663 
1.19022 1.19022 
1.18231 1.18231 
1.16516 1.16516 
1.1396 1.1396 
1.12441 1.12441 
1.10952 1.10952 
1.09072 1.09072 
1.05885 1.05885 
1.03533 1.03533 
1.04235 1.04235 
1.00425 1.00425 
0.976929 0.976929 
0.940643 0.940643 
0.938446 0.938446 
0.951024 0.951024 
0.93456 0.93456 


8.63639 1.47222 
8.53884 1.45559 
8.42193 1.43566 
8.26295 1.40856 
8.03852 1.3703 
7.94383 1.35416 
7.93728 1.35304 
7.87323 1.34212 
7.83032 1.33481 
7.75149 1.32137 
7.85164 1.33844 
7.72853 1.31746 
7.72171 1.3163 
7.7659 1.32383 
7.67505 1.30834 
7.53554 1.28456 
7.69538 1.31181 
7.72856 1.31746 
7.65502 1.30493 
7.77256 1.32496 
7.71917 1.31586 
7.82733 1.3343 
7.97973 1.36028 
8.16533 1.39192 
8.11571 1.38346 
8.26275 1.40853 
8.36765 1.42641 
8.57757 1.46219 
8.55696 1.45868 
8.89937 1.51705 
9.03663 1.54045 
9.41404 1.60478 
9.8186 1.67375 
10.1336 1.72744 
10.5107 1.79172 
10.7005 1.82408 
11.0744 1.88782 
11.1798 1.90578 
11.3027 1.92673 
11.2628 1.91994 
11.7053 1.99537 
11.3883 1.94132 
11.585 1.97486 
11.5519 1.96921 
11.427 1.94793 
11.2774 1.92243 
11.1879 1.90717 
10.9951 1.8743 
10.9109 1.85994 
10.9968 1.87459 
11.1934 1.9081 
11.2737 1.92179 
11.2655 1.9204 
11.2988 1.92608 
11.1937 1.90815 
11.1983 1.90895 
11.1385 1.89874 
11.0952 1.89137 
11.1806 1.90592 
10.8679 1.85262 
10.9023 1.85849 
10.8989 1.8579 
10.9797 1.87167 
10.9173 1.86103 
11.1405 1.89909 
11.2788 1.92267 
11.1096 1.89381 
11.2396 1.91598 
11.3007 1.92639 
11.2446 1.91684 
11.2004 1.90929 
11.0302 1.88028 
10.9489 1.86642 
11.1033 1.89275 
11.076 1.88809 
11.1263 1.89667 
11.0539 1.88433 
10.9567 1.86776 
11.0009 1.87529 
11.1131 1.89441 
10.962 1.86865 
10.8891 1.85623 
10.7311 1.8293 
10.4957 1.78917 
10.3558 1.76532 
10.2186 1.74194 
10.0455 1.71243 
9.75196 1.66239 
9.5354 1.62547 
9.60007 1.63649 
9.24914 1.57667 
8.99751 1.53378 
8.66332 1.47681 
8.64309 1.47336 
8.75893 1.49311 
8.6073 1.46726 


0.937719 0.937719 
0.927127 0.927127 
0.914434 0.914434 
0.897171 0.897171 
0.872804 0.872804 
0.862522 0.862522 
0.861811 0.861811 
0.854856 0.854856 
0.850198 0.850198 
0.841639 0.841639 
0.852513 0.852513 
0.839145 0.839145 
0.838405 0.838405 
0.843202 0.843202 
0.833339 0.833339 
0.818191 0.818191 
0.835546 0.835546 
0.839149 0.839149 
0.831164 0.831164 
0.843926 0.843926 
0.838129 0.838129 
0.849873 0.849873 
0.86642 0.86642 
0.886572 0.886572 
0.881185 0.881185 
0.89715 0.89715 
0.90854 0.90854 
0.931333 0.931333 
0.929095 0.929095 
0.966272 0.966272 
0.981176 0.981176 
1.02215 1.02215 
1.06608 1.06608 
1.10028 1.10028 
1.14122 1.14122 
1.16183 1.16183 
1.20243 1.20243 
1.21387 1.21387 
1.22721 1.22721 
1.22289 1.22289 
1.27094 1.27094 
1.23651 1.23651 
1.25788 1.25788 
1.25428 1.25428 
1.24072 1.24072 
1.22448 1.22448 
1.21476 1.21476 
1.19382 1.19382 
1.18468 1.18468 
1.194 1.194 
1.21535 1.21535 
1.22407 1.22407 
1.22319 1.22319 
1.2268 1.2268 
1.21538 1.21538 
1.21589 1.21589 
1.20939 1.20939 
1.20469 1.20469 
1.21396 1.21396 
1.18001 1.18001 
1.18375 1.18375 
1.18337 1.18337 
1.19215 1.19215 
1.18537 1.18537 
1.20961 1.20961 
1.22463 1.22463 
1.20625 1.20625 
1.22037 1.22037 
1.227 1.227 
1.22092 1.22092 
1.21611 1.21611 
1.19763 1.19763 
1.1888 1.1888 
1.20558 1.20558 
1.2026 1.2026 
1.20807 1.20807 
1.20021 1.20021 
1.18966 1.18966 
1.19445 1.19445 
1.20663 1.20663 
1.19022 1.19022 
1.18231 1.18231 
1.16516 1.16516 
1.1396 1.1396 
1.12441 1.12441 
1.10952 1.10952 
1.09072 1.09072 
1.05885 1.05885 
1.03533 1.03533 
1.04235 1.04235 
1.00425 1.00425 
0.976929 0.976929 
0.940643 0.940643 
0.938446 0.938446 
0.951024 0.951024 
0.93456 0.93456 


21.4738 2.0161 
21.2312 1.99332 
20.9405 1.96603 
20.5452 1.92892 
19.9872 1.87653 
19.7518 1.85442 
19.7355 1.85289 
19.5762 1.83794 
19.4695 1.82792 
19.2735 1.80952 
19.5225 1.8329 
19.2164 1.80416 
19.1995 1.80257 
19.3093 1.81289 
19.0835 1.79168 
18.7366 1.75911 
19.134 1.79642 
19.2165 1.80417 
19.0336 1.787 
19.3259 1.81444 
19.1931 1.80198 
19.4621 1.82723 
19.841 1.8628 
20.3025 1.90613 
20.1791 1.89455 
20.5447 1.92887 
20.8056 1.95336 
21.3275 2.00236 
21.2763 1.99755 
22.1276 2.07749 
22.4689 2.10953 
23.4073 2.19763 
24.4132 2.29207 
25.1965 2.36561 
26.134 2.45363 
26.606 2.49794 
27.5357 2.58523 
27.7977 2.60983 
28.1032 2.63851 
28.0042 2.62921 
29.1045 2.73252 
28.3161 2.6585 
28.8053 2.70443 
28.7229 2.69669 
28.4125 2.66755 
28.0405 2.63262 
27.8179 2.61173 
27.3385 2.56672 
27.1291 2.54705 
27.3427 2.56711 
27.8315 2.613 
28.0313 2.63176 
28.0109 2.62985 
28.0937 2.63762 
27.8323 2.61307 
27.8439 2.61416 
27.6951 2.60019 
27.5875 2.59009 
27.7997 2.61002 
27.0223 2.53703 
27.1079 2.54506 
27.0993 2.54425 
27.3002 2.56312 
27.145 2.54855 
27.7001 2.60067 
28.044 2.63295 
27.6231 2.59343 
27.9465 2.6238 
28.0983 2.63805 
27.959 2.62497 
27.8489 2.61464 
27.4258 2.57491 
27.2236 2.55593 
27.6077 2.59199 
27.5397 2.5856 
27.6648 2.59735 
27.4848 2.58045 
27.2431 2.55776 
27.3529 2.56807 
27.6318 2.59425 
27.2561 2.55898 
27.0749 2.54197 
26.6821 2.50509 
26.0968 2.45013 
25.7489 2.41747 
25.4079 2.38546 
24.9775 2.34505 
24.2476 2.27652 
23.7091 2.22596 
23.8699 2.24106 
22.9973 2.15914 
22.3717 2.1004 
21.5407 2.02238 
21.4904 2.01766 
21.7784 2.0447 
21.4014 2.0093 


10.1742 2.10987 
10.0593 2.08604 
9.92161 2.05748 
9.73431 2.01864 
9.46992 1.96381 
9.35837 1.94068 
9.35065 1.93908 
9.27519 1.92343 
9.22464 1.91294 
9.13178 1.89369 
9.24976 1.91815 
9.10472 1.88808 
9.09669 1.88641 
9.14875 1.89721 
9.04173 1.87501 
8.87738 1.84093 
9.06568 1.87998 
9.10476 1.88808 
9.01813 1.87012 
9.1566 1.89883 
9.0937 1.88579 
9.22112 1.91221 
9.40066 1.94944 
9.61931 1.99479 
9.56086 1.98267 
9.73408 2.01859 
9.85766 2.04421 
10.105 2.0955 
10.0807 2.09046 
10.4841 2.17411 
10.6458 2.20765 
11.0904 2.29985 
11.567 2.39868 
11.9381 2.47564 
12.3823 2.56775 
12.6059 2.61412 
13.0464 2.70548 
13.1705 2.73122 
13.3153 2.76123 
13.2683 2.7515 
13.7897 2.85961 
13.4161 2.78215 
13.6479 2.83022 
13.6089 2.82212 
13.4618 2.79162 
13.2856 2.75507 
13.1801 2.7332 
12.953 2.6861 
12.8537 2.66552 
12.9549 2.68651 
13.1865 2.73454 
13.2812 2.75416 
13.2716 2.75217 
13.3108 2.7603 
13.1869 2.73461 
13.1924 2.73575 
13.1219 2.72113 
13.0709 2.71056 
13.1715 2.73142 
12.8031 2.65503 
12.8437 2.66344 
12.8396 2.66259 
12.9348 2.68233 
12.8613 2.66708 
13.1243 2.72163 
13.2872 2.75541 
13.0878 2.71406 
13.241 2.74583 
13.3129 2.76075 
13.2469 2.74706 
13.1948 2.73625 
12.9943 2.69468 
12.8985 2.67481 
13.0805 2.71254 
13.0483 2.70586 
13.1076 2.71816 
13.0223 2.70048 
12.9078 2.67673 
12.9598 2.68751 
13.0919 2.71491 
12.9139 2.678 
12.8281 2.6602 
12.642 2.6216 
12.3646 2.56409 
12.1998 2.52991 
12.0383 2.49641 
11.8343 2.45412 
11.4885 2.3824 
11.2333 2.3295 
11.3095 2.34529 
10.8961 2.25956 
10.5997 2.19809 
10.206 2.11645 
10.1821 2.1115 
10.3186 2.1398 
10.14 2.10276 


10.1742 2.10987 
10.0593 2.08604 
9.92161 2.05748 
9.73431 2.01864 
9.46992 1.96381 
9.35837 1.94068 
9.35065 1.93908 
9.27519 1.92343 
9.22464 1.91294 
9.13178 1.89369 
9.24976 1.91815 
9.10472 1.88808 
9.09669 1.88641 
9.14875 1.89721 
9.04173 1.87501 
8.87738 1.84093 
9.06568 1.87998 
9.10476 1.88808 
9.01813 1.87012 
9.1566 1.89883 
9.0937 1.88579 
9.22112 1.91221 
9.40066 1.94944 
9.61931 1.99479 
9.56086 1.98267 
9.73408 2.01859 
9.85766 2.04421 
10.105 2.0955 
10.0807 2.09046 
10.4841 2.17411 
10.6458 2.20765 
11.0904 2.29985 
11.567 2.39868 
11.9381 2.47564 
12.3823 2.56775 
12.6059 2.61412 
13.0464 2.70548 
13.1705 2.73122 
13.3153 2.76123 
13.2683 2.7515 
13.7897 2.85961 
13.4161 2.78215 
13.6479 2.83022 
13.6089 2.82212 
13.4618 2.79162 
13.2856 2.75507 
13.1801 2.7332 
12.953 2.6861 
12.8537 2.66552 
12.9549 2.68651 
13.1865 2.73454 
13.2812 2.75416 
13.2716 2.75217 
13.3108 2.7603 
13.1869 2.73461 
13.1924 2.73575 
13.1219 2.72113 
13.0709 2.71056 
13.1715 2.73142 
12.8031 2.65503 
12.8437 2.66344 
12.8396 2.66259 
12.9348 2.68233 
12.8613 2.66708 
13.1243 2.72163 
13.2872 2.75541 
13.0878 2.71406 
13.241 2.74583 
13.3129 2.76075 
13.2469 2.74706 
13.1948 2.73625 
12.9943 2.69468 
12.8985 2.67481 
13.0805 2.71254 
13.0483 2.70586 
13.1076 2.71816 
13.0223 2.70048 
12.9078 2.67673 
12.9598 2.68751 
13.0919 2.71491 
12.9139 2.678 
12.8281 2.6602 
12.642 2.6216 
12.3646 2.56409 
12.1998 2.52991 
12.0383 2.49641 
11.8343 2.45412 
11.4885 2.3824 
11.2333 2.3295 
11.3095 2.34529 
10.8961 2.25956 
10.5997 2.19809 
10.206 2.11645 
10.1821 2.1115 
10.3186 2.1398 
10.14 2.10276 


22.5053 11.2526 
22.2511 11.1255 
21.9464 10.9732 
21.5321 10.7661 
20.9473 10.4736 
20.7005 10.3503 
20.6835 10.3417 
20.5165 10.2583 
20.4047 10.2024 
20.1993 10.0997 
20.4603 10.2302 
20.1395 10.0697 
20.1217 10.0609 
20.2369 10.1184 
20.0001 10.0001 
19.6366 9.8183 
20.0531 10.0266 
20.1396 10.0698 
19.9479 9.97396 
20.2542 10.1271 
20.1151 10.0575 
20.3969 10.1985 
20.7941 10.397 
21.2777 10.6389 
21.1484 10.5742 
21.5316 10.7658 
21.805 10.9025 
22.352 11.176 
22.2983 11.1491 
23.1905 11.5953 
23.5482 11.7741 
24.5317 12.2658 
25.5859 12.793 
26.4068 13.2034 
27.3894 13.6947 
27.884 13.942 
28.8584 14.4292 
29.133 14.5665 
29.4532 14.7266 
29.3493 14.6747 
30.5025 15.2513 
29.6763 14.8381 
30.189 15.0945 
30.1026 15.0513 
29.7773 14.8887 
29.3874 14.6937 
29.1542 14.5771 
28.6517 14.3259 
28.4322 14.2161 
28.6561 14.328 
29.1684 14.5842 
29.3777 14.6889 
29.3564 14.6782 
29.4432 14.7216 
29.1692 14.5846 
29.1814 14.5907 
29.0254 14.5127 
28.9126 14.4563 
29.1351 14.5676 
28.3203 14.1601 
28.41 14.205 
28.401 14.2005 
28.6115 14.3058 
28.4489 14.2244 
29.0307 14.5154 
29.3911 14.6955 
28.95 14.475 
29.2889 14.6444 
29.448 14.724 
29.302 14.651 
29.1866 14.5933 
28.7432 14.3716 
28.5313 14.2656 
28.9338 14.4669 
28.8625 14.4313 
28.9937 14.4969 
28.8051 14.4025 
28.5518 14.2759 
28.6668 14.3334 
28.9591 14.4795 
28.5654 14.2827 
28.3754 14.1877 
27.9638 13.9819 
27.3503 13.6752 
26.9857 13.4929 
26.6284 13.3142 
26.1773 13.0886 
25.4123 12.7061 
24.848 12.424 
25.0165 12.5082 
24.102 12.051 
23.4463 11.7231 
22.5754 11.2877 
22.5227 11.2614 
22.8246 11.4123 
22.4294 11.2147 


27.8034 7.03289 
27.4893 6.95346 
27.113 6.85825 
26.6011 6.72878 
25.8786 6.54603 
25.5738 6.46892 
25.5527 6.46358 
25.3465 6.41142 
25.2084 6.37648 
24.9546 6.31229 
25.277 6.39384 
24.8806 6.29359 
24.8587 6.28804 
25.001 6.32402 
24.7085 6.25004 
24.2594 6.13643 
24.7739 6.2666 
24.8808 6.29362 
24.644 6.23373 
25.0224 6.32945 
24.8505 6.28597 
25.1987 6.37404 
25.6894 6.49815 
26.2869 6.64929 
26.1271 6.60889 
26.6005 6.72863 
26.9382 6.81405 
27.614 6.98499 
27.5477 6.96821 
28.65 7.24704 
29.0919 7.35882 
30.3069 7.66615 
31.6093 7.9956 
32.6234 8.25212 
33.8373 8.55918 
34.4483 8.71374 
35.6522 9.01825 
35.9914 9.10405 
36.3869 9.20411 
36.2587 9.17167 
37.6833 9.53203 
36.6626 9.27383 
37.296 9.43406 
37.1893 9.40706 
36.7874 9.30541 
36.3057 9.18357 
36.0176 9.11068 
35.3968 8.95367 
35.1257 8.88507 
35.4022 8.95503 
36.0351 9.11512 
36.2937 9.18054 
36.2674 9.17389 
36.3747 9.20101 
36.0361 9.11537 
36.0511 9.11917 
35.8585 9.07043 
35.7192 9.0352 
35.994 9.10472 
34.9874 8.85009 
35.0982 8.87813 
35.087 8.8753 
35.3472 8.94111 
35.1462 8.89028 
35.865 9.07209 
36.3102 9.18472 
35.7653 9.04687 
36.184 9.15278 
36.3805 9.20249 
36.2001 9.15686 
36.0577 9.12083 
35.5098 8.98225 
35.248 8.91603 
35.7453 9.04181 
35.6572 9.01954 
35.8193 9.06053 
35.5863 9.00158 
35.2733 8.92242 
35.4154 8.95838 
35.7765 9.04972 
35.2901 8.92668 
35.0555 8.86732 
34.5469 8.73868 
33.789 8.54697 
33.3386 8.43304 
32.8972 8.32137 
32.3398 8.18039 
31.3948 7.94134 
30.6976 7.76498 
30.9058 7.81764 
29.776 7.53188 
28.9659 7.32697 
27.8901 7.05482 
27.8249 7.03835 
28.1979 7.13268 
27.7097 7.0092 


0.937719 0.937719 
0.927127 0.927127 
0.914434 0.914434 
0.897171 0.897171 
0.872804 0.872804 
0.862522 0.862522 
0.861811 0.861811 
0.854856 0.854856 
0.850198 0.850198 
0.841639 0.841639 
0.852513 0.852513 
0.839145 0.839145 
0.838405 0.838405 
0.843202 0.843202 
0.833339 0.833339 
0.818191 0.818191 
0.835546 0.835546 
0.839149 0.839149 
0.831164 0.831164 
0.843926 0.843926 
0.838129 0.838129 
0.849873 0.849873 
0.86642 0.86642 
0.886572 0.886572 
0.881185 0.881185 
0.89715 0.89715 
0.90854 0.90854 
0.931333 0.931333 
0.929095 0.929095 
0.966272 0.966272 
0.981176 0.981176 
1.02215 1.02215 
1.06608 1.06608 
1.10028 1.10028 
1.14122 1.14122 
1.16183 1.16183 
1.20243 1.20243 
1.21387 1.21387 
1.22721 1.22721 
1.22289 1.22289 
1.27094 1.27094 
1.23651 1.23651 
1.25788 1.25788 
1.25428 1.25428 
1.24072 1.24072 
1.22448 1.22448 
1.21476 1.21476 
1.19382 1.19382 
1.18468 1.18468 
1.194 1.194 
1.21535 1.21535 
1.22407 1.22407 
1.22319 1.22319 
1.2268 1.2268 
1.21538 1.21538 
1.21589 1.21589 
1.20939 1.20939 
1.20469 1.20469 
1.21396 1.21396 
1.18001 1.18001 
1.18375 1.18375 
1.18337 1.18337 
1.19215 1.19215 
1.18537 1.18537 
1.20961 1.20961 
1.22463 1.22463 
1.20625 1.20625 
1.22037 1.22037 
1.227 1.227 
1.22092 1.22092 
1.21611 1.21611 
1.19763 1.19763 
1.1888 1.1888 
1.20558 1.20558 
1.2026 1.2026 
1.20807 1.20807 
1.20021 1.20021 
1.18966 1.18966 
1.19445 1.19445 
1.20663 1.20663 
1.19022 1.19022 
1.18231 1.18231 
1.16516 1.16516 
1.1396 1.1396 
1.12441 1.12441 
1.10952 1.10952 
1.09072 1.09072 
1.05885 1.05885 
1.03533 1.03533 
1.04235 1.04235 
1.00425 1.00425 
0.976929 0.976929 
0.940643 0.940643 
0.938446 0.938446 
0.951024 0.951024 
0.93456 0.93456 


14.6941 2.07236 
14.5281 2.04895 
14.3292 2.0209 
14.0587 1.98275 
13.6768 1.9289 
13.5157 1.90617 
13.5046 1.9046 
13.3956 1.88923 
13.3226 1.87894 
13.1885 1.86002 
13.3589 1.88405 
13.1494 1.85451 
13.1378 1.85288 
13.213 1.86348 
13.0584 1.84168 
12.8211 1.8082 
13.093 1.84656 
13.1495 1.85452 
13.0243 1.83687 
13.2243 1.86508 
13.1335 1.85226 
13.3175 1.87822 
13.5768 1.91479 
13.8926 1.95933 
13.8082 1.94742 
14.0583 1.9827 
14.2368 2.00787 
14.594 2.05824 
14.5589 2.0533 
15.1415 2.13546 
15.375 2.1684 
16.0171 2.25896 
16.7055 2.35604 
17.2414 2.43162 
17.883 2.5221 
18.2059 2.56765 
18.8421 2.65738 
19.0214 2.68266 
19.2305 2.71215 
19.1627 2.70258 
19.9156 2.80877 
19.3761 2.73269 
19.7109 2.7799 
19.6545 2.77195 
19.4421 2.74199 
19.1875 2.70609 
19.0353 2.68461 
18.7072 2.63835 
18.5639 2.61813 
18.71 2.63875 
19.0445 2.68592 
19.1812 2.7052 
19.1673 2.70324 
19.224 2.71123 
19.045 2.686 
19.053 2.68712 
18.9512 2.67275 
18.8776 2.66237 
19.0228 2.68286 
18.4908 2.60783 
18.5494 2.61609 
18.5435 2.61526 
18.681 2.63465 
18.5747 2.61967 
18.9546 2.67324 
19.1899 2.70643 
18.9019 2.66581 
19.1232 2.69702 
19.2271 2.71167 
19.1317 2.69822 
19.0564 2.6876 
18.7669 2.64677 
18.6286 2.62726 
18.8914 2.66432 
18.8448 2.65776 
18.9305 2.66984 
18.8073 2.65247 
18.6419 2.62914 
18.717 2.63973 
18.9079 2.66665 
18.6508 2.63039 
18.5268 2.61291 
18.258 2.575 
17.8575 2.51851 
17.6194 2.48494 
17.3861 2.45203 
17.0916 2.41049 
16.5921 2.34005 
16.2236 2.28808 
16.3337 2.3036 
15.7366 2.21939 
15.3085 2.15901 
14.7399 2.07882 
14.7055 2.07397 
14.9025 2.10176 
14.6446 2.06538 


0.937719 0.937719 
0.927127 0.927127 
0.914434 0.914434 
0.897171 0.897171 
0.872804 0.872804 
0.862522 0.862522 
0.861811 0.861811 
0.854856 0.854856 
0.850198 0.850198 
0.841639 0.841639 
0.852513 0.852513 
0.839145 0.839145 
0.838405 0.838405 
0.843202 0.843202 
0.833339 0.833339 
0.818191 0.818191 
0.835546 0.835546 
0.839149 0.839149 
0.831164 0.831164 
0.843926 0.843926 
0.838129 0.838129 
0.849873 0.849873 
0.86642 0.86642 
0.886572 0.886572 
0.881185 0.881185 
0.89715 0.89715 
0.90854 0.90854 
0.931333 0.931333 
0.929095 0.929095 
0.966272 0.966272 
0.981176 0.981176 
1.02215 1.02215 
1.06608 1.06608 
1.10028 1.10028 
1.14122 1.14122 
1.16183 1.16183 
1.20243 1.20243 
1.21387 1.21387 
1.22721 1.22721 
1.22289 1.22289 
1.27094 1.27094 
1.23651 1.23651 
1.25788 1.25788 
1.25428 1.25428 
1.24072 1.24072 
1.22448 1.22448 
1.21476 1.21476 
1.19382 1.19382 
1.18468 1.18468 
1.194 1.194 
1.21535 1.21535 
1.22407 1.22407 
1.22319 1.22319 
1.2268 1.2268 
1.21538 1.21538 
1.21589 1.21589 
1.20939 1.20939 
1.20469 1.20469 
1.21396 1.21396 
1.18001 1.18001 
1.18375 1.18375 
1.18337 1.18337 
1.19215 1.19215 
1.18537 1.18537 
1.20961 1.20961 
1.22463 1.22463 
1.20625 1.20625 
1.22037 1.22037 
1.227 1.227 
1.22092 1.22092 
1.21611 1.21611 
1.19763 1.19763 
1.1888 1.1888 
1.20558 1.20558 
1.2026 1.2026 
1.20807 1.20807 
1.20021 1.20021 
1.18966 1.18966 
1.19445 1.19445 
1.20663 1.20663 
1.19022 1.19022 
1.18231 1.18231 
1.16516 1.16516 
1.1396 1.1396 
1.12441 1.12441 
1.10952 1.10952 
1.09072 1.09072 
1.05885 1.05885 
1.03533 1.03533 
1.04235 1.04235 
1.00425 1.00425 
0.976929 0.976929 
0.940643 0.940643 
0.938446 0.938446 
0.951024 0.951024 
0.93456 0.93456 


14.4878 0.656403 
14.3241 0.648989 
14.128 0.640104 
13.8613 0.62802 
13.4848 0.610963 
13.326 0.603766 
13.315 0.603268 
13.2075 0.598399 
13.1356 0.595138 
13.0033 0.589147 
13.1713 0.596759 
12.9648 0.587402 
12.9534 0.586883 
13.0275 0.590242 
12.8751 0.583337 
12.6411 0.572734 
12.9092 0.584882 
12.9648 0.587404 
12.8415 0.581815 
13.0387 0.590748 
12.9491 0.58669 
13.1305 0.594911 
13.3862 0.606494 
13.6975 0.620601 
13.6143 0.616829 
13.861 0.628005 
14.0369 0.635978 
14.3891 0.651933 
14.3545 0.650366 
14.9289 0.676391 
15.1592 0.686823 
15.7923 0.715508 
16.4709 0.746256 
16.9994 0.770198 
17.6319 0.798857 
17.9503 0.813283 
18.5776 0.841704 
18.7543 0.849712 
18.9605 0.85905 
18.8936 0.856022 
19.636 0.889656 
19.1041 0.865558 
19.4342 0.880513 
19.3785 0.877992 
19.1691 0.868505 
18.9182 0.857133 
18.768 0.85033 
18.4446 0.835676 
18.3032 0.829273 
18.4474 0.835803 
18.7772 0.850745 
18.9119 0.856851 
18.8982 0.856229 
18.9541 0.858761 
18.7777 0.850768 
18.7855 0.851123 
18.6851 0.846574 
18.6125 0.843286 
18.7557 0.849774 
18.2312 0.826009 
18.2889 0.828625 
18.2831 0.828362 
18.4187 0.834503 
18.314 0.829759 
18.6885 0.846729 
18.9205 0.85724 
18.6365 0.844374 
18.8547 0.854259 
18.9571 0.858899 
18.8631 0.85464 
18.7889 0.851277 
18.5034 0.838344 
18.367 0.832163 
18.6261 0.843903 
18.5802 0.841823 
18.6647 0.84565 
18.5433 0.840148 
18.3802 0.832759 
18.4543 0.836115 
18.6424 0.84464 
18.389 0.833157 
18.2667 0.827617 
18.0017 0.81561 
17.6068 0.797717 
17.3721 0.787084 
17.142 0.776661 
16.8516 0.763503 
16.3592 0.741192 
15.9959 0.724732 
16.1043 0.729647 
15.5157 0.702975 
15.0935 0.68385 
14.5329 0.65845 
14.499 0.656912 
14.6933 0.665717 
14.439 0.654192 


8.63639 1.47222 
8.53884 1.45559 
8.42193 1.43566 
8.26295 1.40856 
8.03852 1.3703 
7.94383 1.35416 
7.93728 1.35304 
7.87323 1.34212 
7.83032 1.33481 
7.75149 1.32137 
7.85164 1.33844 
7.72853 1.31746 
7.72171 1.3163 
7.7659 1.32383 
7.67505 1.30834 
7.53554 1.28456 
7.69538 1.31181 
7.72856 1.31746 
7.65502 1.30493 
7.77256 1.32496 
7.71917 1.31586 
7.82733 1.3343 
7.97973 1.36028 
8.16533 1.39192 
8.11571 1.38346 
8.26275 1.40853 
8.36765 1.42641 
8.57757 1.46219 
8.55696 1.45868 
8.89937 1.51705 
9.03663 1.54045 
9.41404 1.60478 
9.8186 1.67375 
10.1336 1.72744 
10.5107 1.79172 
10.7005 1.82408 
11.0744 1.88782 
11.1798 1.90578 
11.3027 1.92673 
11.2628 1.91994 
11.7053 1.99537 
11.3883 1.94132 
11.585 1.97486 
11.5519 1.96921 
11.427 1.94793 
11.2774 1.92243 
11.1879 1.90717 
10.9951 1.8743 
10.9109 1.85994 
10.9968 1.87459 
11.1934 1.9081 
11.2737 1.92179 
11.2655 1.9204 
11.2988 1.92608 
11.1937 1.90815 
11.1983 1.90895 
11.1385 1.89874 
11.0952 1.89137 
11.1806 1.90592 
10.8679 1.85262 
10.9023 1.85849 
10.8989 1.8579 
10.9797 1.87167 
10.9173 1.86103 
11.1405 1.89909 
11.2788 1.92267 
11.1096 1.89381 
11.2396 1.91598 
11.3007 1.92639 
11.2446 1.91684 
11.2004 1.90929 
11.0302 1.88028 
10.9489 1.86642 
11.1033 1.89275 
11.076 1.88809 
11.1263 1.89667 
11.0539 1.88433 
10.9567 1.86776 
11.0009 1.87529 
11.1131 1.89441 
10.962 1.86865 
10.8891 1.85623 
10.7311 1.8293 
10.4957 1.78917 
10.3558 1.76532 
10.2186 1.74194 
10.0455 1.71243 
9.75196 1.66239 
9.5354 1.62547 
9.60007 1.63649 
9.24914 1.57667 
8.99751 1.53378 
8.66332 1.47681 
8.64309 1.47336 
8.75893 1.49311 
8.6073 1.46726 


8.63639 1.47222 
8.53884 1.45559 
8.42193 1.43566 
8.26295 1.40856 
8.03852 1.3703 
7.94383 1.35416 
7.93728 1.35304 
7.87323 1.34212 
7.83032 1.33481 
7.75149 1.32137 
7.85164 1.33844 
7.72853 1.31746 
7.72171 1.3163 
7.7659 1.32383 
7.67505 1.30834 
7.53554 1.28456 
7.69538 1.31181 
7.72856 1.31746 
7.65502 1.30493 
7.77256 1.32496 
7.71917 1.31586 
7.82733 1.3343 
7.97973 1.36028 
8.16533 1.39192 
8.11571 1.38346 
8.26275 1.40853 
8.36765 1.42641 
8.57757 1.46219 
8.55696 1.45868 
8.89937 1.51705 
9.03663 1.54045 
9.41404 1.60478 
9.8186 1.67375 
10.1336 1.72744 
10.5107 1.79172 
10.7005 1.82408 
11.0744 1.88782 
11.1798 1.90578 
11.3027 1.92673 
11.2628 1.91994 
11.7053 1.99537 
11.3883 1.94132 
11.585 1.97486 
11.5519 1.96921 
11.427 1.94793 
11.2774 1.92243 
11.1879 1.90717 
10.9951 1.8743 
10.9109 1.85994 
10.9968 1.87459 
11.1934 1.9081 
11.2737 1.92179 
11.2655 1.9204 
11.2988 1.92608 
11.1937 1.90815 
11.1983 1.90895 
11.1385 1.89874 
11.0952 1.89137 
11.1806 1.90592 
10.8679 1.85262 
10.9023 1.85849 
10.8989 1.8579 
10.9797 1.87167 
10.9173 1.86103 
11.1405 1.89909 
11.2788 1.92267 
11.1096 1.89381 
11.2396 1.91598 
11.3007 1.92639 
11.2446 1.91684 
11.2004 1.90929 
11.0302 1.88028 
10.9489 1.86642 
11.1033 1.89275 
11.076 1.88809 
11.1263 1.89667 
11.0539 1.88433 
10.9567 1.86776 
11.0009 1.87529 
11.1131 1.89441 
10.962 1.86865 
10.8891 1.85623 
10.7311 1.8293 
10.4957 1.78917 
10.3558 1.76532 
10.2186 1.74194 
10.0455 1.71243 
9.75196 1.66239 
9.5354 1.62547 
9.60007 1.63649 
9.24914 1.57667 
8.99751 1.53378 
8.66332 1.47681 
8.64309 1.47336 
8.75893 1.49311 
8.6073 1.46726 


14.6941 2.07236 
14.5281 2.04895 
14.3292 2.0209 
14.0587 1.98275 
13.6768 1.9289 
13.5157 1.90617 
13.5046 1.9046 
13.3956 1.88923 
13.3226 1.87894 
13.1885 1.86002 
13.3589 1.88405 
13.1494 1.85451 
13.1378 1.85288 
13.213 1.86348 
13.0584 1.84168 
12.8211 1.8082 
13.093 1.84656 
13.1495 1.85452 
13.0243 1.83687 
13.2243 1.86508 
13.1335 1.85226 
13.3175 1.87822 
13.5768 1.91479 
13.8926 1.95933 
13.8082 1.94742 
14.0583 1.9827 
14.2368 2.00787 
14.594 2.05824 
14.5589 2.0533 
15.1415 2.13546 
15.375 2.1684 
16.0171 2.25896 
16.7055 2.35604 
17.2414 2.43162 
17.883 2.5221 
18.2059 2.56765 
18.8421 2.65738 
19.0214 2.68266 
19.2305 2.71215 
19.1627 2.70258 
19.9156 2.80877 
19.3761 2.73269 
19.7109 2.7799 
19.6545 2.77195 
19.4421 2.74199 
19.1875 2.70609 
19.0353 2.68461 
18.7072 2.63835 
18.5639 2.61813 
18.71 2.63875 
19.0445 2.68592 
19.1812 2.7052 
19.1673 2.70324 
19.224 2.71123 
19.045 2.686 
19.053 2.68712 
18.9512 2.67275 
18.8776 2.66237 
19.0228 2.68286 
18.4908 2.60783 
18.5494 2.61609 
18.5435 2.61526 
18.681 2.63465 
18.5747 2.61967 
18.9546 2.67324 
19.1899 2.70643 
18.9019 2.66581 
19.1232 2.69702 
19.2271 2.71167 
19.1317 2.69822 
19.0564 2.6876 
18.7669 2.64677 
18.6286 2.62726 
18.8914 2.66432 
18.8448 2.65776 
18.9305 2.66984 
18.8073 2.65247 
18.6419 2.62914 
18.717 2.63973 
18.9079 2.66665 
18.6508 2.63039 
18.5268 2.61291 
18.258 2.575 
17.8575 2.51851 
17.6194 2.48494 
17.3861 2.45203 
17.0916 2.41049 
16.5921 2.34005 
16.2236 2.28808 
16.3337 2.3036 
15.7366 2.21939 
15.3085 2.15901 
14.7399 2.07882 
14.7055 2.07397 
14.9025 2.10176 
14.6446 2.06538 


0.937719 0.937719 
0.927127 0.927127 
0.914434 0.914434 
0.897171 0.897171 
0.872804 0.872804 
0.862522 0.862522 
0.861811 0.861811 
0.854856 0.854856 
0.850198 0.850198 
0.841639 0.841639 
0.852513 0.852513 
0.839145 0.839145 
0.838405 0.838405 
0.843202 0.843202 
0.833339 0.833339 
0.818191 0.818191 
0.835546 0.835546 
0.839149 0.839149 
0.831164 0.831164 
0.843926 0.843926 
0.838129 0.838129 
0.849873 0.849873 
0.86642 0.86642 
0.886572 0.886572 
0.881185 0.881185 
0.89715 0.89715 
0.90854 0.90854 
0.931333 0.931333 
0.929095 0.929095 
0.966272 0.966272 
0.981176 0.981176 
1.02215 1.02215 
1.06608 1.06608 
1.10028 1.10028 
1.14122 1.14122 
1.16183 1.16183 
1.20243 1.20243 
1.21387 1.21387 
1.22721 1.22721 
1.22289 1.22289 
1.27094 1.27094 
1.23651 1.23651 
1.25788 1.25788 
1.25428 1.25428 
1.24072 1.24072 
1.22448 1.22448 
1.21476 1.21476 
1.19382 1.19382 
1.18468 1.18468 
1.194 1.194 
1.21535 1.21535 
1.22407 1.22407 
1.22319 1.22319 
1.2268 1.2268 
1.21538 1.21538 
1.21589 1.21589 
1.20939 1.20939 
1.20469 1.20469 
1.21396 1.21396 
1.18001 1.18001 
1.18375 1.18375 
1.18337 1.18337 
1.19215 1.19215 
1.18537 1.18537 
1.20961 1.20961 
1.22463 1.22463 
1.20625 1.20625 
1.22037 1.22037 
1.227 1.227 
1.22092 1.22092 
1.21611 1.21611 
1.19763 1.19763 
1.1888 1.1888 
1.20558 1.20558 
1.2026 1.2026 
1.20807 1.20807 
1.20021 1.20021 
1.18966 1.18966 
1.19445 1.19445 
1.20663 1.20663 
1.19022 1.19022 
1.18231 1.18231 
1.16516 1.16516 
1.1396 1.1396 
1.12441 1.12441 
1.10952 1.10952 
1.09072 1.09072 
1.05885 1.05885 
1.03533 1.03533 
1.04235 1.04235 
1.00425 1.00425 
0.976929 0.976929 
0.940643 0.940643 
0.938446 0.938446 
0.951024 0.951024 
0.93456 0.93456 


8.50511 1.74416 
8.40905 1.72446 
8.29391 1.70085 
8.13734 1.66874 
7.91633 1.62341 
7.82308 1.60429 
7.81663 1.60297 
7.75355 1.59003 
7.71129 1.58137 
7.63366 1.56545 
7.73229 1.58567 
7.61105 1.56081 
7.60433 1.55943 
7.64785 1.56836 
7.55838 1.55001 
7.42099 1.52184 
7.5784 1.55412 
7.61108 1.56082 
7.53866 1.54596 
7.65441 1.5697 
7.60183 1.55892 
7.70834 1.58076 
7.85843 1.61154 
8.04121 1.64902 
7.99235 1.639 
8.13715 1.6687 
8.24046 1.68988 
8.44719 1.73228 
8.42689 1.72812 
8.76409 1.79727 
8.89927 1.82499 
9.27093 1.90121 
9.66935 1.98291 
9.97956 2.04653 
10.3509 2.12268 
10.5378 2.16101 
10.9061 2.23653 
11.0098 2.25781 
11.1308 2.28262 
11.0916 2.27457 
11.5274 2.36394 
11.2152 2.29991 
11.4089 2.33965 
11.3763 2.33295 
11.2533 2.30774 
11.106 2.27753 
11.0179 2.25945 
10.828 2.22051 
10.745 2.2035 
10.8296 2.22085 
11.0232 2.26055 
11.1023 2.27677 
11.0943 2.27512 
11.1271 2.28185 
11.0235 2.26061 
11.0281 2.26156 
10.9692 2.24947 
10.9266 2.24073 
11.0106 2.25797 
10.7027 2.19482 
10.7366 2.20178 
10.7332 2.20108 
10.8128 2.21739 
10.7513 2.20479 
10.9712 2.24988 
11.1074 2.27781 
10.9407 2.24362 
11.0688 2.26989 
11.1289 2.28222 
11.0737 2.2709 
11.0301 2.26196 
10.8625 2.2276 
10.7825 2.21117 
10.9346 2.24237 
10.9076 2.23685 
10.9572 2.24701 
10.8859 2.23239 
10.7902 2.21276 
10.8337 2.22168 
10.9441 2.24433 
10.7953 2.21382 
10.7236 2.1991 
10.568 2.16719 
10.3361 2.11965 
10.1984 2.09139 
10.0633 2.0637 
9.89282 2.02874 
9.60372 1.96945 
9.39045 1.92572 
9.45414 1.93878 
9.10855 1.86791 
8.86074 1.81709 
8.53163 1.7496 
8.51171 1.74551 
8.62579 1.7689 
8.47646 1.73828 


0.937719 0.937719 
0.927127 0.927127 
0.914434 0.914434 
0.897171 0.897171 
0.872804 0.872804 
0.862522 0.862522 
0.861811 0.861811 
0.854856 0.854856 
0.850198 0.850198 
0.841639 0.841639 
0.852513 0.852513 
0.839145 0.839145 
0.838405 0.838405 
0.843202 0.843202 
0.833339 0.833339 
0.818191 0.818191 
0.835546 0.835546 
0.839149 0.839149 
0.831164 0.831164 
0.843926 0.843926 
0.838129 0.838129 
0.849873 0.849873 
0.86642 0.86642 
0.886572 0.886572 
0.881185 0.881185 
0.89715 0.89715 
0.90854 0.90854 
0.931333 0.931333 
0.929095 0.929095 
0.966272 0.966272 
0.981176 0.981176 
1.02215 1.02215 
1.06608 1.06608 
1.10028 1.10028 
1.14122 1.14122 
1.16183 1.16183 
1.20243 1.20243 
1.21387 1.21387 
1.22721 1.22721 
1.22289 1.22289 
1.27094 1.27094 
1.23651 1.23651 
1.25788 1.25788 
1.25428 1.25428 
1.24072 1.24072 
1.22448 1.22448 
1.21476 1.21476 
1.19382 1.19382 
1.18468 1.18468 
1.194 1.194 
1.21535 1.21535 
1.22407 1.22407 
1.22319 1.22319 
1.2268 1.2268 
1.21538 1.21538 
1.21589 1.21589 
1.20939 1.20939 
1.20469 1.20469 
1.21396 1.21396 
1.18001 1.18001 
1.18375 1.18375 
1.18337 1.18337 
1.19215 1.19215 
1.18537 1.18537 
1.20961 1.20961 
1.22463 1.22463 
1.20625 1.20625 
1.22037 1.22037 
1.227 1.227 
1.22092 1.22092 
1.21611 1.21611 
1.19763 1.19763 
1.1888 1.1888 
1.20558 1.20558 
1.2026 1.2026 
1.20807 1.20807 
1.20021 1.20021 
1.18966 1.18966 
1.19445 1.19445 
1.20663 1.20663 
1.19022 1.19022 
1.18231 1.18231 
1.16516 1.16516 
1.1396 1.1396 
1.12441 1.12441 
1.10952 1.10952 
1.09072 1.09072 
1.05885 1.05885 
1.03533 1.03533 
1.04235 1.04235 
1.00425 1.00425 
0.976929 0.976929 
0.940643 0.940643 
0.938446 0.938446 
0.951024 0.951024 
0.93456 0.93456 


14.4878 0.656403 
14.3241 0.648989 
14.128 0.640104 
13.8613 0.62802 
13.4848 0.610963 
13.326 0.603766 
13.315 0.603268 
13.2075 0.598399 
13.1356 0.595138 
13.0033 0.589147 
13.1713 0.596759 
12.9648 0.587402 
12.9534 0.586883 
13.0275 0.590242 
12.8751 0.583337 
12.6411 0.572734 
12.9092 0.584882 
12.9648 0.587404 
12.8415 0.581815 
13.0387 0.590748 
12.9491 0.58669 
13.1305 0.594911 
13.3862 0.606494 
13.6975 0.620601 
13.6143 0.616829 
13.861 0.628005 
14.0369 0.635978 
14.3891 0.651933 
14.3545 0.650366 
14.9289 0.676391 
15.1592 0.686823 
15.7923 0.715508 
16.4709 0.746256 
16.9994 0.770198 
17.6319 0.798857 
17.9503 0.813283 
18.5776 0.841704 
18.7543 0.849712 
18.9605 0.85905 
18.8936 0.856022 
19.636 0.889656 
19.1041 0.865558 
19.4342 0.880513 
19.3785 0.877992 
19.1691 0.868505 
18.9182 0.857133 
18.768 0.85033 
18.4446 0.835676 
18.3032 0.829273 
18.4474 0.835803 
18.7772 0.850745 
18.9119 0.856851 
18.8982 0.856229 
18.9541 0.858761 
18.7777 0.850768 
18.7855 0.851123 
18.6851 0.846574 
18.6125 0.843286 
18.7557 0.849774 
18.2312 0.826009 
18.2889 0.828625 
18.2831 0.828362 
18.4187 0.834503 
18.314 0.829759 
18.6885 0.846729 
18.9205 0.85724 
18.6365 0.844374 
18.8547 0.854259 
18.9571 0.858899 
18.8631 0.85464 
18.7889 0.851277 
18.5034 0.838344 
18.367 0.832163 
18.6261 0.843903 
18.5802 0.841823 
18.6647 0.84565 
18.5433 0.840148 
18.3802 0.832759 
18.4543 0.836115 
18.6424 0.84464 
18.389 0.833157 
18.2667 0.827617 
18.0017 0.81561 
17.6068 0.797717 
17.3721 0.787084 
17.142 0.776661 
16.8516 0.763503 
16.3592 0.741192 
15.9959 0.724732 
16.1043 0.729647 
15.5157 0.702975 
15.0935 0.68385 
14.5329 0.65845 
14.499 0.656912 
14.6933 0.665717 
14.439 0.654192 


8.50511 1.74416 
8.40905 1.72446 
8.29391 1.70085 
8.13734 1.66874 
7.91633 1.62341 
7.82308 1.60429 
7.81663 1.60297 
7.75355 1.59003 
7.71129 1.58137 
7.63366 1.56545 
7.73229 1.58567 
7.61105 1.56081 
7.60433 1.55943 
7.64785 1.56836 
7.55838 1.55001 
7.42099 1.52184 
7.5784 1.55412 
7.61108 1.56082 
7.53866 1.54596 
7.65441 1.5697 
7.60183 1.55892 
7.70834 1.58076 
7.85843 1.61154 
8.04121 1.64902 
7.99235 1.639 
8.13715 1.6687 
8.24046 1.68988 
8.44719 1.73228 
8.42689 1.72812 
8.76409 1.79727 
8.89927 1.82499 
9.27093 1.90121 
9.66935 1.98291 
9.97956 2.04653 
10.3509 2.12268 
10.5378 2.16101 
10.9061 2.23653 
11.0098 2.25781 
11.1308 2.28262 
11.0916 2.27457 
11.5274 2.36394 
11.2152 2.29991 
11.4089 2.33965 
11.3763 2.33295 
11.2533 2.30774 
11.106 2.27753 
11.0179 2.25945 
10.828 2.22051 
10.745 2.2035 
10.8296 2.22085 
11.0232 2.26055 
11.1023 2.27677 
11.0943 2.27512 
11.1271 2.28185 
11.0235 2.26061 
11.0281 2.26156 
10.9692 2.24947 
10.9266 2.24073 
11.0106 2.25797 
10.7027 2.19482 
10.7366 2.20178 
10.7332 2.20108 
10.8128 2.21739 
10.7513 2.20479 
10.9712 2.24988 
11.1074 2.27781 
10.9407 2.24362 
11.0688 2.26989 
11.1289 2.28222 
11.0737 2.2709 
11.0301 2.26196 
10.8625 2.2276 
10.7825 2.21117 
10.9346 2.24237 
10.9076 2.23685 
10.9572 2.24701 
10.8859 2.23239 
10.7902 2.21276 
10.8337 2.22168 
10.9441 2.24433 
10.7953 2.21382 
10.7236 2.1991 
10.568 2.16719 
10.3361 2.11965 
10.1984 2.09139 
10.0633 2.0637 
9.89282 2.02874 
9.60372 1.96945 
9.39045 1.92572 
9.45414 1.93878 
9.10855 1.86791 
8.86074 1.81709 
8.53163 1.7496 
8.51171 1.74551 
8.62579 1.7689 
8.47646 1.73828 


24.2588 5.97327 
23.9848 5.9058 
23.6564 5.82494 
23.2098 5.71498 
22.5794 5.55976 
22.3135 5.49427 
22.2951 5.48974 
22.1151 5.44543 
21.9946 5.41576 
21.7732 5.36124 
22.0545 5.4305 
21.7087 5.34535 
21.6895 5.34064 
21.8136 5.3712 
21.5585 5.30837 
21.1666 5.21188 
21.6156 5.32243 
21.7088 5.34538 
21.5022 5.29451 
21.8324 5.37581 
21.6824 5.33888 
21.9862 5.41369 
22.4143 5.5191 
22.9356 5.64747 
22.7963 5.61315 
23.2093 5.71485 
23.5039 5.7874 
24.0936 5.93259 
24.0357 5.91834 
24.9975 6.15516 
25.383 6.25009 
26.4431 6.51112 
27.5795 6.79093 
28.4643 7.0088 
29.5235 7.2696 
30.0566 7.40087 
31.107 7.6595 
31.4029 7.73238 
31.7481 7.81736 
31.6361 7.7898 
32.8792 8.09587 
31.9885 7.87658 
32.5412 8.01266 
32.4481 7.98973 
32.0975 7.90339 
31.6772 7.79991 
31.4258 7.73801 
30.8842 7.60465 
30.6476 7.54639 
30.8889 7.6058 
31.4411 7.74178 
31.6668 7.79734 
31.6438 7.79169 
31.7373 7.81472 
31.4419 7.74199 
31.4551 7.74522 
31.287 7.70382 
31.1654 7.6739 
31.4052 7.73294 
30.5269 7.51668 
30.6236 7.54049 
30.6139 7.53809 
30.8409 7.59398 
30.6655 7.55081 
31.2927 7.70523 
31.6811 7.80089 
31.2057 7.6838 
31.571 7.77376 
31.7425 7.81598 
31.5851 7.77723 
31.4608 7.74662 
30.9828 7.62893 
30.7544 7.57268 
31.1882 7.67951 
31.1114 7.66059 
31.2528 7.69541 
31.0495 7.64535 
30.7764 7.57811 
30.9004 7.60865 
31.2155 7.68623 
30.7911 7.58173 
30.5864 7.53131 
30.1426 7.42205 
29.4814 7.25923 
29.0884 7.16246 
28.7032 7.06762 
28.2169 6.94788 
27.3923 6.74484 
26.784 6.59506 
26.9657 6.63979 
25.9799 6.39707 
25.2731 6.22304 
24.3344 5.99189 
24.2776 5.9779 
24.603 6.05802 
24.1771 5.95315 


