1.04994  1.04994  1.04994  1.04726  1.04726  1.04726  1.04726  1.04358  1.04358  1.04358  1.04358  1.04024  1.04024  1.04024  1.04024  1.04024  1.04024  1.04024  1.04024  1.03956  1.03956  1.03956  1.03956  1.0427  1.0427  1.0427  1.0427  1.04874  1.04874  1.04874  1.04874  1.05626  1.05626  1.05626  1.05626  1.06746  1.06746  1.06746  1.06746  1.07807  1.07807  1.07807  1.07807  1.09786  1.09786  1.09786  1.09786  1.10124  1.10124  1.10124  1.10124  1.10382  1.10382  1.10382  1.10382  1.10658  1.10658  1.10658  1.10658  1.1077  1.16308  1.16308  1.16308  1.16437  1.16437  1.22258  1.22258  1.21563  1.21563  1.21563  1.21563  1.19778  1.19778  1.19778  1.14074  1.12638  1.12638  1.12638  1.12638  1.0705  1.0705  1.0705  1.0705  1.06934  1.06934  1.06934  1.06934  1.0634  1.0634  1.0634  1.0634  1.05782  1.05782  1.05782  1.05782  1.05782  

1.04994  1.04994  1.04994  1.04726  1.04726  1.04726  1.04726  1.04358  1.04358  1.04358  1.04358  1.04024  1.04024  1.04024  1.04024  1.04024  1.04024  1.04024  1.04024  1.03956  1.03956  1.03956  1.03956  1.0427  1.0427  1.0427  1.0427  1.04874  1.04874  1.04874  1.04874  1.05626  1.05626  1.05626  1.05626  1.06746  1.06746  1.06746  1.06746  1.07807  1.07807  1.07807  1.07807  1.09786  1.09786  1.09786  1.09786  1.10124  1.10124  1.10124  1.10124  1.10382  1.10382  1.10382  1.10382  1.10658  1.10658  1.10658  1.10658  1.1077  1.16308  1.16308  1.16308  1.16437  1.16437  1.22258  1.22258  1.21563  1.21563  1.21563  1.21563  1.19778  1.19778  1.19778  1.14074  1.12638  1.12638  1.12638  1.12638  1.0705  1.0705  1.0705  1.0705  1.06934  1.06934  1.06934  1.06934  1.0634  1.0634  1.0634  1.0634  1.05782  1.05782  1.05782  1.05782  1.05782  

1.04994  1.04994  1.04994  1.04726  1.04726  1.04726  1.04726  1.04358  1.04358  1.04358  1.04358  1.04024  1.04024  1.04024  1.04024  1.04024  1.04024  1.04024  1.04024  1.03956  1.03956  1.03956  1.03956  1.0427  1.0427  1.0427  1.0427  1.04874  1.04874  1.04874  1.04874  1.05626  1.05626  1.05626  1.05626  1.06746  1.06746  1.06746  1.06746  1.07807  1.07807  1.07807  1.07807  1.09786  1.09786  1.09786  1.09786  1.10124  1.10124  1.10124  1.10124  1.10382  1.10382  1.10382  1.10382  1.10658  1.10658  1.10658  1.10658  1.1077  1.16308  1.16308  1.16308  1.16437  1.16437  1.22258  1.22258  1.21563  1.21563  1.21563  1.21563  1.19778  1.19778  1.19778  1.14074  1.12638  1.12638  1.12638  1.12638  1.0705  1.0705  1.0705  1.0705  1.06934  1.06934  1.06934  1.06934  1.0634  1.0634  1.0634  1.0634  1.05782  1.05782  1.05782  1.05782  1.05782  

1.04994  1.04994  1.04994  1.04726  1.04726  1.04726  1.04726  1.04358  1.04358  1.04358  1.04358  1.04024  1.04024  1.04024  1.04024  1.04024  1.04024  1.04024  1.04024  1.03956  1.03956  1.03956  1.03956  1.0427  1.0427  1.0427  1.0427  1.04874  1.04874  1.04874  1.04874  1.05626  1.05626  1.05626  1.05626  1.06746  1.06746  1.06746  1.06746  1.07807  1.07807  1.07807  1.07807  1.09786  1.09786  1.09786  1.09786  1.10124  1.10124  1.10124  1.10124  1.10382  1.10382  1.10382  1.10382  1.10658  1.10658  1.10658  1.10658  1.1077  1.16308  1.16308  1.16308  1.16437  1.16437  1.22258  1.22258  1.21563  1.21563  1.21563  1.21563  1.19778  1.19778  1.19778  1.14074  1.12638  1.12638  1.12638  1.12638  1.0705  1.0705  1.0705  1.0705  1.06934  1.06934  1.06934  1.06934  1.0634  1.0634  1.0634  1.0634  1.05782  1.05782  1.05782  1.05782  1.05782  

1.04994  1.04994  1.04994  1.04726  1.04726  1.04726  1.04726  1.04358  1.04358  1.04358  1.04358  1.04024  1.04024  1.04024  1.04024  1.04024  1.04024  1.04024  1.04024  1.03956  1.03956  1.03956  1.03956  1.0427  1.0427  1.0427  1.0427  1.04874  1.04874  1.04874  1.04874  1.05626  1.05626  1.05626  1.05626  1.06746  1.06746  1.06746  1.06746  1.07807  1.07807  1.07807  1.07807  1.09786  1.09786  1.09786  1.09786  1.20248  1.20248  1.20248  1.20248  1.20764  1.20764  1.20764  1.20764  1.21316  1.21316  1.21316  1.21316  1.2154  1.27617  1.27617  1.27617  1.27873  1.27873  1.34267  1.34267  1.32876  1.32876  1.32876  1.32876  1.29306  1.29306  1.29306  1.23148  1.20275  1.20275  1.20275  1.20275  1.141  1.0705  1.0705  1.0705  1.06934  1.06934  1.06934  1.06934  1.0634  1.0634  1.0634  1.0634  1.05782  1.05782  1.05782  1.05782  1.05782  

1.04994  1.04994  1.04994  1.04726  1.04726  1.04726  1.04726  1.04358  1.04358  1.04358  1.04358  1.04024  1.04024  1.04024  1.04024  1.04024  1.04024  1.04024  1.04024  1.03956  1.03956  1.03956  1.03956  1.0427  1.0427  1.0427  1.0427  1.04874  1.04874  1.04874  1.04874  1.05626  1.05626  1.05626  1.05626  1.06746  1.06746  1.06746  1.06746  1.07807  1.07807  1.07807  1.07807  1.09786  1.09786  1.09786  1.09786  1.10124  1.10124  1.10124  1.10124  1.10382  1.10382  1.10382  1.10382  1.10658  1.10658  1.10658  1.10658  1.1077  1.16308  1.16308  1.16308  1.16437  1.16437  1.22258  1.22258  1.21563  1.21563  1.21563  1.21563  1.19778  1.19778  1.19778  1.14074  1.12638  1.12638  1.12638  1.12638  1.0705  1.0705  1.0705  1.0705  1.06934  1.06934  1.06934  1.06934  1.0634  1.0634  1.0634  1.0634  1.05782  1.05782  1.05782  1.05782  1.05782  

1.04994  1.04994  1.04994  1.04726  1.04726  1.04726  1.04726  1.04358  1.04358  1.04358  1.04358  1.04024  1.04024  1.04024  1.04024  1.04024  1.04024  1.04024  1.04024  1.03956  1.03956  1.03956  1.03956  1.0427  1.0427  1.0427  1.0427  1.04874  1.04874  1.04874  1.04874  1.05626  1.05626  1.05626  1.05626  1.06746  1.06746  1.06746  1.06746  1.07807  1.07807  1.07807  1.07807  1.09786  1.09786  1.09786  1.09786  1.10124  1.10124  1.10124  1.10124  1.10382  1.10382  1.10382  1.10382  1.10658  1.10658  1.10658  1.10658  1.1077  1.16308  1.16308  1.16308  1.16437  1.16437  1.22258  1.22258  1.21563  1.21563  1.21563  1.21563  1.19778  1.19778  1.19778  1.14074  1.12638  1.12638  1.12638  1.12638  1.0705  1.0705  1.0705  1.0705  1.06934  1.06934  1.06934  1.06934  1.0634  1.0634  1.0634  1.0634  1.05782  1.05782  1.05782  1.05782  1.05782  

1.04994  1.04994  1.04994  1.04726  1.04726  1.04726  1.04726  1.04358  1.04358  1.04358  1.04358  1.04024  1.04024  1.04024  1.04024  1.04024  1.04024  1.04024  1.04024  1.03956  1.03956  1.03956  1.03956  1.0427  1.0427  1.0427  1.0427  1.04874  1.04874  1.04874  1.04874  1.05626  1.05626  1.05626  1.05626  1.06746  1.06746  1.06746  1.06746  1.07807  1.07807  1.07807  1.07807  1.09786  1.09786  1.09786  1.09786  1.10124  1.10124  1.10124  1.10124  1.10382  1.10382  1.10382  1.10382  1.10658  1.10658  1.10658  1.10658  1.1077  1.16308  1.16308  1.16308  1.16437  1.16437  1.22258  1.22258  1.21563  1.21563  1.21563  1.21563  1.19778  1.19778  1.19778  1.14074  1.12638  1.12638  1.12638  1.12638  1.0705  1.0705  1.0705  1.0705  1.06934  1.06934  1.06934  1.06934  1.0634  1.0634  1.0634  1.0634  1.05782  1.05782  1.05782  1.05782  1.05782  

1.04994  1.04994  1.04994  1.04726  1.04726  1.04726  1.04726  1.04358  1.04358  1.04358  1.04358  1.04024  1.04024  1.04024  1.04024  1.04024  1.04024  1.04024  1.04024  1.03956  1.03956  1.03956  1.03956  1.0427  1.0427  1.0427  1.0427  1.04874  1.04874  1.04874  1.04874  1.05626  1.05626  1.05626  1.05626  1.06746  1.06746  1.06746  1.06746  1.07807  1.07807  1.07807  1.07807  1.09786  1.09786  1.09786  1.09786  1.10124  1.10124  1.10124  1.10124  1.10382  1.10382  1.10382  1.10382  1.10658  1.10658  1.10658  1.10658  1.1077  1.16308  1.16308  1.16308  1.16437  1.16437  1.22258  1.22258  1.21563  1.21563  1.21563  1.21563  1.19778  1.19778  1.19778  1.14074  1.12638  1.12638  1.12638  1.12638  1.0705  1.0705  1.0705  1.0705  1.06934  1.06934  1.06934  1.06934  1.0634  1.0634  1.0634  1.0634  1.05782  1.05782  1.05782  1.05782  1.05782  

1.04994  1.04994  1.04994  1.04726  1.04726  1.04726  1.04726  1.04358  1.04358  1.04358  1.04358  1.04024  1.04024  1.04024  1.04024  1.04024  1.04024  1.04024  1.04024  1.03956  1.03956  1.03956  1.03956  1.0427  1.0427  1.0427  1.0427  1.04874  1.04874  1.04874  1.04874  1.05626  1.05626  1.05626  1.05626  1.06746  1.06746  1.06746  1.06746  1.07807  1.07807  1.07807  1.07807  1.09786  1.09786  1.09786  1.09786  1.10124  1.10124  1.10124  1.10124  1.10382  1.10382  1.10382  1.10382  1.10658  1.10658  1.10658  1.10658  1.1077  1.16308  1.16308  1.16308  1.16437  1.16437  1.22258  1.22258  1.21563  1.21563  1.21563  1.21563  1.19778  1.19778  1.19778  1.14074  1.12638  1.12638  1.12638  1.12638  1.0705  1.0705  1.0705  1.0705  1.06934  1.06934  1.06934  1.06934  1.0634  1.0634  1.0634  1.0634  1.05782  1.05782  1.05782  1.05782  1.05782  

1.04994  1.04994  1.04994  1.04726  1.04726  1.04726  1.04726  1.04358  1.04358  1.04358  1.04358  1.04024  1.04024  1.04024  1.04024  1.04024  1.04024  1.04024  1.04024  1.03956  1.03956  1.03956  1.03956  1.0427  1.0427  1.0427  1.0427  1.04874  1.04874  1.04874  1.04874  1.05626  1.05626  1.05626  1.05626  1.06746  1.06746  1.06746  1.06746  1.07807  1.07807  1.07807  1.07807  1.09786  1.09786  1.09786  1.09786  1.10124  1.10124  1.10124  1.10124  1.10382  1.10382  1.10382  1.10382  1.10658  1.10658  1.10658  1.10658  1.1077  1.16308  1.16308  1.16308  1.16437  1.16437  1.22258  1.22258  1.21563  1.21563  1.21563  1.21563  1.19778  1.19778  1.19778  1.14074  1.12638  1.12638  1.12638  1.12638  1.0705  1.0705  1.0705  1.0705  1.06934  1.06934  1.06934  1.06934  1.0634  1.0634  1.0634  1.0634  1.05782  1.05782  1.05782  1.05782  1.05782  

1.04994  1.04994  1.04994  1.04726  1.04726  1.04726  1.04726  1.04358  1.04358  1.04358  1.04358  1.04024  1.04024  1.04024  1.04024  1.04024  1.04024  1.04024  1.04024  1.03956  1.03956  1.03956  1.03956  1.0427  1.0427  1.0427  1.0427  1.04874  1.04874  1.04874  1.04874  1.05626  1.05626  1.05626  1.05626  1.06746  1.06746  1.06746  1.06746  1.07807  1.07807  1.07807  1.07807  1.09786  1.09786  1.09786  1.09786  1.10124  1.10124  1.10124  1.10124  1.10382  1.10382  1.10382  1.10382  1.10658  1.10658  1.10658  1.10658  1.1077  1.16308  1.16308  1.16308  1.16437  1.16437  1.22258  1.22258  1.21563  1.21563  1.21563  1.21563  1.19778  1.19778  1.19778  1.14074  1.12638  1.12638  1.12638  1.12638  1.0705  1.0705  1.0705  1.0705  1.06934  1.06934  1.06934  1.06934  1.0634  1.0634  1.0634  1.0634  1.05782  1.05782  1.05782  1.05782  1.05782  

1.04994  1.04994  1.04994  1.04726  1.04726  1.04726  1.04726  1.04358  1.04358  1.04358  1.04358  1.04024  1.04024  1.04024  1.04024  1.04024  1.04024  1.04024  1.04024  1.03956  1.03956  1.03956  1.03956  1.0427  1.0427  1.0427  1.0427  1.04874  1.04874  1.04874  1.04874  1.05626  1.05626  1.05626  1.05626  1.06746  1.06746  1.06746  1.06746  1.07807  1.07807  1.07807  1.07807  1.09786  1.09786  1.09786  1.09786  1.10124  1.10124  1.10124  1.10124  1.10382  1.10382  1.10382  1.10382  1.10658  1.10658  1.10658  1.10658  1.1077  1.16308  1.16308  1.16308  1.16437  1.16437  1.22258  1.22258  1.21563  1.21563  1.21563  1.21563  1.19778  1.19778  1.19778  1.14074  1.12638  1.12638  1.12638  1.12638  1.0705  1.0705  1.0705  1.0705  1.06934  1.06934  1.06934  1.06934  1.0634  1.0634  1.0634  1.0634  1.05782  1.05782  1.05782  1.05782  1.05782  

1.04994  1.04994  1.04994  1.04726  1.04726  1.04726  1.04726  1.04358  1.04358  1.04358  1.04358  1.04024  1.04024  1.04024  1.04024  1.04024  1.04024  1.04024  1.04024  1.03956  1.03956  1.03956  1.03956  1.0427  1.0427  1.0427  1.0427  1.04874  1.04874  1.04874  1.04874  1.05626  1.05626  1.05626  1.05626  1.06746  1.06746  1.06746  1.06746  1.07807  1.07807  1.07807  1.07807  1.09786  1.09786  1.09786  1.09786  1.10124  1.10124  1.10124  1.10124  1.10382  1.10382  1.10382  1.10382  1.10658  1.10658  1.10658  1.10658  1.1077  1.16308  1.16308  1.16308  1.16437  1.16437  1.22258  1.22258  1.21563  1.21563  1.21563  1.21563  1.19778  1.19778  1.19778  1.14074  1.12638  1.12638  1.12638  1.12638  1.0705  1.0705  1.0705  1.0705  1.06934  1.06934  1.06934  1.06934  1.0634  1.0634  1.0634  1.0634  1.05782  1.05782  1.05782  1.05782  1.05782  

1.04994  1.04994  1.04994  1.04726  1.04726  1.04726  1.04726  1.04358  1.04358  1.04358  1.04358  1.04024  1.04024  1.04024  1.04024  1.04024  1.04024  1.04024  1.04024  1.03956  1.03956  1.03956  1.03956  1.0427  1.0427  1.0427  1.0427  1.04874  1.04874  1.04874  1.04874  1.05626  1.05626  1.05626  1.05626  1.06746  1.06746  1.06746  1.06746  1.07807  1.07807  1.07807  1.07807  1.09786  1.09786  1.09786  1.09786  1.10124  1.10124  1.10124  1.10124  1.10382  1.10382  1.10382  1.10382  1.10658  1.10658  1.10658  1.10658  1.1077  1.16308  1.16308  1.16308  1.16437  1.16437  1.22258  1.22258  1.21563  1.21563  1.21563  1.21563  1.19778  1.19778  1.19778  1.14074  1.12638  1.12638  1.12638  1.12638  1.0705  1.0705  1.0705  1.0705  1.06934  1.06934  1.06934  1.06934  1.0634  1.0634  1.0634  1.0634  1.05782  1.05782  1.05782  1.05782  1.05782  

1.04994  1.04994  1.04994  1.04726  1.04726  1.04726  1.04726  1.04358  1.04358  1.04358  1.04358  1.04024  1.04024  1.04024  1.04024  1.04024  1.04024  1.04024  1.04024  1.03956  1.03956  1.03956  1.03956  1.0427  1.0427  1.0427  1.0427  1.04874  1.04874  1.04874  1.04874  1.05626  1.05626  1.05626  1.05626  1.06746  1.06746  1.06746  1.06746  1.07807  1.07807  1.07807  1.07807  1.09786  1.09786  1.09786  1.09786  1.20248  1.20248  1.20248  1.20248  1.20764  1.20764  1.20764  1.20764  1.21316  1.21316  1.21316  1.21316  1.2154  1.27617  1.27617  1.27617  1.27873  1.27873  1.34267  1.34267  1.32876  1.32876  1.32876  1.32876  1.29306  1.29306  1.29306  1.23148  1.20275  1.20275  1.20275  1.20275  1.141  1.0705  1.0705  1.0705  1.06934  1.06934  1.06934  1.06934  1.0634  1.0634  1.0634  1.0634  1.05782  1.05782  1.05782  1.05782  1.05782  

1.04994  1.04994  1.04994  1.04726  1.04726  1.04726  1.04726  1.04358  1.04358  1.04358  1.04358  1.04024  1.04024  1.04024  1.04024  1.04024  1.04024  1.04024  1.04024  1.03956  1.03956  1.03956  1.03956  1.0427  1.0427  1.0427  1.0427  1.04874  1.04874  1.04874  1.04874  1.05626  1.05626  1.05626  1.05626  1.06746  1.06746  1.06746  1.06746  1.07807  1.07807  1.07807  1.07807  1.09786  1.09786  1.09786  1.09786  1.10124  1.10124  1.10124  1.10124  1.10382  1.10382  1.10382  1.10382  1.10658  1.10658  1.10658  1.10658  1.1077  1.16308  1.16308  1.16308  1.16437  1.16437  1.22258  1.22258  1.21563  1.21563  1.21563  1.21563  1.19778  1.19778  1.19778  1.14074  1.12638  1.12638  1.12638  1.12638  1.0705  1.0705  1.0705  1.0705  1.06934  1.06934  1.06934  1.06934  1.0634  1.0634  1.0634  1.0634  1.05782  1.05782  1.05782  1.05782  1.05782  

1.04994  1.04994  1.04994  1.04726  1.04726  1.04726  1.04726  1.04358  1.04358  1.04358  1.04358  1.04024  1.04024  1.04024  1.04024  1.04024  1.04024  1.04024  1.04024  1.03956  1.03956  1.03956  1.03956  1.0427  1.0427  1.0427  1.0427  1.04874  1.04874  1.04874  1.04874  1.05626  1.05626  1.05626  1.05626  1.06746  1.06746  1.06746  1.06746  1.07807  1.07807  1.07807  1.07807  1.09786  1.09786  1.09786  1.09786  1.10124  1.10124  1.10124  1.10124  1.10382  1.10382  1.10382  1.10382  1.10658  1.10658  1.10658  1.10658  1.1077  1.16308  1.16308  1.16308  1.16437  1.16437  1.22258  1.22258  1.21563  1.21563  1.21563  1.21563  1.19778  1.19778  1.19778  1.14074  1.12638  1.12638  1.12638  1.12638  1.0705  1.0705  1.0705  1.0705  1.06934  1.06934  1.06934  1.06934  1.0634  1.0634  1.0634  1.0634  1.05782  1.05782  1.05782  1.05782  1.05782  

1.04994  1.04994  1.04994  1.04726  1.04726  1.04726  1.04726  1.04358  1.04358  1.04358  1.04358  1.04024  1.04024  1.04024  1.04024  1.04024  1.04024  1.04024  1.04024  1.03956  1.03956  1.03956  1.03956  1.0427  1.0427  1.0427  1.0427  1.04874  1.04874  1.04874  1.04874  1.05626  1.05626  1.05626  1.05626  1.06746  1.06746  1.06746  1.06746  1.07807  1.07807  1.07807  1.07807  1.09786  1.09786  1.09786  1.09786  1.10124  1.10124  1.10124  1.10124  1.10382  1.10382  1.10382  1.10382  1.10658  1.10658  1.10658  1.10658  1.1077  1.16308  1.16308  1.16308  1.16437  1.16437  1.22258  1.22258  1.21563  1.21563  1.21563  1.21563  1.19778  1.19778  1.19778  1.14074  1.12638  1.12638  1.12638  1.12638  1.0705  1.0705  1.0705  1.0705  1.06934  1.06934  1.06934  1.06934  1.0634  1.0634  1.0634  1.0634  1.05782  1.05782  1.05782  1.05782  1.05782  

1.04994  1.04994  1.04994  1.04726  1.04726  1.04726  1.04726  1.04358  1.04358  1.04358  1.04358  1.04024  1.04024  1.04024  1.04024  1.04024  1.04024  1.04024  1.04024  1.03956  1.03956  1.03956  1.03956  1.0427  1.0427  1.0427  1.0427  1.04874  1.04874  1.04874  1.04874  1.05626  1.05626  1.05626  1.05626  1.06746  1.06746  1.06746  1.06746  1.07807  1.07807  1.07807  1.07807  1.09786  1.09786  1.09786  1.09786  1.10124  1.10124  1.10124  1.10124  1.10382  1.10382  1.10382  1.10382  1.10658  1.10658  1.10658  1.10658  1.1077  1.16308  1.16308  1.16308  1.16437  1.16437  1.22258  1.22258  1.21563  1.21563  1.21563  1.21563  1.19778  1.19778  1.19778  1.14074  1.12638  1.12638  1.12638  1.12638  1.0705  1.0705  1.0705  1.0705  1.06934  1.06934  1.06934  1.06934  1.0634  1.0634  1.0634  1.0634  1.05782  1.05782  1.05782  1.05782  1.05782  

1.04994  1.04994  1.04994  1.04726  1.04726  1.04726  1.04726  1.04358  1.04358  1.04358  1.04358  1.04024  1.04024  1.04024  1.04024  1.04024  1.04024  1.04024  1.04024  1.03956  1.03956  1.03956  1.03956  1.0427  1.0427  1.0427  1.0427  1.04874  1.04874  1.04874  1.04874  1.05626  1.05626  1.05626  1.05626  1.06746  1.06746  1.06746  1.06746  1.07807  1.07807  1.07807  1.07807  1.09786  1.09786  1.09786  1.09786  1.10124  1.10124  1.10124  1.10124  1.10382  1.10382  1.10382  1.10382  1.10658  1.10658  1.10658  1.10658  1.1077  1.16308  1.16308  1.16308  1.16437  1.16437  1.22258  1.22258  1.21563  1.21563  1.21563  1.21563  1.19778  1.19778  1.19778  1.14074  1.12638  1.12638  1.12638  1.12638  1.0705  1.0705  1.0705  1.0705  1.06934  1.06934  1.06934  1.06934  1.0634  1.0634  1.0634  1.0634  1.05782  1.05782  1.05782  1.05782  1.05782  

1.04994  1.04994  1.04994  1.04726  1.04726  1.04726  1.04726  1.04358  1.04358  1.04358  1.04358  1.04024  1.04024  1.04024  1.04024  1.04024  1.04024  1.04024  1.04024  1.03956  1.03956  1.03956  1.03956  1.0427  1.0427  1.0427  1.0427  1.04874  1.04874  1.04874  1.04874  1.05626  1.05626  1.05626  1.05626  1.06746  1.06746  1.06746  1.06746  1.07807  1.07807  1.07807  1.07807  1.09786  1.09786  1.09786  1.09786  1.10124  1.10124  1.10124  1.10124  1.10382  1.10382  1.10382  1.10382  1.10658  1.10658  1.10658  1.10658  1.1077  1.16308  1.16308  1.16308  1.16437  1.16437  1.22258  1.22258  1.21563  1.21563  1.21563  1.21563  1.19778  1.19778  1.19778  1.14074  1.12638  1.12638  1.12638  1.12638  1.0705  1.0705  1.0705  1.0705  1.06934  1.06934  1.06934  1.06934  1.0634  1.0634  1.0634  1.0634  1.05782  1.05782  1.05782  1.05782  1.05782  

1.04994  1.04994  1.04994  1.04726  1.04726  1.04726  1.04726  1.04358  1.04358  1.04358  1.04358  1.04024  1.04024  1.04024  1.04024  1.04024  1.04024  1.04024  1.04024  1.03956  1.03956  1.03956  1.03956  1.0427  1.0427  1.0427  1.0427  1.04874  1.04874  1.04874  1.04874  1.05626  1.05626  1.05626  1.05626  1.06746  1.06746  1.06746  1.06746  1.07807  1.07807  1.07807  1.07807  1.09786  1.09786  1.09786  1.09786  1.10124  1.10124  1.10124  1.10124  1.10382  1.10382  1.10382  1.10382  1.10658  1.10658  1.10658  1.10658  1.1077  1.16308  1.16308  1.16308  1.16437  1.16437  1.22258  1.22258  1.21563  1.21563  1.21563  1.21563  1.19778  1.19778  1.19778  1.14074  1.12638  1.12638  1.12638  1.12638  1.0705  1.0705  1.0705  1.0705  1.06934  1.06934  1.06934  1.06934  1.0634  1.0634  1.0634  1.0634  1.05782  1.05782  1.05782  1.05782  1.05782  

1.04994  1.04994  1.04994  1.04726  1.04726  1.04726  1.04726  1.04358  1.04358  1.04358  1.04358  1.04024  1.04024  1.04024  1.04024  1.04024  1.04024  1.04024  1.04024  1.03956  1.03956  1.03956  1.03956  1.0427  1.0427  1.0427  1.0427  1.04874  1.04874  1.04874  1.04874  1.05626  1.05626  1.05626  1.05626  1.06746  1.06746  1.06746  1.06746  1.07807  1.07807  1.07807  1.07807  1.09786  1.09786  1.09786  1.09786  1.10124  1.10124  1.10124  1.10124  1.10382  1.10382  1.10382  1.10382  1.10658  1.10658  1.10658  1.10658  1.1077  1.16308  1.16308  1.16308  1.16437  1.16437  1.22258  1.22258  1.21563  1.21563  1.21563  1.21563  1.19778  1.19778  1.19778  1.14074  1.12638  1.12638  1.12638  1.12638  1.0705  1.0705  1.0705  1.0705  1.06934  1.06934  1.06934  1.06934  1.0634  1.0634  1.0634  1.0634  1.05782  1.05782  1.05782  1.05782  1.05782  

1.04994  1.04994  1.04994  1.04726  1.04726  1.04726  1.04726  1.04358  1.04358  1.04358  1.04358  1.04024  1.04024  1.04024  1.04024  1.04024  1.04024  1.04024  1.04024  1.03956  1.03956  1.03956  1.03956  1.0427  1.0427  1.0427  1.0427  1.04874  1.04874  1.04874  1.04874  1.05626  1.05626  1.05626  1.05626  1.06746  1.06746  1.06746  1.06746  1.07807  1.07807  1.07807  1.07807  1.09786  1.09786  1.09786  1.09786  1.10124  1.10124  1.10124  1.10124  1.10382  1.10382  1.10382  1.10382  1.10658  1.10658  1.10658  1.10658  1.1077  1.16308  1.16308  1.16308  1.16437  1.16437  1.22258  1.22258  1.21563  1.21563  1.21563  1.21563  1.19778  1.19778  1.19778  1.14074  1.12638  1.12638  1.12638  1.12638  1.0705  1.0705  1.0705  1.0705  1.06934  1.06934  1.06934  1.06934  1.0634  1.0634  1.0634  1.0634  1.05782  1.05782  1.05782  1.05782  1.05782  

1.04994  1.04994  1.04994  1.04726  1.04726  1.04726  1.04726  1.04358  1.04358  1.04358  1.04358  1.04024  1.04024  1.04024  1.04024  1.04024  1.04024  1.04024  1.04024  1.03956  1.03956  1.03956  1.03956  1.0427  1.0427  1.0427  1.0427  1.04874  1.04874  1.04874  1.04874  1.05626  1.05626  1.05626  1.05626  1.06746  1.06746  1.06746  1.06746  1.07807  1.07807  1.07807  1.07807  1.09786  1.09786  1.09786  1.09786  1.10124  1.10124  1.10124  1.10124  1.10382  1.10382  1.10382  1.10382  1.10658  1.10658  1.10658  1.10658  1.1077  1.16308  1.16308  1.16308  1.16437  1.16437  1.22258  1.22258  1.21563  1.21563  1.21563  1.21563  1.19778  1.19778  1.19778  1.14074  1.12638  1.12638  1.12638  1.12638  1.0705  1.0705  1.0705  1.0705  1.06934  1.06934  1.06934  1.06934  1.0634  1.0634  1.0634  1.0634  1.05782  1.05782  1.05782  1.05782  1.05782  

1.04994  1.04994  1.04994  1.04726  1.04726  1.04726  1.04726  1.04358  1.04358  1.04358  1.04358  1.04024  1.04024  1.04024  1.04024  1.04024  1.04024  1.04024  1.04024  1.03956  1.03956  1.03956  1.03956  1.0427  1.0427  1.0427  1.0427  1.04874  1.04874  1.04874  1.04874  1.05626  1.05626  1.05626  1.05626  1.06746  1.06746  1.06746  1.06746  1.07807  1.07807  1.07807  1.07807  1.09786  1.09786  1.09786  1.09786  1.20248  1.20248  1.20248  1.20248  1.20764  1.20764  1.20764  1.20764  1.21316  1.21316  1.21316  1.21316  1.2154  1.27617  1.27617  1.27617  1.27873  1.27873  1.34267  1.34267  1.32876  1.32876  1.32876  1.32876  1.29306  1.29306  1.29306  1.23148  1.20275  1.20275  1.20275  1.20275  1.141  1.0705  1.0705  1.0705  1.06934  1.06934  1.06934  1.06934  1.0634  1.0634  1.0634  1.0634  1.05782  1.05782  1.05782  1.05782  1.05782  

1.04994  1.04994  1.04994  1.04726  1.04726  1.04726  1.04726  1.04358  1.04358  1.04358  1.04358  1.04024  1.04024  1.04024  1.04024  1.04024  1.04024  1.04024  1.04024  1.03956  1.03956  1.03956  1.03956  1.0427  1.0427  1.0427  1.0427  1.04874  1.04874  1.04874  1.04874  1.05626  1.05626  1.05626  1.05626  1.06746  1.06746  1.06746  1.06746  1.07807  1.07807  1.07807  1.07807  1.09786  1.09786  1.09786  1.09786  1.20248  1.20248  1.20248  1.20248  1.20764  1.20764  1.20764  1.20764  1.21316  1.21316  1.21316  1.21316  1.2154  1.27617  1.27617  1.27617  1.27873  1.27873  1.34267  1.34267  1.32876  1.32876  1.32876  1.32876  1.29306  1.29306  1.29306  1.23148  1.20275  1.20275  1.20275  1.20275  1.141  1.0705  1.0705  1.0705  1.06934  1.06934  1.06934  1.06934  1.0634  1.0634  1.0634  1.0634  1.05782  1.05782  1.05782  1.05782  1.05782  

1.04994  1.04994  1.04994  1.04726  1.04726  1.04726  1.04726  1.04358  1.04358  1.04358  1.04358  1.04024  1.04024  1.04024  1.04024  1.04024  1.04024  1.04024  1.04024  1.03956  1.03956  1.03956  1.03956  1.0427  1.0427  1.0427  1.0427  1.04874  1.04874  1.04874  1.04874  1.05626  1.05626  1.05626  1.05626  1.06746  1.06746  1.06746  1.06746  1.07807  1.07807  1.07807  1.07807  1.09786  1.09786  1.09786  1.09786  1.10124  1.10124  1.10124  1.10124  1.10382  1.10382  1.10382  1.10382  1.10658  1.10658  1.10658  1.10658  1.1077  1.16308  1.16308  1.16308  1.16437  1.16437  1.22258  1.22258  1.21563  1.21563  1.21563  1.21563  1.19778  1.19778  1.19778  1.14074  1.12638  1.12638  1.12638  1.12638  1.0705  1.0705  1.0705  1.0705  1.06934  1.06934  1.06934  1.06934  1.0634  1.0634  1.0634  1.0634  1.05782  1.05782  1.05782  1.05782  1.05782  

1.04994  1.04994  1.04994  1.04726  1.04726  1.04726  1.04726  1.04358  1.04358  1.04358  1.04358  1.04024  1.04024  1.04024  1.04024  1.04024  1.04024  1.04024  1.04024  1.03956  1.03956  1.03956  1.03956  1.0427  1.0427  1.0427  1.0427  1.04874  1.04874  1.04874  1.04874  1.05626  1.05626  1.05626  1.05626  1.06746  1.06746  1.06746  1.06746  1.07807  1.07807  1.07807  1.07807  1.09786  1.09786  1.09786  1.09786  1.10124  1.10124  1.10124  1.10124  1.10382  1.10382  1.10382  1.10382  1.10658  1.10658  1.10658  1.10658  1.1077  1.16308  1.16308  1.16308  1.16437  1.16437  1.22258  1.22258  1.21563  1.21563  1.21563  1.21563  1.19778  1.19778  1.19778  1.14074  1.12638  1.12638  1.12638  1.12638  1.0705  1.0705  1.0705  1.0705  1.06934  1.06934  1.06934  1.06934  1.0634  1.0634  1.0634  1.0634  1.05782  1.05782  1.05782  1.05782  1.05782  

1.04994  1.04994  1.04994  1.04726  1.04726  1.04726  1.04726  1.04358  1.04358  1.04358  1.04358  1.04024  1.04024  1.04024  1.04024  1.04024  1.04024  1.04024  1.04024  1.03956  1.03956  1.03956  1.03956  1.0427  1.0427  1.0427  1.0427  1.04874  1.04874  1.04874  1.04874  1.05626  1.05626  1.05626  1.05626  1.06746  1.06746  1.06746  1.06746  1.07807  1.07807  1.07807  1.07807  1.09786  1.09786  1.09786  1.09786  1.10124  1.10124  1.10124  1.10124  1.10382  1.10382  1.10382  1.10382  1.10658  1.10658  1.10658  1.10658  1.1077  1.16308  1.16308  1.16308  1.16437  1.16437  1.22258  1.22258  1.21563  1.21563  1.21563  1.21563  1.19778  1.19778  1.19778  1.14074  1.12638  1.12638  1.12638  1.12638  1.0705  1.0705  1.0705  1.0705  1.06934  1.06934  1.06934  1.06934  1.0634  1.0634  1.0634  1.0634  1.05782  1.05782  1.05782  1.05782  1.05782  

1.04994  1.04994  1.04994  1.04726  1.04726  1.04726  1.04726  1.04358  1.04358  1.04358  1.04358  1.04024  1.04024  1.04024  1.04024  1.04024  1.04024  1.04024  1.04024  1.03956  1.03956  1.03956  1.03956  1.0427  1.0427  1.0427  1.0427  1.04874  1.04874  1.04874  1.04874  1.05626  1.05626  1.05626  1.05626  1.06746  1.06746  1.06746  1.06746  1.07807  1.07807  1.07807  1.07807  1.09786  1.09786  1.09786  1.09786  1.10124  1.10124  1.10124  1.10124  1.10382  1.10382  1.10382  1.10382  1.10658  1.10658  1.10658  1.10658  1.1077  1.16308  1.16308  1.16308  1.16437  1.16437  1.22258  1.22258  1.21563  1.21563  1.21563  1.21563  1.19778  1.19778  1.19778  1.14074  1.12638  1.12638  1.12638  1.12638  1.0705  1.0705  1.0705  1.0705  1.06934  1.06934  1.06934  1.06934  1.0634  1.0634  1.0634  1.0634  1.05782  1.05782  1.05782  1.05782  1.05782  

1.04994  1.04994  1.04994  1.04726  1.04726  1.04726  1.04726  1.04358  1.04358  1.04358  1.04358  1.04024  1.04024  1.04024  1.04024  1.04024  1.04024  1.04024  1.04024  1.03956  1.03956  1.03956  1.03956  1.0427  1.0427  1.0427  1.0427  1.04874  1.04874  1.04874  1.04874  1.05626  1.05626  1.05626  1.05626  1.06746  1.06746  1.06746  1.06746  1.07807  1.07807  1.07807  1.07807  1.09786  1.09786  1.09786  1.09786  1.10124  1.10124  1.10124  1.10124  1.10382  1.10382  1.10382  1.10382  1.10658  1.10658  1.10658  1.10658  1.1077  1.16308  1.16308  1.16308  1.16437  1.16437  1.22258  1.22258  1.21563  1.21563  1.21563  1.21563  1.19778  1.19778  1.19778  1.14074  1.12638  1.12638  1.12638  1.12638  1.0705  1.0705  1.0705  1.0705  1.06934  1.06934  1.06934  1.06934  1.0634  1.0634  1.0634  1.0634  1.05782  1.05782  1.05782  1.05782  1.05782  

1.04994  1.04994  1.04994  1.04726  1.04726  1.04726  1.04726  1.04358  1.04358  1.04358  1.04358  1.04024  1.04024  1.04024  1.04024  1.04024  1.04024  1.04024  1.04024  1.03956  1.03956  1.03956  1.03956  1.0427  1.0427  1.0427  1.0427  1.04874  1.04874  1.04874  1.04874  1.05626  1.05626  1.05626  1.05626  1.06746  1.06746  1.06746  1.06746  1.07807  1.07807  1.07807  1.07807  1.09786  1.09786  1.09786  1.09786  1.10124  1.10124  1.10124  1.10124  1.10382  1.10382  1.10382  1.10382  1.10658  1.10658  1.10658  1.10658  1.1077  1.16308  1.16308  1.16308  1.16437  1.16437  1.22258  1.22258  1.21563  1.21563  1.21563  1.21563  1.19778  1.19778  1.19778  1.14074  1.12638  1.12638  1.12638  1.12638  1.0705  1.0705  1.0705  1.0705  1.06934  1.06934  1.06934  1.06934  1.0634  1.0634  1.0634  1.0634  1.05782  1.05782  1.05782  1.05782  1.05782  

1.04994  1.04994  1.04994  1.04726  1.04726  1.04726  1.04726  1.04358  1.04358  1.04358  1.04358  1.04024  1.04024  1.04024  1.04024  1.04024  1.04024  1.04024  1.04024  1.03956  1.03956  1.03956  1.03956  1.0427  1.0427  1.0427  1.0427  1.04874  1.04874  1.04874  1.04874  1.05626  1.05626  1.05626  1.05626  1.06746  1.06746  1.06746  1.06746  1.07807  1.07807  1.07807  1.07807  1.09786  1.09786  1.09786  1.09786  1.10124  1.10124  1.10124  1.10124  1.10382  1.10382  1.10382  1.10382  1.10658  1.10658  1.10658  1.10658  1.1077  1.16308  1.16308  1.16308  1.16437  1.16437  1.22258  1.22258  1.21563  1.21563  1.21563  1.21563  1.19778  1.19778  1.19778  1.14074  1.12638  1.12638  1.12638  1.12638  1.0705  1.0705  1.0705  1.0705  1.06934  1.06934  1.06934  1.06934  1.0634  1.0634  1.0634  1.0634  1.05782  1.05782  1.05782  1.05782  1.05782  

